RUN          99
strong        0
hardpost_out   ".peu03"
lines_in       "/lin4129new"
abundances    1    5
        63   -0.60    -0.30    0.00    0.30    0.60
isotopes      4    5 
  63.1151     2.09   2.09   2.09   2.09   2.09
  63.1153     1.92   1.92   1.92   1.92   1.92
106.00112   1.0     1.0     1.0     1.0    1.0
106.00113  100.    100.    100.    100.   100.
synlimits      
  4127.2  4132.2    0.01    0.75
plotpars      1
  4127.2  4132.2    0.50    1.05
     0.0   0.000   0.000    1.00
   g        0.12     0.0     0.0     0.0     0.0
