RUN           99
strong         0
observed_in    ".5850txt"
hardpost_out   ".pba03"
lines_in       "/lin5853new"
abundances    1   5
   56    -0.6   -0.3    0.0    0.3    0.6
isotopes       5   5
56.1134   41.24   41.24   41.24   41.24   41.24
56.1135   15.19   15.19   15.19   15.19   15.19
56.1136   12.73   12.73   12.73   12.73   12.73
56.1137    8.92    8.92    8.92    8.92    8.92
56.1138    1.39    1.39    1.39    1.39    1.39
synlimits      
  5851.2  5856.2    0.01    0.75
plotpars      1
  5851.2  5856.2    0.00    1.05
  0.0      0.000   0.000    1.00
   g        0.12     0.0     0.0     0.0     0.0
