Er II    3896       linelist 
  3894.200      46.0     1.452    -0.530
  3894.214      22.1     4.906    -3.803
  3894.253      44.0     1.418    -1.650
  3894.273 106.00112     0.992    -7.420               3.470
  3894.288 106.00112     0.124    -5.703               3.470
  3894.292      58.1     0.536     -0.43                                BIEMONT
  3894.305 106.00112     0.992    -4.767               3.470
  3894.343 106.00112     0.521    -4.963               3.470
  3894.379 106.00112     0.521    -6.852               3.470
  3894.447 106.00112     0.521    -6.962               3.470
  3894.457      22.0     2.660    -3.349
  3894.478      26.0     3.209     -2.45                                    ADJ
  3894.484 106.00112     0.521    -4.920               3.470
  3894.526      66.0     1.488     0.266
  3894.530      26.0      3.50     -2.95                                   FAKE
  3894.554      24.0     4.613    -0.368
  3894.584      25.1     4.933    -5.111
  3894.589      23.0     3.087    -4.318
  3894.612      24.0     3.886    -3.266
  3894.623      60.1     0.000     -0.56                                 LAWLER
  3894.633      26.1     7.562    -1.825
  3894.667      22.0     2.248    -5.324
  3894.693      64.1     0.000     -0.58                                 LAWLER
  3894.698      41.0     0.049    -1.890
  3894.730      25.0     3.370     -2.60                                    ADJ
  3894.746      27.0     3.565    -0.992
  3894.793      26.0     4.280    -3.799
  3894.798      21.0     1.849    -5.184
  3894.818      20.0     5.724    -2.737
  3894.973      27.0     3.295    -5.466
  3894.977      21.0     2.301    -0.334
  3894.977      27.0     0.629    -1.400
  3895.024      26.0     4.100    -3.793
  3895.034      26.0     3.544    -5.047
  3895.073 106.00112     0.051    -1.385               3.470
  3895.100 106.00112     0.051    -3.664               3.470
  3895.113      58.1     0.417     -0.30                                BIEMONT
  3895.123      24.1     4.940    -3.097
  3895.126      23.0     1.954    -3.612
  3895.160 106.00112     0.409    -1.219               3.470
  3895.177      24.1     4.757    -3.155
  3895.180      76.0     1.886    -1.550
  3895.226      64.1     0.522     -1.07                                 LAWLER
  3895.232      26.0     3.651     -2.50                                    ADJ
  3895.238      22.0     2.039     +0.25                                    ADJ
  3895.255 106.00112     0.410    -7.661               3.470
  3895.270      92.1     0.548    -1.005
  3895.294      23.1     6.286    -4.737
  3895.325 106.00112     0.410    -1.190               3.470
  3895.338      23.0     2.038    -1.877
  3895.363 106.00112     1.067    -7.435               3.470
  3895.372      66.1     1.750    -0.012
  3895.375      60.1     1.410     0.120
  3895.396 106.00112     1.067    -4.732               3.470
  3895.417      62.1     0.659     -1.64                                 LAWLER
  3895.419      90.0     0.966     0.135
  3895.420 106.00112     1.067    -4.749               3.470
  3895.426      26.0     3.289    -1.677
  3895.431 106.00112     0.051    -3.667               3.470
  3895.449      58.1     0.960     -0.89                                BIEMONT
  3895.454 106.00112     1.067    -7.481               3.470
  3895.466 106.00112     0.557    -4.919               3.470
  3895.478 106.00112     0.051    -1.304               3.470
  3895.507 106.00112     0.557    -6.894               3.470
  3895.527      26.1     7.721    -4.559
  3895.572      12.0     7.170     +0.20                                    ADJ
  3895.601 106.00112     0.557    -6.994               3.470
  3895.627      24.1     7.937    -2.837
  3895.642 106.00112     0.557    -4.880               3.470
  3895.656      26.0     0.110     -1.85                                    ADJ
  3895.666      28.0     3.895    -2.382
  3895.673      20.0     5.449    -2.966
  3895.689      21.1     7.425    -2.956
  3895.689      23.1     1.702    -4.863
  3895.718      23.0     3.096    -1.939
  3895.787      64.1     1.232     -0.17                                 LAWLER
  3895.805      68.1     0.886     -0.91                                 LAWLER
  3895.838      58.1     0.459     -2.07                                BIEMONT
  3895.846 106.00112     0.909    -3.664               3.470
  3895.886      23.0     2.096    -2.122
  3895.903      41.0     1.169    -0.590
  3895.904 106.00112     0.909    -3.632               3.470
  3895.932 106.00112     0.909    -5.643               3.470
  3895.982      23.1     6.277    -3.821
  3896.008      24.0     3.085    -4.402
  3896.026 106.00112     0.950    -3.637               3.470
  3896.036      26.0     2.174     -4.90                                    ADJ
  3896.041      24.1     7.910    -2.825
  3896.054 106.00112     0.871    -3.693               3.470
  3896.059      23.0     2.262    -6.540
  3896.090      26.0     4.281     -1.90                                    ADJ
  3896.084 106.00112     0.950    -3.607               3.470
  3896.113      26.1     2.640     -4.40
  3896.106      75.0     2.537    -0.470
  3896.123 106.00112     0.950    -5.676               3.470
  3896.127      60.1     0.380     -0.85                                 LAWLER
  3896.143      23.1     1.399     -1.70                                    ADJ
  3896.146      23.0     1.080     -0.99                                    ADJ
  3896.150      21.1     7.434    -3.202
  3896.150      28.0     3.541    -4.289
  3896.161 106.00112     0.871    -3.658               3.470
  3896.178 106.00112     0.871    -5.607               3.470
  3896.195      26.0      3.50     -3.10                                   FAKE
  3896.202 106.00112     0.557    -4.919               3.470
  3896.234      68.1     0.055     -0.12                                 LAWLER
  3896.243 106.00112     0.557    -6.894               3.470
  3896.255      25.0     3.761    -5.677
  3896.281      25.0     4.675    -1.585
  3896.283 106.00112     0.557    -6.994               3.470
  3896.285      26.0      3.50     -3.80                                   FAKE
  3896.292      25.0     4.662    -1.845
  3896.292      25.0     4.662    -1.933
  3896.324 106.00112     0.557    -4.880               3.470
  3896.342      26.0     3.684     -2.40                                    ADJ
  3896.385      42.0     2.513    -1.815
  3896.388      22.0     1.738    -4.554
  3896.390 106.00112     0.051    -8.199               3.470
   3896.41      64.1     0.662     -1.63                                 LAWLER
  3896.458      26.0     3.981     -1.45                                    ADJ
  3896.472      24.0     2.542    -4.886
  3896.520 106.00112     0.008    -1.989               3.470
  3896.535      40.0     0.071     +0.10                                    ADJ
  3896.544 106.00112     0.008    -3.888               3.470
  3896.576 106.00112     0.051    -8.199               3.470
  3896.593      42.0     2.834    -1.669
  3896.599      28.0     4.085    -2.833
  3896.602      26.0     3.651     -2.50                                    ADJ
  3896.609      27.0     2.079    -3.683
  3896.617      69.0     0.000    -1.300
  3896.633      58.1     0.327     -1.18                                BIEMONT
  3896.637      24.0     3.435    -1.963
  3896.646 106.00112     0.993    -3.583               3.470
  3896.655 106.00112     0.910    -3.664               3.470
  3896.660      24.0     3.887    -1.854
  3896.674 106.00112     0.836    -3.724               3.470
  3896.689 106.00112     0.910    -3.632               3.470
  3896.696 106.00112     0.993    -5.706               3.470
  3896.702 106.00112     0.993    -3.611               3.470
  3896.718 106.00112     0.910    -5.643               3.470
  3896.725      25.0     4.191    -2.075
  3896.726      25.0     4.357    -2.408
  3896.745      26.1     6.514    -4.770
  3896.751 106.00112     0.872    -3.693               3.470
  3896.763      28.0     3.793     -1.40                                    ADJ
  3896.775      92.1     0.568    -0.596
  3896.782      23.0     1.891    -0.010
  3896.802      58.1     0.559     -0.32                                BIEMONT
  3896.805 106.00112     0.837    -3.687               3.470
  3896.809 106.00112     0.837    -5.567               3.470
  3896.811      58.1     0.932     -0.98                                BIEMONT
  3896.837 106.00112     0.872    -3.658               3.470
  3896.839      24.0     4.385    -3.421
  3896.850      42.0     2.621    -1.342
  3896.854 106.00112     0.872    -5.607               3.470
  3896.896      22.0     2.248    -5.250
  3896.928      25.0     3.761    -4.051
  3896.962 106.00112     0.951    -3.607               3.470
  3896.967      62.1     0.040     -0.67                                 LAWLER
  3896.998 106.00112     0.951    -3.637               3.470
  3897.000      24.0     2.542    -5.891
  3897.001 106.00112     0.951    -5.676               3.470
  3897.045      22.1     4.861    -3.667
  3897.055      22.0     2.266    -5.278
  3897.070      26.0     3.544     -3.40                                    ADJ
  3897.077      23.0     2.262    -1.718
  3897.094      58.1     0.708     -0.93                                BIEMONT
  3897.166      27.0     3.629     -0.55                                    ADJ
  3897.240      44.0     1.130    -1.260
  3897.249      59.1     1.038    -0.024
  3897.258      92.0     0.870     0.181
  3897.259 106.00112     0.837    -3.724               3.470
  3897.259      62.1     0.659     -1.34                                 LAWLER
  3897.307      22.0     1.995     -0.90                                    ADJ
  3897.324      64.0     0.896    -0.323
  3897.347      22.0     2.493    -2.639
  3897.358 106.00112     0.837    -3.687               3.470
  3897.362 106.00112     0.837    -5.567               3.470
  3897.414      24.0     2.543    -3.355
  3897.423      58.1     1.273     -1.02                                BIEMONT
  3897.431 106.00112     0.596    -4.879               3.470
  3897.449 106.00112     0.596    -6.932               3.470
  3897.449      26.0     2.947    -1.250
  3897.480 106.00112     0.009    -1.835               3.470
  3897.493      25.0     3.132    -4.294
  3897.501      42.0     3.300    -1.055
  3897.534 106.00112     0.596    -7.024               3.470
  3897.534      27.0     3.710     -4.50                                    ADJ
  3897.552 106.00112     0.596    -4.844               3.470
  3897.575      22.0     2.015     -1.30                                    ADJ
  3897.632      60.1     0.204    -0.580
  3897.635      40.0     1.821    -0.100
  3897.647      25.1     5.376     -1.00                                    ADJ
  3897.659 106.00112     0.805    -3.758               3.470
  3897.675      24.0     3.426    -2.313
  3897.682      23.0     2.255    -0.254
  3897.748 106.00112     0.994    -3.583               3.470
  3897.774      26.0      3.50     -2.40                                   FAKE
  3897.790 106.00112     0.994    -3.611               3.470
  3897.794      22.0     2.238    -3.403
  3897.797 106.00112     0.994    -5.706               3.470
  3897.826 106.00112     0.805    -5.523               3.470
  3897.834 106.00112     0.805    -3.717               3.470
  3897.849      23.1     1.127    -4.511
  3897.850 106.00112     1.040    -3.587               3.470
  3897.866      79.0     5.224    -0.290
  3897.868 106.00112     1.040    -3.561               3.470
  3897.890      26.0     2.690     -0.85                                    ADJ
  3897.902      28.0     4.086    -3.111
  3897.927 106.00112     1.040    -5.733               3.470
  3897.977      26.0     3.692    -3.652
  3897.978      23.0     2.314     0.470
  3897.980 106.00112     0.357    -6.640               3.470
  3898.009      26.0     1.010     -2.15                                    ADJ
  3898.045      24.0     3.553    -4.263
  3898.056      25.1     5.563    -1.496
  3898.059      12.0     7.170    -0.221
  3898.075 106.00112     0.072    -1.304               3.470
  3898.081 106.00112     0.357    -6.640               3.470
  3898.095 106.00112     0.072    -3.740               3.470
  3898.128      26.0     3.684    -5.081
  3898.132      23.0     1.349    -1.032
  3898.136 106.00112     0.805    -3.758               3.470
  3898.156      25.0     4.350    -3.343
  3898.222      26.0     4.470    -3.714
  3898.243      26.0     4.227    -3.656
  3898.263      58.1     0.470     -0.32                                BIEMONT
  3898.263      58.1     0.470    -0.306
