Er II    3830        line list 
  3828.435      42.0     3.154    -1.418
  3828.478      45.0     1.142    -0.090
  3828.500 607.01214     0.864    -0.365               7.650
  3828.501 607.01214     1.062    -0.529               7.650
  3828.504      26.0     2.756    -2.196
  3828.508 607.01214     2.729    -0.350               7.650
  3828.535 607.01214     1.062    -0.553               7.650
  3828.551 607.01214     1.516    -0.696               7.650
  3828.552 607.01214     0.864    -0.383               7.650
  3828.552 607.01214     1.062    -3.351               7.650
  3828.556      23.0     0.017    -0.329
  3828.556 607.01214     2.263     0.383               7.650
  3828.575 607.01214     0.864    -3.398               7.650
  3828.586      20.0     2.707    -8.516
  3828.588 607.01214     1.516    -0.725               7.650
  3828.596      58.1     0.721     -0.77                                BIEMONT
  3828.602 607.01214     1.516    -3.363               7.650
  3828.628 607.01214     2.729    -0.361               7.650
  3828.644      26.0     4.214     -2.50                                    ADJ
  3828.652      22.0     1.967    -2.061
  3828.662      28.0     3.737    -2.923
  3828.683      20.0     2.707    -6.651
  3828.693 607.01214     1.286    -0.628               7.650
  3828.719      44.0     1.087    -1.270
  3828.766      24.0     3.446    -3.500
  3828.767 607.01214     2.269    -3.830               7.650
  3828.802 607.01214     2.269    -0.342               7.650
  3828.815      23.1     5.875    -2.996
  3828.815 607.01214     1.286    -0.656               7.650
  3828.830      23.0     1.375    -1.241
  3828.830 607.01214     1.286    -3.350               7.650
  3828.836       6.0     7.679    -3.240
  3828.847 607.01214     1.862    -3.882               7.650
  3828.876      42.0     1.469    -0.684
  3828.905 607.01214     2.067    -3.886               7.650
  3828.905 607.01214     2.269    -0.353               7.650
  3828.918 607.01214     1.862     0.113               7.650
  3828.925      25.0     3.370    -3.962
  3828.928      73.0     1.324    -1.150
  3828.988 607.01214     1.732    -3.819               7.650
  3828.990      24.0     3.875    -2.732
  3828.990 607.01214     2.067     0.256               7.650
  3829.020 607.01214     1.730    -0.036               7.650
  3829.020      92.1     0.113    -1.323
  3829.021 607.01214     1.730    -3.852               7.650
  3829.033 607.01214     1.733    -0.169               7.650
  3829.044 607.01214     1.862     0.106               7.650
  3829.055      22.0     1.995    -2.157
  3829.073 607.01214     2.285    -3.802               7.650
  3829.115      26.0     4.100    -2.274
  3829.126 607.01214     2.067     0.250               7.650
  3829.126      74.0     0.207    -2.330
  3829.134 607.01214     1.732    -0.178               7.650
  3829.142      26.0     3.692     -1.70                                    ADJ
  3829.148      60.1     0.742     -0.41                                 LAWLER
  3829.150 607.01214     0.689    -0.196               7.650
  3829.179 607.01214     2.286     0.501               7.650
  3829.190 607.01214     1.730    -0.043               7.650
  3829.192 607.01214     2.042    -3.809               7.650
  3829.200 607.01214     0.689    -0.211               7.650
  3829.223      25.1     6.666    -4.027
  3829.229 607.01214     0.689    -3.429               7.650
  3829.229 607.01214     2.042    -0.320               7.650
  3829.288 607.01214     1.054    -0.553               7.650
  3829.309 607.01214     2.285     0.497               7.650
  3829.311 607.01214     1.848    -3.800               7.650
  3829.324 607.01214     1.054    -0.578               7.650
  3829.325 607.01214     2.042    -0.331               7.650
  3829.336 607.01214     1.770    -0.650               7.650
  3829.340 607.01214     1.054    -3.327               7.650
  3829.350 607.01214     1.848    -0.268               7.650
  3829.363      26.0     3.692     -2.35                                    ADJ
  3829.370      92.1     0.568    -0.975
  3829.383      26.1     7.488    -4.538
  3829.383 607.01214     1.770    -0.674               7.650
  3829.391 607.01214     0.561    -0.014               7.650
  3829.393 607.01214     1.279    -0.656               7.650
  3829.399 607.01214     1.770    -3.473               7.650
  3829.400 607.01214     0.854    -0.383               7.650
  3829.415      90.1     2.121     0.088
  3829.445 607.01214     0.561    -0.025               7.650
  3829.445 607.01214     1.848    -0.278               7.650
  3829.452      26.0     3.271     -1.50                                    ADJ
  3829.458 607.01214     0.854    -0.403               7.650
  3829.460      64.1     1.275    -0.168
  3829.480 607.01214     0.854    -3.379               7.650
  3829.483 607.01214     0.561    -3.457               7.650
  3829.501      24.0     3.847    -0.725
  3829.522      23.1     1.070    -2.805
  3829.536 607.01214     1.279    -0.685               7.650
  3829.550 607.01214     1.279    -3.322               7.650
  3829.563 607.01214     2.222    -3.857               7.650
  3829.579      26.0     2.431    -3.518
  3829.580      27.0     3.295    -5.166
  3829.588 607.01214     0.461     0.157               7.650
  3829.647 607.01214     0.461     0.147               7.650
  3829.659      23.1     1.095    -2.586
  3829.659 607.01214     2.222     0.383               7.650
  3829.662      26.0     3.926    -2.012
  3829.685      72.0     2.077    -0.030
  3829.686 607.01214     1.509    -0.725               7.650
  3829.692      58.1     0.175    -1.051
  3829.680      26.0     3.036    -2.440
  3829.694 607.01214     0.461    -3.455               7.650
  3829.695      24.0     3.844    -0.380
  3829.704      25.1     6.828    -7.085
  3829.718      25.0     2.177     -2.00                                    ADJ
  3829.721      22.0     1.442    -1.348
  3829.721 607.01214     1.509    -0.756               7.650
  3829.734 607.01214     1.509    -3.332               7.650
  3829.764      26.0     2.557     -2.40                                    ADJ
  3829.779      20.0     5.014    -3.073
  3829.785      42.0     2.595    -1.017
  3829.794      92.0     0.000    -0.846
  3829.796 607.01214     2.222     0.379               7.650
  3829.807      25.1     6.908    -2.781
  3829.825 607.01214     1.831    -3.875               7.650
  3829.837      24.0     4.452    -1.263
  3829.895 607.01214     1.831     0.106               7.650
  3829.899      26.1     7.488    -3.345
  3829.908      42.0     2.521    -1.330
  3829.913 607.01214     2.492    -3.844               7.650
  3829.930 607.01214     1.712    -3.809               7.650
  3829.939 607.01214     1.705    -3.845               7.650
  3829.943      58.1     0.536     -0.92                                BIEMONT
  3829.948      24.0     3.875    -3.644
  3829.948 607.01214     2.492    -0.355               7.650
  3829.970      27.0     3.574    -3.237
  3829.974      25.0     3.073    -1.881
  3829.975 607.01214     1.712    -0.178               7.650
  3829.985 607.01214     2.031    -3.881               7.650
  3829.999 607.01214     1.705    -0.043               7.650
  3830.001      41.0     1.079    -1.360
  3830.006      26.1     7.489    -3.640
  3830.010      72.0     1.746    -0.050
  3830.016      24.0     3.447     -1.00                                    ADJ
  3830.020 607.01214     1.831     0.100               7.650
  3830.023      58.1     0.792     -1.00                                BIEMONT
  3830.052      42.0     2.521    -0.945
  3830.055      27.0     3.772    -3.392
  3830.058 607.01214     2.492    -0.366               7.650
  3830.060      90.0     1.290    -0.303
  3830.061 607.01214     1.273    -0.685               7.650
  3830.065 607.01214     1.047    -0.578               7.650
  3830.068 607.01214     2.031     0.250               7.650
  3830.071      26.0     3.544     -2.00                                    ADJ
  3830.073 607.01214     1.712    -0.188               7.650
  3830.098 607.01214     1.047    -0.606               7.650
  3830.105 607.01214     1.705    -0.051               7.650
  3830.107 607.01214     2.811    -0.446               7.650
  3830.113 607.01214     1.047    -3.300               7.650
  3830.178 607.01214     2.033    -0.586               7.650
  3830.196      24.0     3.432    -2.700
  3830.203 607.01214     2.031     0.245               7.650
  3830.212 607.01214     2.811    -0.460               7.650
  3830.213      42.0     2.596    -2.071
  3830.239 607.01214     2.811    -3.764               7.650
  3830.240 607.01214     2.033    -0.606               7.650
  3830.241      22.0     2.015    -1.827
  3830.246 607.01214     1.273    -0.716               7.650
  3830.259 607.01214     1.273    -3.292               7.650
  3830.259 607.01214     2.033    -3.581               7.650
  3830.263      23.0     2.573    -0.025
  3830.291 607.01214     0.676    -0.211               7.650
  3830.302      62.1     0.104     -1.30                                    ADJ
  3830.339 607.01214     0.676    -0.227               7.650
  3830.370      28.0     3.737     -1.35                                    ADJ
  3830.381 607.01214     2.946    -0.351               7.650
  3830.400      24.0     3.548    -1.785
  3830.450      23.1     5.791    -3.960
  3830.479      60.1     1.944     -5.00                                    ADJ
  3830.479      68.1     0.000     -0.22                                 LAWLER
  3830.488      25.1     6.172    -5.444
  3830.508 607.01214     2.946    -0.362               7.650
  3830.514      23.0     2.676    -0.395
  3830.522      26.1     7.489    -4.079
  3830.525      22.0     1.878    -1.961
  3830.532 607.01214     1.830    -0.289               7.650
  3830.554      58.1     0.956     -1.05                                BIEMONT
  3830.595 607.01214     2.299    -0.528               7.650
  3830.610      26.0      3.50     -2.40                                   FAKE
  3830.612 607.01214     0.544    -0.025               7.650
  3830.623      22.0     2.152    -2.391
  3830.625 607.01214     2.242     0.497               7.650
  3830.632      23.1     5.845    -3.647
  3830.635 607.01214     2.025    -3.797               7.650
  3830.650 607.01214     1.267    -0.716               7.650
  3830.660      23.0     2.364    -2.264
  3830.666 607.01214     0.544    -0.037               7.650
  3830.671 607.01214     2.025    -0.331               7.650
  3830.672 607.01214     2.299    -0.545               7.650
  3830.695 607.01214     2.299    -3.667               7.650
  3830.703 607.01214     0.544    -3.445               7.650
  3830.754 607.01214     2.242     0.493               7.650
  3830.758      26.0     2.607     -1.65                                    ADJ
  3830.765 607.01214     2.025    -0.343               7.650
  3830.774      90.0     0.000    -1.279
  3830.779 607.01214     2.252    -3.819               7.650
  3830.782 607.01214     1.504    -0.756               7.650
  3830.786 607.01214     1.801    -3.869               7.650
  3830.790 607.01214     1.762    -0.674               7.650
  3830.790 607.01214     2.181    -3.852               7.650
  3830.814      42.0     3.196    -0.696
  3830.814 607.01214     2.252    -0.353               7.650
  3728.869      22.0     2.266    -3.482
  3830.815 607.01214     1.504    -0.790               7.650
  3830.827 607.01214     1.504    -3.300               7.650
  3830.828 607.01214     1.040    -0.606               7.650
  3830.835 607.01214     1.680    -3.837               7.650
  3830.835 607.01214     1.762    -0.699               7.650
  3830.843 607.01214     1.692    -3.800               7.650
  3830.850 607.01214     1.762    -3.448               7.650
  3830.854 607.01214     1.801     0.100               7.650
  3830.859 607.01214     1.040    -0.635               7.650
  3830.862      26.0     2.690     -2.00                                    ADJ
  3830.873 607.01214     1.040    -3.272               7.650
  3830.886 607.01214     2.181     0.379               7.650
  3830.887 607.01214     1.692    -0.188               7.650
  3830.894 607.01214     1.680    -0.051               7.650
  3830.911      58.1     0.326     -1.20                                    ADJ
  3830.915 607.01214     2.252    -0.364               7.650
  3830.935      28.0     3.652    -4.286
  3830.945 607.01214     1.267    -0.749               7.650
  3830.957 607.01214     1.267    -3.260               7.650
  3830.977 607.01214     1.801     0.094               7.650
  3830.983 607.01214     1.692    -0.197               7.650
  3830.985      64.1     1.674     0.119
  3830.998 607.01214     1.680    -0.059               7.650
  3831.003      22.1     5.008    -3.214
  3831.013 607.01214     0.440     0.147               7.650
  3831.012      27.1     5.462    -5.502
  3831.018      23.1     1.127     -3.00                                    ADJ
  3831.021 607.01214     2.181     0.374               7.650
  3831.028      24.0     1.003     -2.60                                    ADJ
  3831.049 607.01214     1.995    -3.876               7.650
  3831.061 607.01214     0.440     0.138               7.650
  3831.070      42.0     3.393    -0.625
  3831.075      66.1     1.787    -0.172
  3831.079      58.1     0.477     -0.14                                BIEMONT
  3831.107 607.01214     0.440    -3.445               7.650
  3831.125 607.01214     4.540    -1.879               7.650
  3831.131 607.01214     1.995     0.245               7.650
  3831.160      23.1     5.829    -4.655
  3831.174      26.0     3.015    -6.244
  3831.174 607.01214     0.836    -0.424               7.650
  3831.185      21.1     7.375    -1.914
  3831.221 607.01214     0.836    -0.446               7.650
  3831.241 607.01214     0.836    -3.337               7.650
  3831.265      26.0     4.227     -4.00                                    ADJ
  3831.265 607.01214     1.995     0.240               7.650
  3831.430      25.1     5.468    -2.759
  3831.454 607.01214     1.812    -3.778               7.650
  3831.458      23.0     2.113    -3.549
  3831.460      92.1     0.578     0.056
  3831.472      42.0     2.678    -1.870
  3831.486 607.01214     0.664    -3.398               7.650
  3831.491 607.01214     1.812    -0.289               7.650
  3831.495      24.0     4.446    -2.015
  3831.497      23.0     2.372    -0.832
  3831.505      62.1     0.434     -0.43                                 LAWLER
  3831.523      24.0     2.985    -5.429
  3831.542      58.1     0.587     -1.60                                BIEMONT
  3831.561      24.0     3.842    -2.215
  3831.577 607.01214     1.034    -0.635               7.650
  3831.581 607.01214     1.812    -0.300               7.650
  3831.586      28.0     3.793    -2.811
  3831.605 607.01214     1.034    -0.666               7.650
  3831.619 607.01214     1.034    -3.242               7.650
  3831.632 607.01214     1.262    -0.786               7.650
  3831.639      25.1     5.105    -6.450
  3831.642      66.1     1.528    -0.083
  3831.643 607.01214     1.262    -3.225               7.650
  3831.663      58.1     0.459     -1.04                                BIEMONT
  3831.665      21.0     2.292    -3.502
  3831.667      24.0     2.985    -3.045
  3831.681      12.0     4.343     -1.70                                    ADJ
  3831.679      22.0     1.429    -5.868
  3831.683      22.0     2.091    -3.405
  3831.690      28.0     0.422     -2.50                                    ADJ
  3831.707 607.01214     1.656    -3.829               7.650
  3831.715      27.0     2.278    -2.682
  3831.726 607.01214     1.672    -3.790               7.650
  3831.727 607.01214     1.771    -3.863               7.650
  3831.736      90.1     1.794     0.019
  3831.757      22.0     2.343    -3.093
  3831.762      42.0     2.068    -1.866
  3831.765 607.01214     1.656    -0.059               7.650
  3831.769 607.01214     1.672    -0.197               7.650
  3831.782      58.1     0.322     -0.98                                BIEMONT
  3831.793      44.0     1.512    -0.130
  3831.795 607.01214     1.771     0.094               7.650
  3831.810      64.1     0.032    -1.192
  3831.816      28.0     3.541    -2.075
  3831.817      23.0     1.954    -0.557
  3831.819 607.01214     0.528    -0.037               7.650
  3831.834      25.0     3.370    -4.802
  3831.836      41.1     1.696    -0.470
  3831.839 607.01214     1.498    -0.790               7.650
  3831.851      92.0     0.530    -0.023
  3831.863 607.01214     1.672    -0.207               7.650
  3831.867 607.01214     1.656    -0.067               7.650
  3831.869 607.01214     1.498    -0.826               7.650
  3831.880 607.01214     1.498    -3.265               7.650
  3831.916 607.01214     1.771     0.087               7.650
  3831.923      58.1     0.327     -1.40                                BIEMONT
  3831.928      58.1     0.634     -0.83                                BIEMONT
  3831.949 607.01214     2.198    -3.793               7.650
  3831.965      20.0     5.724    -5.104
  3831.969 607.01214     0.528    -0.050               7.650
  3832.001 607.01214     2.141    -3.848               7.650
  3832.005 607.01214     0.528    -3.433               7.650
  3832.005 607.01214     2.555    -0.488               7.650
  3832.029 607.01214     2.009    -3.786               7.650
  3832.034 607.01214     0.827    -0.446               7.650
  3832.044      22.0     2.248    -1.116
  3832.052 607.01214     2.199     0.493               7.650
  3832.064 607.01214     2.009    -0.343               7.650
  3832.077      26.0     4.206    -3.814
  3832.078 607.01214     0.827    -0.469               7.650
  3832.096 607.01214     0.827    -3.315               7.650
  3832.096 607.01214     2.141     0.374               7.650
  3832.096 607.01214     2.555    -0.503               7.650
  3832.097 607.01214     1.960    -3.870               7.650
  3832.101      22.0     2.266    -3.364
  3832.104 607.01214     1.262    -0.749               7.650
  3832.107      42.0     3.221    -0.218
  3832.121 607.01214     2.555    -3.721               7.650
  3832.155 607.01214     2.009    -0.354               7.650
  3832.161 607.01214     2.024    -0.606               7.650
  3832.172      58.1     1.087     -0.83                                BIEMONT
  3832.179 607.01214     1.960     0.240               7.650
  3832.180 607.01214     2.198     0.488               7.650
  3832.194 607.01214     1.755    -0.699               7.650
  3832.220 607.01214     2.024    -0.627               7.650
  3832.221      58.1     0.700     -0.65                                BIEMONT
  3832.222      23.0     1.941    -3.680
  3832.230 607.01214     2.141     0.369               7.650
  3832.237 607.01214     1.755    -0.727               7.650
  3832.239 607.01214     2.024    -3.561               7.650
  3832.251 607.01214     1.755    -3.421               7.650
  3832.255 607.01214     2.712    -3.850               7.650
  3832.272      26.0     4.100    -1.459
  3832.284      46.0     1.251    -0.720
  3832.289 607.01214     2.712    -0.361               7.650
  3832.310 607.01214     1.257    -0.825               7.650
  3832.310 607.01214     1.960     0.234               7.650
  3832.315 607.01214     1.028    -0.666               7.650
  3832.317      24.0     0.968    -2.801
  3832.320 607.01214     1.257    -3.187               7.650
  3832.326      23.1     4.772    -1.690
  3832.331      24.1     4.753    -2.902
  3832.335      27.1     5.171    -4.429
  3832.338 607.01214     1.028    -0.699               7.650
  3832.351 607.01214     1.028    -3.210               7.650
  3832.402 607.01214     0.421     0.138               7.650
  3832.404      24.0     2.913    -3.716
  3832.406 607.01214     2.712    -0.372               7.650
  3832.459 607.01214     0.421     0.127               7.650
  3832.465 607.01214     1.257    -0.786               7.650
  3832.468 607.01214     1.795    -3.767               7.650
  3832.514      26.0     4.188    -1.947
