Tm II    3996.5      line list
  3993.045      42.0     3.300     -1.03                                        
  3993.085   27.0059     2.278     -3.08                                 KURHFS 
  3993.085   27.0059     2.278     -3.08                                 KURHFS 
  3993.085   27.0059     2.278     -3.38                                 KURHFS 
  3993.090   27.0059     2.278     -2.92                                 KURHFS 
  3993.090   27.0059     2.278     -2.94                                 KURHFS 
  3993.090   27.0059     2.278     -3.26                                 KURHFS 
  3993.097      26.0     4.100     -1.46                                        
  3993.097   27.0059     2.278     -2.66                                 KURHFS 
  3993.097   27.0059     2.278     -2.91                                 KURHFS 
  3993.097   27.0059     2.278     -3.51                                 KURHFS 
  3993.106   27.0059     2.135     -6.85                                 KURHFS 
  3993.106   27.0059     2.278     -2.44                                 KURHFS 
  3993.106   27.0059     2.278     -3.07                                 KURHFS 
  3993.106   27.0059     2.278     -3.94                                 KURHFS 
  3993.110   27.0059     2.135     -6.58                                 KURHFS 
  3993.110   27.0059     2.135     -6.78                                 KURHFS 
  3993.119   27.0059     2.135     -6.38                                 KURHFS 
  3993.119   27.0059     2.135     -6.58                                 KURHFS 
  3993.119   27.0059     2.135     -7.48                                 KURHFS 
  3993.133   27.0059     2.135     -6.21                                 KURHFS 
  3993.133   27.0059     2.135     -6.48                                 KURHFS 
  3993.133   27.0059     2.135     -7.32                                 KURHFS 
  3993.138      27.0     3.250     -4.39                               KURNOHFS 
  3993.151   27.0059     2.135     -6.06                                 KURHFS 
  3993.151   27.0059     2.135     -6.43                                 KURHFS 
  3993.151   27.0059     2.135     -7.32                                 KURHFS 
  3993.160      59.1     0.371     -1.17                                LINOHFS 
  3993.173   27.0059     2.135     -5.93                                 KURHFS 
  3993.173   27.0059     2.135     -6.44                                 KURHFS 
  3993.173   27.0059     2.135     -7.42                                 KURHFS 
  3993.200   27.0059     2.135     -5.82                                 KURHFS 
  3993.200   27.0059     2.135     -6.51                                 KURHFS 
  3993.200   27.0059     2.135     -7.62                                 KURHFS 
  3993.210      64.1     0.078     -1.41                                 LAWLER 
  3993.231   27.0059     2.135     -5.71                                 KURHFS 
  3993.231   27.0059     2.135     -6.72                                 KURHFS 
  3993.231   27.0059     2.135     -8.02                                 KURHFS 
  3993.238      26.0     4.281     -1.96                                        
  3993.252      26.0     4.291     -1.70                                        
  3993.310      62.1     0.040     -0.93                                 LAWLER 
  3993.336   23.0051     0.267     -9.47                                 KURHFS 
  3993.336   23.0051     0.267     -9.47                                 KURHFS 
  3993.336   23.0051     0.267     -9.77                                 KURHFS 
  3993.342   23.0051     0.267     -9.31                                 KURHFS 
  3993.342   23.0051     0.267     -9.33                                 KURHFS 
  3993.342   23.0051     0.267     -9.65                                 KURHFS 
  3993.351   23.0051     0.267     -9.05                                 KURHFS 
  3993.351   23.0051     0.267     -9.30                                 KURHFS 
  3993.351   23.0051     0.267     -9.90                                 KURHFS 
  3993.362   23.0051     0.267    -10.32                                 KURHFS 
  3993.362   23.0051     0.267     -8.83                                 KURHFS 
  3993.362   23.0051     0.267     -9.46                                 KURHFS 
  3993.365      24.0     4.102     -2.65                                        
  3993.397      56.0     1.189      0.08                                        
  3993.429      26.0     3.926     -4.14                                        
  3993.529      23.0     2.372     -4.42                               KURNOHFS 
  3993.531      44.0     1.122     -1.73                                        
  3993.565      24.0     3.119     -3.33                                        
  3993.567      66.0     1.055      0.12                                        
  3993.583      27.0     2.872     -2.36                               KURNOHFS 
  3993.589      26.0     4.227     -2.46                                        
  3993.606      20.0     5.802     -3.40                                        
  3993.616      26.0     4.206     -0.47                                        
  3993.637      20.0     4.621     -4.12                                        
  3993.669      25.0     4.191     -2.28                                        
  3993.695      29.0     5.677     -2.46                                        
  3993.724      23.0     2.553     -6.36                               KURNOHFS 
  3993.732      26.0     3.571     -2.46                                        
  3993.785      24.0     4.444     -3.48                                        
  3993.789      22.0     2.115     -1.86                                        
  3993.819      58.1     0.909      0.29                                 LAWLER 
  3993.839      25.0     3.769     -1.68                               KURNOHFS 
  3993.904      23.1     3.756     -3.29                                        
  3993.915      74.0     2.855     -0.19                                        
  3993.927      28.0     3.676     -0.37                                        
  3993.932      42.0     2.913     -1.28                                        
  3993.960      24.0     2.707     -0.88                                        
  3994.005      26.0     3.263     -1.79                                        
  3994.010      26.0     3.265     -3.20                                        
  3994.030      60.1     0.182     -1.48                                 LAWLER 
  3994.108      27.1     2.727     -5.29                                        
  3994.113      26.0     3.045     -1.47                                        
  3994.131      26.0     4.188     -3.53                                        
  3994.157      28.0     4.150     -3.37                                        
  3994.160      64.1     0.522     -0.73                                 LAWLER 
  3994.239      27.0     3.407     -4.30                               KURNOHFS 
  3994.247      24.1     6.280     -2.00                                        
  3994.264      26.0     2.873     -5.16                                        
  3994.291      92.1     0.036     -1.78                                        
  3994.318      24.0     3.008     -2.95                                        
  3994.413      41.0     1.393     -1.19                                        
  3994.456      22.0     2.486     -2.51                                        
  3994.517      20.0     5.927     -1.72                                        
  3994.531      66.0     0.512     -0.72                                        
  3994.534   27.0059     0.629     -3.49                                 KURHFS 
  3994.534   27.0059     0.629     -3.74                                 KURHFS 
  3994.534   27.0059     0.629     -3.75                                 KURHFS 
  3994.534   27.0059     0.629     -3.78                                 KURHFS 
  3994.534   27.0059     0.629     -3.91                                 KURHFS 
  3994.534   27.0059     0.629     -3.91                                 KURHFS 
  3994.534   27.0059     0.629     -4.09                                 KURHFS 
  3994.534   27.0059     0.629     -4.21                                 KURHFS 
  3994.534   27.0059     0.629     -4.34                                 KURHFS 
  3994.535   27.0059     0.629     -3.28                                 KURHFS 
  3994.535   27.0059     0.629     -3.90                                 KURHFS 
  3994.535   27.0059     0.629     -4.77                                 KURHFS 
  3994.541      22.0     2.101     -1.86                                        
  3994.549      90.1     0.000     -1.54                                        
  3994.577      74.1     2.949     -1.72                                        
  3994.580      58.1     0.703     -1.09                                 LAWLER 
  3994.608      20.0     2.930     -1.61                                        
  3994.626      42.0     3.731     -1.08                                        
  3994.635   23.0051     2.364     -5.04                                 KURHFS 
  3994.636   23.0051     2.364     -4.76                                 KURHFS 
  3994.636   23.0051     2.364     -5.04                                 KURHFS 
  3994.636   23.0051     2.364     -6.06                                 KURHFS 
  3994.637   23.0051     2.364     -4.62                                 KURHFS 
  3994.637   23.0051     2.364     -4.76                                 KURHFS 
  3994.637   23.0051     2.364     -5.36                                 KURHFS 
  3994.638   23.0051     2.364     -4.56                                 KURHFS 
  3994.638   23.0051     2.364     -4.62                                 KURHFS 
  3994.638   23.0051     2.364     -4.92                                 KURHFS 
  3994.640   23.0051     2.364     -4.55                                 KURHFS 
  3994.640   23.0051     2.364     -4.56                                 KURHFS 
  3994.640   23.0051     2.364     -4.58                                 KURHFS 
  3994.643   23.0051     2.364     -4.32                                 KURHFS 
  3994.643   23.0051     2.364     -4.55                                 KURHFS 
  3994.643   23.0051     2.364     -4.62                                 KURHFS 
  3994.646   23.0051     2.364     -4.10                                 KURHFS 
  3994.646   23.0051     2.364     -4.62                                 KURHFS 
  3994.646   23.0051     2.364     -4.82                                 KURHFS 
  3994.648      58.1     0.232     -2.02                                 LAWLER 
  3994.649   23.0051     2.364     -3.92                                 KURHFS 
  3994.649   23.0051     2.364     -4.82                                 KURHFS 
  3994.670   59.1141     0.055     -3.04                                 LI/LAW 
  3994.670      60.1     0.320      0.04                                 LAWLER 
  3994.675      22.0     2.091     -0.70                                        
  3994.683   59.1141     0.055     -1.83                                 LI/LAW 
  3994.688   59.1141     0.055     -2.90                                 LI/LAW 
  3994.691      26.0     3.981     -3.00                                        
  3994.693   59.1141     0.055     -1.16                                 LI/LAW 
  3994.705   59.1141     0.055     -1.64                                 LI/LAW 
  3994.712   59.1141     0.055     -2.99                                 LI/LAW 
  3994.719   59.1141     0.055     -1.05                                 LI/LAW 
  3994.733   59.1141     0.055     -1.58                                 LI/LAW 
  3994.742   59.1141     0.055     -3.31                                 LI/LAW 
  3994.751   59.1141     0.055     -0.94                                 LI/LAW 
  3994.768   59.1141     0.055     -1.62                                 LI/LAW 
  3994.789   59.1141     0.055     -0.83                                 LI/LAW 
  3994.796      28.0     4.232     -0.73                                        
  3994.809   59.1141     0.055     -1.81                                 LI/LAW 
  3994.834   59.1141     0.055     -0.74                                 LI/LAW 
  3994.842      22.1     1.179     -6.70                                        
  3994.853      68.1     0.636     -1.93                                 LAWLER 
  3994.874      23.0     2.579     -0.97                               KURNOHFS 
  3994.885   59.1141     0.055     -0.64                                 LI/LAW 
  3994.933      76.0     2.639     -0.78                                        
  3995.085      21.0     1.849     -4.53                               KURNOHFS 
  3995.094      24.0     4.093     -3.44                                        
  3995.112      25.0     4.675     -3.58                                        
  3995.138      20.0     2.930     -3.88                                        
  3995.150      26.0     4.188     -2.77                                        
  3995.175      20.0     2.930     -8.11                                        
  3995.205      26.0     4.100     -1.20                                        
  3995.215      26.0     3.265     -1.66                                        
  3995.233      26.0     3.632     -4.07                                        
  3995.240      60.1     0.380     -0.88                                 LAWLER 
  3995.261      68.1     1.680     -0.43                                        
  3995.269   27.0059     0.922     -2.03                                 KURHFS 
  3995.271   27.0059     0.922     -1.76                                 KURHFS 
  3995.271   27.0059     0.922     -1.96                                 KURHFS 
  3995.276   27.0059     0.922     -1.56                                 KURHFS 
  3995.276   27.0059     0.922     -1.76                                 KURHFS 
  3995.276   27.0059     0.922     -2.66                                 KURHFS 
  3995.282   27.0059     0.922     -1.39                                 KURHFS 
  3995.282   27.0059     0.922     -1.66                                 KURHFS 
  3995.282   27.0059     0.922     -2.50                                 KURHFS 
  3995.290   27.0059     0.922     -1.24                                 KURHFS 
  3995.290   27.0059     0.922     -1.61                                 KURHFS 
  3995.290   27.0059     0.922     -2.50                                 KURHFS 
  3995.301   27.0059     0.922     -1.11                                 KURHFS 
  3995.301   27.0059     0.922     -1.62                                 KURHFS 
  3995.301   27.0059     0.922     -2.60                                 KURHFS 
  3995.313   27.0059     0.922     -1.00                                 KURHFS 
  3995.313   27.0059     0.922     -1.69                                 KURHFS 
  3995.313   27.0059     0.922     -2.80                                 KURHFS 
  3995.317      25.1     5.376     -2.44                                        
  3995.328      26.0     4.280     -3.25                                        
  3995.328   27.0059     0.922     -0.89                                 KURHFS 
  3995.328   27.0059     0.922     -1.90                                 KURHFS 
  3995.328   27.0059     0.922     -3.20                                 KURHFS 
  3995.337      23.0     1.871     -6.50                               KURNOHFS 
  3995.358      26.0     3.651     -6.03                                        
  3995.425      58.1     0.459     -1.63                                 LAWLER 
  3995.476   23.0051     2.121     -4.28                                 KURHFS 
  3995.476      42.0     2.595     -2.19                                        
  3995.477   23.0051     2.121     -3.99                                 KURHFS 
  3995.477   23.0051     2.121     -4.25                                 KURHFS 
  3995.480   23.0051     2.121     -3.80                                 KURHFS 
  3995.480   23.0051     2.121     -4.25                                 KURHFS 
  3995.480   23.0051     2.121     -4.30                                 KURHFS 
  3995.484   23.0051     2.121     -3.71                                 KURHFS 
  3995.484   23.0051     2.121     -3.86                                 KURHFS 
  3995.484   23.0051     2.121     -4.42                                 KURHFS 
  3995.487      21.1     4.875     -3.32                                        
  3995.490   23.0051     2.121     -3.60                                 KURHFS 
  3995.490   23.0051     2.121     -3.69                                 KURHFS 
  3995.490   23.0051     2.121     -4.64                                 KURHFS 
  3995.493   21.1045     0.595     -5.30                                 KURHFS 
  3995.495   21.1045     0.595     -5.13                                 KURHFS 
  3995.495   21.1045     0.595     -5.48                                 KURHFS 
  3995.497   21.1045     0.595     -7.22                                 KURHFS 
  3995.498   21.1045     0.595     -5.12                                 KURHFS 
  3995.498   21.1045     0.595     -5.30                                 KURHFS 
  3995.498   23.0051     2.121     -3.41                                 KURHFS 
  3995.498   23.0051     2.121     -3.75                                 KURHFS 
  3995.498   23.0051     2.121     -5.05                                 KURHFS 
  3995.501   21.1045     0.595     -5.80                                 KURHFS 
  3995.502   21.1045     0.595     -5.13                                 KURHFS 
  3995.502   21.1045     0.595     -5.28                                 KURHFS 
  3995.505   21.1045     0.595     -5.10                                 KURHFS 
  3995.506   23.0051     2.121     -3.24                                 KURHFS 
  3995.506   23.0051     2.121     -3.94                                 KURHFS 
  3995.508   21.1045     0.595     -5.12                                 KURHFS 
  3995.510   21.1045     0.595     -4.71                                 KURHFS 
  3995.513   21.1045     0.595     -5.28                                 KURHFS 
  3995.517   23.0051     2.121     -3.10                                 KURHFS 
  3995.525      42.0     3.393     -1.55                                        
  3995.580      69.1     0.029     -1.78                                 LAWLER 
  3995.602      45.0     1.278     -1.17                                        
  3995.652      56.0     1.189     -0.83                                        
  3995.708   57.1139     0.173     -1.28                                 LAWLER 
  3995.711   57.1139     0.173     -1.46                                 LAWLER 
  3995.716   57.1139     0.173     -1.11                                 LAWLER 
  3995.721   57.1139     0.173     -3.21                                 LAWLER 
  3995.724   57.1139     0.173     -1.28                                 LAWLER 
  3995.728   57.1139     0.173     -1.10                                 LAWLER 
  3995.730      24.0     3.119     -8.72                                        
  3995.734   57.1139     0.173     -1.78                                 LAWLER 
  3995.738   57.1139     0.173     -1.11                                 LAWLER 
  3995.743   57.1139     0.173     -1.26                                 LAWLER 
  3995.751   57.1139     0.173     -1.08                                 LAWLER 
  3995.757   57.1139     0.173     -1.10                                 LAWLER 
  3995.771   57.1139     0.173     -0.69                                 LAWLER 
  3995.778   57.1139     0.173     -1.26                                 LAWLER 
  3995.845      28.0     4.164     -1.16                                        
  3995.862      26.0     4.206     -0.38                                        
  3995.887      26.0     4.214     -3.30                                        
  3995.891      28.0     4.164     -2.46                                        
  3995.937      58.1     0.700     -0.77                                BIEMONT 
  3995.979      44.0     1.124     -1.01                                        
  3995.983      26.0     2.725     -1.45                                        
  3996.062      90.1     1.902      0.01                                        
  3996.083      25.0     4.270     -1.23                                        
  3996.111      28.0     4.150     -1.16                                        
  3996.114      22.1     5.028     -3.07                                        
  3996.114   23.0051     2.357     -4.63                                 KURHFS 
  3996.114   23.0051     2.357     -4.89                                 KURHFS 
  3996.119   23.0051     2.357     -4.43                                 KURHFS 
  3996.119   23.0051     2.357     -4.63                                 KURHFS 
  3996.119   23.0051     2.357     -6.54                                 KURHFS 
  3996.121      26.1     4.612     -6.29                                        
  3996.127   23.0051     2.357     -4.37                                 KURHFS 
  3996.127   23.0051     2.357     -4.43                                 KURHFS 
  3996.127   23.0051     2.357     -5.30                                 KURHFS 
  3996.137   23.0051     2.357     -4.37                                 KURHFS 
  3996.137   23.0051     2.357     -4.40                                 KURHFS 
  3996.137   23.0051     2.357     -4.58                                 KURHFS 
  3996.146      24.0     4.398     -2.52                                        
  3996.149   23.0051     2.357     -4.17                                 KURHFS 
  3996.149   23.0051     2.357     -4.40                                 KURHFS 
  3996.149   23.0051     2.357     -4.58                                 KURHFS 
  3996.149      45.0     1.483     -0.62                                        
  3996.164   23.0051     2.357     -3.88                                 KURHFS 
  3996.164   23.0051     2.357     -4.58                                 KURHFS 
  3996.165      73.0     0.749     -1.31                                        
  3996.245      42.0     2.258     -2.23                                        
  3996.260      26.0     3.289     -2.38                                        
  3996.279      24.0     3.432     -1.55                                        
  3996.279      26.0     2.988     -2.79                                        
  3996.310      64.1     1.126     -0.10                                 LAWLER 
  3996.345      26.1     5.952     -2.93                                        
  3996.369      42.0     2.913     -2.09                                        
  3996.379   23.0051     1.929     -3.73                                 KURHFS 
  3996.379   23.0051     1.929     -3.98                                 KURHFS 
  3996.379   23.0051     1.929     -4.01                                 KURHFS 
  3996.387   23.0051     1.929     -3.54                                 KURHFS 
  3996.387   23.0051     1.929     -3.60                                 KURHFS 
  3996.387   23.0051     1.929     -3.98                                 KURHFS 
  3996.398   23.0051     1.929     -3.34                                 KURHFS 
  3996.398   23.0051     1.929     -3.45                                 KURHFS 
  3996.398   23.0051     1.929     -4.03                                 KURHFS 
  3996.412   23.0051     1.929     -3.14                                 KURHFS 
  3996.412   23.0051     1.929     -3.43                                 KURHFS 
  3996.412   23.0051     1.929     -4.16                                 KURHFS 
  3996.430   23.0051     1.929     -2.98                                 KURHFS 
  3996.430   23.0051     1.929     -3.48                                 KURHFS 
  3996.430   23.0051     1.929     -4.38                                 KURHFS 
  3996.452   23.0051     1.929     -2.84                                 KURHFS 
  3996.452   23.0051     1.929     -3.68                                 KURHFS 
  3996.452   23.0051     1.929     -4.79                                 KURHFS 
  3996.475      58.1     0.529     -1.19                                 LAWLER 
  3996.494      26.0     3.684     -5.59                                        
  3996.508      44.0     1.122     -2.06                                        
  3996.510      69.1     0.000     -1.20                                 LAWLER 
  3996.550      26.0     3.881     -4.24                                        
  3996.568      78.0     1.921     -1.32                                        
  3996.588   21.0045     0.000     -1.86                                 KURHFS 
  3996.588   21.0045     0.000     -1.86                                 KURHFS 
  3996.588   21.0045     0.000     -2.16                                 KURHFS 
  3996.592   21.0045     0.000     -1.70                                 KURHFS 
  3996.592   21.0045     0.000     -1.72                                 KURHFS 
  3996.592   21.0045     0.000     -2.04                                 KURHFS 
  3996.598   21.0045     0.000     -1.44                                 KURHFS 
  3996.598   21.0045     0.000     -1.69                                 KURHFS 
  3996.598   21.0045     0.000     -2.29                                 KURHFS 
  3996.605   21.0045     0.000     -1.23                                 KURHFS 
  3996.605   21.0045     0.000     -1.85                                 KURHFS 
  3996.605   21.0045     0.000     -2.72                                 KURHFS 
  3996.635      22.0     2.101     -1.35                                        
  3996.690      66.1     0.590     -0.26                                 LAWLER 
  3996.785      26.0     4.151     -1.32                                        
  3996.802      76.0     0.000     -3.46                                        
  3996.853      24.0     4.183     -1.91                                        
  3996.876      23.0     2.563     -5.60                               KURNOHFS 
  3996.917      66.0     0.000     -1.69                                        
  3996.919   27.0059     3.565     -6.80                                 KURHFS 
  3996.923   27.0059     3.565     -6.52                                 KURHFS 
  3996.923   27.0059     3.565     -6.80                                 KURHFS 
  3996.923   27.0059     3.565     -7.82                                 KURHFS 
  3996.930   27.0059     3.565     -6.38                                 KURHFS 
  3996.930   27.0059     3.565     -6.52                                 KURHFS 
  3996.930   27.0059     3.565     -7.12                                 KURHFS 
  3996.940   27.0059     3.565     -6.31                                 KURHFS 
  3996.940   27.0059     3.565     -6.38                                 KURHFS 
  3996.940   27.0059     3.565     -6.67                                 KURHFS 
  3996.955   27.0059     3.565     -6.30                                 KURHFS 
  3996.955   27.0059     3.565     -6.31                                 KURHFS 
  3996.955   27.0059     3.565     -6.34                                 KURHFS 
  3996.962      24.0     4.436     -4.06                                        
  3996.964      26.0     3.692     -0.84                                        
  3996.972   27.0059     3.565     -6.08                                 KURHFS 
  3996.972   27.0059     3.565     -6.30                                 KURHFS 
  3996.972   27.0059     3.565     -6.37                                 KURHFS 
  3996.974   27.0059     3.565     -2.83                                 KURHFS 
  3996.977   27.0059     3.565     -2.57                                 KURHFS 
  3996.977   27.0059     3.565     -2.77                                 KURHFS 
  3996.984   27.0059     3.565     -2.37                                 KURHFS 
  3996.984   27.0059     3.565     -2.57                                 KURHFS 
  3996.984   27.0059     3.565     -3.47                                 KURHFS 
  3996.993   27.0059     3.565     -5.86                                 KURHFS 
  3996.993   27.0059     3.565     -6.37                                 KURHFS 
  3996.993   27.0059     3.565     -6.57                                 KURHFS 
  3996.995   27.0059     3.565     -2.20                                 KURHFS 
  3996.995   27.0059     3.565     -2.47                                 KURHFS 
  3996.995   27.0059     3.565     -3.31                                 KURHFS 
  3997.009   27.0059     3.565     -2.05                                 KURHFS 
  3997.009   27.0059     3.565     -2.42                                 KURHFS 
  3997.009   27.0059     3.565     -3.31                                 KURHFS 
  3997.018   27.0059     3.565     -5.67                                 KURHFS 
  3997.018   27.0059     3.565     -6.57                                 KURHFS 
  3997.026   27.0059     3.565     -1.92                                 KURHFS 
  3997.026   27.0059     3.565     -2.43                                 KURHFS 
  3997.026   27.0059     3.565     -3.41                                 KURHFS 
  3997.040      59.1     0.371     -0.21                                LINOHFS 
  3997.048   27.0059     3.565     -1.81                                 KURHFS 
  3997.048   27.0059     3.565     -2.50                                 KURHFS 
  3997.048   27.0059     3.565     -3.61                                 KURHFS 
  3997.072   27.0059     3.565     -1.70                                 KURHFS 
  3997.072   27.0059     3.565     -2.71                                 KURHFS 
  3997.072   27.0059     3.565     -4.01                                 KURHFS 
  3997.081      92.0     0.868     -0.07                                        
  3997.112      24.0     3.011     -3.41                                        
  3997.120      23.1     1.475     -1.20                                        
  3997.127      74.0     2.351     -0.67                                        
  3997.199      26.0     3.600     -4.77                                        
  3997.240      26.0     3.600     -5.46                                        
  3997.269      58.1     0.721     -1.64                                 LAWLER 
  3997.341      27.0     2.875     -2.56                               KURNOHFS 
  3997.392      26.0     2.725     -0.39                                        
  3997.400      60.1     0.630     -0.80                                 LAWLER 
  3997.469      90.1     1.377     -1.16                                        
  3997.473      26.0     3.239     -4.53                                        
  3997.475      58.1     0.811     -0.72                                BIEMONT 
  3997.483      26.0     3.239     -2.32                                        
  3997.647      24.0     3.119     -5.74                                        
  3997.667      24.0     4.443     -1.85                                        
  3997.670      58.1     1.012     -0.40                                BIEMONT 
  3997.713      58.1     1.041     -0.24                                BIEMONT 
  3997.761      24.0     3.011     -2.68                                        
  3997.763      25.0     4.243     -0.95                                        
  3997.768      60.1     1.519     -0.12                                        
  3997.770      64.1     1.059     -0.52                                 LAWLER 
  3997.782      21.0     1.864     -4.24                               KURNOHFS 
  3997.830   27.0059     3.772     -3.92                                 KURHFS 
  3997.830   27.0059     3.772     -3.92                                 KURHFS 
  3997.830   27.0059     3.772     -4.22                                 KURHFS 
  3997.833   27.0059     1.048     -2.39                                 KURHFS 
  3997.833   27.0059     1.048     -2.65                                 KURHFS 
  3997.833   27.0059     1.048     -2.68                                 KURHFS 
  3997.841   27.0059     3.772     -3.75                                 KURHFS 
  3997.841   27.0059     3.772     -3.78                                 KURHFS 
  3997.841   27.0059     3.772     -4.09                                 KURHFS 
  3997.845   27.0059     1.048     -2.20                                 KURHFS 
  3997.845   27.0059     1.048     -2.26                                 KURHFS 
  3997.845   27.0059     1.048     -2.65                                 KURHFS 
  3997.856   27.0059     3.772     -3.50                                 KURHFS 
  3997.856   27.0059     3.772     -3.75                                 KURHFS 
  3997.856   27.0059     3.772     -4.34                                 KURHFS 
  3997.863   27.0059     1.048     -2.00                                 KURHFS 
  3997.863   27.0059     1.048     -2.11                                 KURHFS 
  3997.863   27.0059     1.048     -2.70                                 KURHFS 
  3997.866      90.1     1.204     -0.90                                        
  3997.867      26.0     3.298     -2.76                                        
  3997.875   27.0059     3.772     -3.28                                 KURHFS 
  3997.875   27.0059     3.772     -3.91                                 KURHFS 
  3997.875   27.0059     3.772     -4.77                                 KURHFS 
  3997.887   27.0059     1.048     -1.80                                 KURHFS 
  3997.887   27.0059     1.048     -2.09                                 KURHFS 
  3997.887   27.0059     1.048     -2.82                                 KURHFS 
  3997.917   27.0059     1.048     -1.64                                 KURHFS 
  3997.917   27.0059     1.048     -2.14                                 KURHFS 
  3997.917   27.0059     1.048     -3.04                                 KURHFS 
  3997.919      24.0     2.706     -3.08                                        
  3997.920      60.1     1.724      0.47                                        
  3997.936      24.0     4.437     -2.68                                        
  3997.952   27.0059     1.048     -1.50                                 KURHFS 
  3997.952   27.0059     1.048     -2.34                                 KURHFS 
  3997.952   27.0059     1.048     -3.45                                 KURHFS 
  3998.014      29.0     5.720     -2.13                                        
  3998.028      26.0     4.151     -2.13                                        
  3998.052      26.0     2.690     -0.84                                        
  3998.060      66.1     0.100     -2.25                                 LAWLER 
  3998.166      74.0     2.658     -0.36                                        
  3998.241      92.1     1.411      0.04                                        
  3998.248      22.0     2.316     -3.92                                        
  3998.275      24.0     3.548     -4.04                                        
  3998.276      42.0     2.756     -1.42                                        
  3998.342      62.0     0.498     -0.18                                        
  3998.358      26.0     3.940     -2.76                                        
  3998.379      24.0     4.096     -3.54                                        
  3998.386      23.0     3.111     -2.21                               KURNOHFS 
  3998.390      65.1     1.103     -0.29                               LAWNOHFS 
  3998.391      23.0     2.357     -4.64                               KURNOHFS 
  3998.430      24.0     4.398     -4.47                                        
  3998.459      26.0     3.299     -3.60                                        
  3998.503   27.0059     1.048     -4.62                                 KURHFS 
  3998.507   27.0059     1.048     -4.42                                 KURHFS 
  3998.508   27.0059     1.048     -4.87                                 KURHFS 
  3998.515   27.0059     1.048     -4.35                                 KURHFS 
  3998.515   27.0059     1.048     -6.52                                 KURHFS 
  3998.519   27.0059     1.048     -4.62                                 KURHFS 
  3998.525   27.0059     1.048     -5.28                                 KURHFS 
  3998.526   27.0059     1.048     -4.38                                 KURHFS 
  3998.532   27.0059     1.048     -4.42                                 KURHFS 
  3998.539   27.0059     1.048     -4.56                                 KURHFS 
  3998.541   27.0059     1.048     -4.57                                 KURHFS 
  3998.549   27.0059     1.048     -4.35                                 KURHFS 
  3998.556   27.0059     1.048     -4.16                                 KURHFS 
  3998.568   27.0059     1.048     -4.38                                 KURHFS 
  3998.576   27.0059     1.048     -3.87                                 KURHFS 
  3998.591   27.0059     1.048     -4.57                                 KURHFS 
  3998.631   27.0059     3.710     -2.58                                 KURHFS 
  3998.636      22.0     0.048     -0.06                                        
  3998.639   27.0059     3.710     -2.58                                 KURHFS 
  3998.639   27.0059     3.710     -2.76                                 KURHFS 
  3998.651   27.0059     3.710     -2.42                                 KURHFS 
  3998.651   27.0059     3.710     -2.88                                 KURHFS 
  3998.651   27.0059     3.710     -3.01                                 KURHFS 
  3998.658   23.0051     1.866     -0.80                                 KURHFS 
  3998.658   23.0051     1.866     -1.53                                 KURHFS 
  3998.658   23.0051     1.866     -2.74                                 KURHFS 
  3998.660      27.0     4.143     -0.29                                        
  3998.667   27.0059     3.710     -2.41                                 KURHFS 
  3998.667   27.0059     3.710     -2.45                                 KURHFS 
  3998.667   27.0059     3.710     -3.44                                 KURHFS 
  3998.668   23.0051     1.866     -0.72                                 KURHFS 
  3998.668   23.0051     1.866     -1.31                                 KURHFS 
  3998.668   23.0051     1.866     -2.51                                 KURHFS 
  3998.680   23.0051     1.866     -0.63                                 KURHFS 
  3998.680   23.0051     1.866     -1.22                                 KURHFS 
  3998.680   23.0051     1.866     -2.46                                 KURHFS 
  3998.687   27.0059     3.710     -2.16                                 KURHFS 
  3998.687   27.0059     3.710     -2.57                                 KURHFS 
  3998.692      27.0     3.407     -5.94                               KURNOHFS 
  3998.694   23.0051     1.866     -0.55                                 KURHFS 
  3998.694   23.0051     1.866     -1.18                                 KURHFS 
  3998.694   23.0051     1.866     -2.53                                 KURHFS 
  3998.700      22.0     2.486     -2.67                                        
  3998.710   23.0051     1.866     -0.47                                 KURHFS 
  3998.710   23.0051     1.866     -1.20                                 KURHFS 
  3998.710   23.0051     1.866     -2.71                                 KURHFS 
  3998.711   27.0059     3.710     -1.95                                 KURHFS 
  3998.729   23.0051     1.866     -0.39                                 KURHFS 
  3998.729   23.0051     1.866     -1.29                                 KURHFS 
  3998.729   23.0051     1.866     -3.09                                 KURHFS 
  3998.751   23.0051     1.866     -0.32                                 KURHFS 
  3998.751   23.0051     1.866     -1.51                                 KURHFS 
  3998.756      74.0     2.351     -0.47                                        
  3998.764      26.0     3.637     -5.24                                        
  3998.775   23.0051     1.866     -0.25                                 KURHFS 
  3998.775      23.0     2.372     -1.79                               KURNOHFS 
  3998.812   23.0051     2.357     -5.67                                 KURHFS 
  3998.812   23.0051     2.357     -5.92                                 KURHFS 
  3998.812   23.0051     2.357     -5.95                                 KURHFS 
  3998.817   23.0051     2.357     -5.48                                 KURHFS 
  3998.817   23.0051     2.357     -5.54                                 KURHFS 
  3998.817   23.0051     2.357     -5.92                                 KURHFS 
  3998.825   23.0051     2.357     -5.28                                 KURHFS 
  3998.825   23.0051     2.357     -5.39                                 KURHFS 
  3998.825   23.0051     2.357     -5.97                                 KURHFS 
  3998.835   23.0051     2.357     -5.08                                 KURHFS 
  3998.835   23.0051     2.357     -5.37                                 KURHFS 
  3998.835   23.0051     2.357     -6.10                                 KURHFS 
  3998.847   23.0051     2.357     -4.92                                 KURHFS 
  3998.847   23.0051     2.357     -5.42                                 KURHFS 
  3998.847   23.0051     2.357     -6.32                                 KURHFS 
  3998.863   23.0051     2.357     -4.78                                 KURHFS 
  3998.863   23.0051     2.357     -5.62                                 KURHFS 
  3998.863   23.0051     2.357     -6.73                                 KURHFS 
  3998.870      24.0     4.444     -0.31                                        
  3998.933      76.0     2.465     -0.87                                        
  3998.937      66.0     0.000     -1.92                                        
  3998.941      24.1     2.704     -4.53                                        
  3998.954      40.1     0.558     -0.39                                        
  3998.968      22.0     2.133     -0.34                                        
  3998.985      24.1     2.704     -4.95                                        
