La II     3988.5         line list
  3986.545      30.0     5.791     -6.02                                        
  3986.581      25.1     5.468     -2.60                                        
  3986.597      63.0     1.667     -0.13                                        
  3986.680      62.1     0.184     -0.85                                 LAWLER 
  3986.705      24.0     4.446     -1.32                                        
  3986.734      20.0     2.521     -5.74                                        
  3986.753      12.0     4.343     -1.44                                        
  3986.759      24.0     3.119     -3.69                                        
  3986.819      25.0     3.130     -0.60                                        
  3986.819      40.0     0.071     -1.94                                        
  3986.900      62.1     0.248     -1.41                                 LAWLER 
  3986.944      26.0     4.298     -3.54                                        
  3986.946 106.00112     0.580     -1.11               3.470               Plez 
  3986.969 106.00112     0.580     -4.53               3.470               Plez 
  3987.026 106.00112     0.580     -4.53               3.470               Plez 
  3987.037      25.0     3.769     -3.54                                        
  3987.047 106.00112     0.580     -1.09               3.470               Plez 
  3987.061      25.0     3.769     -7.65                                        
  3987.067      66.1     1.924     -0.16                                        
  3987.070      62.1     0.434     -1.89                                 LAWLER 
  3987.075      28.0     3.655     -1.26                                        
  3987.076      24.0     4.452     -2.74                                        
  3987.083      25.0     3.769     -5.07                                        
  3987.091      25.0     3.133     -0.72                                        
  3987.096 106.00112     0.410     -7.08               3.470               Plez 
  3987.113      27.0     0.513     -2.77                                        
  3987.205      90.0     0.929     -0.55                                        
  3987.210      64.1     0.492     -0.76                                 LAWLER 
  3987.222      60.1     1.516     -0.34                                        
  3987.258      25.0     3.769     -4.51                                        
  3987.311      25.0     3.769     -8.05                                        
  3987.331      25.0     3.769     -9.69                                        
  3987.392      25.0     3.769     -7.14                                        
  3987.420      62.1     0.277     -1.13                                 LAWLER 
  3987.429      28.0     3.938     -4.09                                        
  3987.459      25.0     3.133     -1.47                                        
  3987.480      39.0     1.407     -0.91                                        
  3987.493      22.0     0.848     -6.43                                        
  3987.532      68.0     1.623      1.04                                        
  3987.581      24.0     3.011     -2.78                                        
  3987.600      22.1     0.607     -2.73                                        
  3987.627      23.0     2.573     -1.36                                        
  3987.655      68.0     0.624      0.52                                        
  3987.743 106.00113     0.190     -4.10               3.470               Plez 
  3987.777      24.0     4.385     -4.00                                        
  3987.794      44.0     2.006     -1.16                                        
  3987.800      60.1     0.559     -1.21                                        
  3987.828 106.00113     0.410     -7.08               3.470               Plez 
  3987.829      21.0     1.952     -2.72                                        
  3987.834      64.0     0.000     -0.69                                        
  3987.847 106.00112     1.068     -4.36               3.470               Plez 
  3987.863 106.00112     1.068     -6.80               3.470               Plez 
  3987.929      26.0     4.140     -1.80                                        
  3987.948 106.00113     1.247     -8.08               3.470               Plez 
  3987.953 106.00112     1.068     -4.38               3.470               Plez 
  3987.955      26.0     3.600     -4.80                                        
  3987.956 106.00113     1.068     -4.36               3.470               Plez 
  3987.957      24.0     3.446     -3.01                                        
  3987.978      26.0     3.298     -5.22                                        
  3987.986      70.0     0.000     -0.20                                        
  3988.053      25.0     3.769     -3.83                                        
  3988.084      23.0     2.364     -1.34                                        
  3988.139 106.00113     1.068     -4.38               3.470               Plez 
  3988.157      41.0     2.085      0.06                                        
  3988.171      22.0     2.295     -3.56                                        
  3988.176      26.0     3.957     -4.51                                        
  3988.182      76.0     1.776     -1.29                                        
  3988.227      24.0     3.011     -3.57                                        
  3988.244 106.00113     1.314     -3.43               3.470               Plez 
  3988.254 106.00112     1.314     -5.91               3.470               Plez 
  3988.283      27.0     3.620     -6.67                                        
  3988.302      25.0     3.769     -9.17                                        
  3988.321 106.00112     0.190     -4.10               3.470               Plez 
  3988.362      25.0     3.769     -6.87                                        
  3988.373 106.00112     1.314     -3.43               3.470               Plez 
  3988.385      20.0     2.930     -3.60                                        
  3988.385      23.0     2.113     -3.79                                        
  3988.419 106.00113     1.314     -5.91               3.470               Plez 
  3988.445   57.1139     0.403     -1.36                                 LAWLER 
  3988.446   57.1139     0.403     -1.84                                 LAWLER 
  3988.452   57.1139     0.403     -1.14                                 LAWLER 
  3988.454   57.1139     0.403     -1.36                                 LAWLER 
  3988.454   57.1139     0.403    -19.79                                 LAWLER 
  3988.461 106.00112     0.411     -7.08               3.470               Plez 
  3988.464   57.1139     0.403     -1.04                                 LAWLER 
  3988.466   57.1139     0.403     -1.99                                 LAWLER 
  3988.467      24.0     4.413     -3.93                                        
  3988.468   57.1139     0.403     -1.14                                 LAWLER 
  3988.482   57.1139     0.403     -1.01                                 LAWLER 
  3988.484   57.1139     0.403     -1.35                                 LAWLER 
  3988.486   57.1139     0.403     -1.04                                 LAWLER 
  3988.493 106.00113     1.068     -6.80               3.470               Plez 
  3988.504   57.1139     0.403     -1.07                                 LAWLER 
  3988.507   57.1139     0.403     -0.97                                 LAWLER 
  3988.510   57.1139     0.403     -1.01                                 LAWLER 
  3988.531      20.0     5.923     -6.18                                        
  3988.532   57.1139     0.403     -1.26                                 LAWLER 
  3988.535   57.1139     0.403     -0.68                                 LAWLER 
  3988.538   57.1139     0.403     -1.07                                 LAWLER 
  3988.553 106.00112     0.597     -7.12               3.470               Plez 
  3988.569   57.1139     0.403     -0.46                                 LAWLER 
  3988.572   57.1139     0.403     -1.26                                 LAWLER 
  3988.575      25.0     4.270     -2.54                                        
  3988.594      26.0     3.299     -4.62                                        
  3988.600      90.1     0.189     -2.33                                        
  3988.606      22.0     2.343     -5.16                                        
  3988.621      24.0     2.706     -2.66                                        
  3988.623      76.0     2.405     -1.08                                        
  3988.660      25.0     4.270     -1.13                                        
  3988.671      40.0     0.622     -1.21                                        
  3988.698      73.0     1.357     -1.24                                        
  3988.736      21.0     1.849     -4.17                                        
  3988.737      28.0     3.676     -1.85                                        
  3988.758      23.0     2.129     -2.20                                        
  3988.802      60.1     0.380     -1.24                                        
  3988.825      23.0     1.858     -0.62                                        
  3988.845      90.1     0.829     -1.60                                        
  3988.859      28.0     4.232     -4.05                                        
  3988.870      27.0     3.729     -3.30                                        
  3988.879      66.0     1.238     -0.15                                        
  3988.884      92.1     0.284     -1.33                                        
  3988.933      21.0     1.864     -4.02                                        
  3988.988      26.0     4.253     -1.36                                        
  3988.988      27.0     3.629     -3.22                                        
  3988.992      22.0     2.675     -2.32                                        
  3989.000      26.0     3.571     -5.26                                        
  3989.056      21.1     0.315     -2.56                                        
  3989.101      23.0     3.064     -3.37                                        
  3989.133      26.0     3.109     -5.83                                        
  3989.155 106.00113     0.597     -7.12               3.470               Plez 
  3989.193 106.00113     0.411     -7.08               3.470               Plez 
  3989.195      27.0     2.040     -3.88                                        
  3989.239      64.1     1.373     -0.53                                        
  3989.241      26.0     3.281     -3.52                                        
  3989.250      25.0     4.341     -1.24                                        
  3989.284      40.0     0.071     -1.87                                        
  3989.298      26.0     4.214     -2.89                                        
  3989.400 106.00112     0.955     -6.75               3.470               Plez 
  3989.438      58.1     0.899     -0.04                                        
  3989.440 106.00112     0.597     -7.12               3.470               Plez 
  3989.454 106.00112     0.955     -4.57               3.470               Plez 
  3989.489 106.00112     0.955     -4.60               3.470               Plez 
  3989.489      40.0     1.873      0.21                                        
  3989.516      20.0     5.923     -1.11                                        
  3989.539      26.1     4.734     -3.72                                        
  3989.563      22.0     1.066     -3.41                                        
  3989.599 106.00113     0.955     -4.57               3.470               Plez 
  3989.600      26.0     3.265     -3.19                                        
  3989.608      23.0     1.892     -3.10                                        
  3989.610      20.0     5.817     -2.83                                        
  3989.648      27.0     3.629     -1.25                                        
  3989.679      23.0     2.372     -5.71                                        
  3989.680      59.1     0.055     -0.28                                LINOHFS 
  3989.704 106.00113     0.955     -4.60               3.470               Plez 
  3989.734      23.1     6.329     -3.13                                        
  3989.750      58.1     0.587     -1.38                                        
  3989.759      22.0     0.021     -0.20                                        
  3989.793      23.1     1.803     -2.12                                        
  3989.803      24.0     4.437     -2.12                                        
  3989.850      20.0     2.930     -6.85                                        
  3989.858      26.0     3.544     -1.08                                        
  3989.909      21.0     1.438     -2.92                                        
  3989.916      42.0     3.435     -0.96                                        
  3989.952      25.0     3.133     -1.44                                        
  3989.962 106.00113     0.955     -6.75               3.470               Plez 
  3989.978      24.0     3.889      0.49                                        
  3990.010      62.1     0.000     -1.06                                 LAWLER 
  3990.013      62.0     0.387      0.15                                        
  3990.042 106.00113     0.597     -7.12               3.470               Plez 
  3990.067      23.0     1.892     -3.39                                        
  3990.068      23.0     2.121     -3.26                                        
  3990.100      58.1     0.357     -0.94                                 LAWLER 
  3990.100      60.1     0.471      0.13                                 LAWLER 
  3990.138      22.0     2.083     -1.16                                        
  3990.158      24.0     4.102     -0.75                                        
  3990.165      23.0     2.129     -3.06                                        
  3990.217      22.0     2.083     -1.04                                        
  3990.252 106.00113     1.315     -3.43               3.470               Plez 
  3990.293      27.0     1.954     -1.37                                        
  3990.307      20.0     4.621     -3.51                                        
  3990.320      25.0     3.133     -3.04                                        
  3990.326      22.0     1.066     -1.35                                        
  3990.336 106.00112     1.315     -5.91               3.470               Plez 
  3990.336      66.1     2.034     -0.10                                        
  3990.373      26.0     3.045     -1.45                                        
  3990.381 106.00112     1.315     -3.43               3.470               Plez 
  3990.420      92.1     0.113     -1.12                                        
  3990.435      74.1     2.792     -1.68                                        
  3990.451      21.0     1.447     -2.31                                        
  3990.491      22.1     4.947     -4.28                                        
  3990.492      90.0     0.479     -0.88                                        
