Tb II    3702.5       line list
  3700.000      25.1     5.344     -3.45                                        
  3700.010      42.0     2.497     -1.20                                        
  3700.013      22.0     0.825     -4.71                                        
  3700.042      22.0     2.254     -0.47                                        
  3700.046      26.0     3.109     -2.62                                        
  3700.059      24.0     4.446     -0.97                                        
  3700.104      25.0     4.662     -1.08                                        
  3700.130      23.1     2.489     -0.97                                        
  3700.170      23.1     6.779     -1.14                                        
  3700.220      25.1     5.393     -3.22                                        
  3700.260      69.1     0.029     -0.38                                 LAWLER 
  3700.297      20.0     5.574     -4.03                                        
  3700.309      25.0     3.370     -1.11                               KURNOHFS 
  3700.346      23.1     2.513     -0.40                                        
  3700.392      24.0     2.965     -3.32                                        
  3700.411      24.1     2.481     -4.61                                        
  3700.478      25.1     6.860     -3.48                                        
  3700.491      23.1     6.096     -4.60                                        
  3700.507   23.0051     1.929     -5.18                                 KURHFS 
  3700.507   23.0051     1.929     -5.44                                 KURHFS 
  3700.507   23.0051     1.929     -5.47                                 KURHFS 
  3700.513   23.0051     1.929     -5.00                                 KURHFS 
  3700.513   23.0051     1.929     -5.05                                 KURHFS 
  3700.513   23.0051     1.929     -5.44                                 KURHFS 
  3700.517      25.1     6.900     -1.81                                        
  3700.523   23.0051     1.929     -4.80                                 KURHFS 
  3700.523   23.0051     1.929     -4.91                                 KURHFS 
  3700.523   23.0051     1.929     -5.49                                 KURHFS 
  3700.529      29.0     5.570     -0.92                                        
  3700.535   23.0051     1.929     -4.60                                 KURHFS 
  3700.535   23.0051     1.929     -4.88                                 KURHFS 
  3700.535   23.0051     1.929     -5.62                                 KURHFS 
  3700.551   23.0051     1.929     -4.43                                 KURHFS 
  3700.551   23.0051     1.929     -4.94                                 KURHFS 
  3700.551   23.0051     1.929     -5.84                                 KURHFS 
  3700.569   23.0051     1.929     -4.29                                 KURHFS 
  3700.569   23.0051     1.929     -5.13                                 KURHFS 
  3700.569   23.0051     1.929     -6.25                                 KURHFS 
  3700.571      92.1     0.113     -0.90                                        
  3700.579      70.0     3.204      0.11                                        
  3700.580      23.0     1.375     -2.29                               KURNOHFS 
  3700.590      62.1     0.434     -1.18                                 LAWLER 
  3700.599      24.0     3.847     -3.82                                        
  3700.599      26.0     3.239     -2.18                                        
  3700.637      74.0     2.531     -0.69                                        
  3700.690      60.1     0.000     -1.81                                 LAWLER 
  3700.713      26.0     3.879     -3.93                                        
  3700.720      68.1     0.055     -1.29                                        
  3700.765      90.1     1.896     -0.20                                        
  3700.776      22.0     2.493     -3.65                                        
  3700.792   21.1045     1.499     -2.60                                 KURHFS 
  3700.792   21.1045     1.499     -2.80                                 KURHFS 
  3700.795   21.1045     1.499     -2.80                                 KURHFS 
  3700.795   21.1045     1.499     -2.80                                 KURHFS 
  3700.795   21.1045     1.499     -3.98                                 KURHFS 
  3700.796   21.1045     1.499     -2.80                                 KURHFS 
  3700.796   21.1045     1.499     -3.06                                 KURHFS 
  3700.907      45.0     0.190     -0.10                                        
  3700.920      62.1     0.434     -1.10                                 LAWLER 
  3700.929      22.0     1.429     -5.26                                        
  3700.930      64.0     0.213     -1.14                                        
  3700.931      44.0     2.118     -0.23                                        
  3700.937      23.0     2.576     -8.02                               KURNOHFS 
  3700.944   23.0051     1.868     -2.82                                 KURHFS 
  3700.944   23.0051     1.868     -3.30                                 KURHFS 
  3700.965      23.1     2.489     -0.96                                        
  3700.967      90.0     0.689     -0.97                                        
  3700.969      26.0     2.829     -3.57                                        
  3700.970   23.0051     1.868     -2.82                                 KURHFS 
  3700.970   23.0051     1.868     -2.97                                 KURHFS 
  3701.053      25.0     4.824     -2.77                                        
  3701.086      26.0     2.996     -0.05                                        
  3701.117      28.0     1.934     -1.93                                        
  3701.145      22.0     1.052     -3.58                                        
  3701.153      21.0     2.292     -2.91                               KURNOHFS 
  3701.156      72.1     2.154      0.33                                        
  3701.182      24.0     3.426     -2.69                                        
  3701.219      26.0     3.651     -2.36                                        
  3701.267      26.0     3.394     -4.83                                        
  3701.312      73.0     1.393     -1.61                                        
  3701.360      69.1     0.000     -0.54                                 LAWLER 
  3701.388   27.0059     2.784     -6.16                                 KURHFS 
  3701.388   27.0059     2.784     -6.22                                 KURHFS 
  3701.388   27.0059     2.784     -6.86                                 KURHFS 
  3701.390      25.1     5.394     -2.67                                        
  3701.395   27.0059     2.784     -5.96                                 KURHFS 
  3701.395   27.0059     2.784     -5.96                                 KURHFS 
  3701.395   27.0059     2.784     -6.70                                 KURHFS 
  3701.406   27.0059     2.784     -5.76                                 KURHFS 
  3701.406   27.0059     2.784     -5.86                                 KURHFS 
  3701.406   27.0059     2.784     -6.70                                 KURHFS 
  3701.421   27.0059     2.784     -5.59                                 KURHFS 
  3701.421   27.0059     2.784     -5.81                                 KURHFS 
  3701.421   27.0059     2.784     -6.80                                 KURHFS 
  3701.439   27.0059     2.784     -5.44                                 KURHFS 
  3701.439   27.0059     2.784     -5.81                                 KURHFS 
  3701.439   27.0059     2.784     -7.00                                 KURHFS 
  3701.457   25.0055     3.070     -6.07                                 KURHFS 
  3701.462   27.0059     2.784     -5.31                                 KURHFS 
  3701.462   27.0059     2.784     -5.89                                 KURHFS 
  3701.462   27.0059     2.784     -7.40                                 KURHFS 
  3701.463   25.0055     3.070     -5.95                                 KURHFS 
  3701.463   25.0055     3.070     -6.50                                 KURHFS 
  3701.470   25.0055     3.070     -5.95                                 KURHFS 
  3701.470   25.0055     3.070     -6.05                                 KURHFS 
  3701.481   25.0055     3.070     -5.59                                 KURHFS 
  3701.487   27.0059     2.784     -5.20                                 KURHFS 
  3701.487   27.0059     2.784     -6.10                                 KURHFS 
  3701.507      25.1     5.811     -4.31                                        
  3701.510      42.0     3.221     -0.91                                        
  3701.516      92.1     0.685     -0.03                                        
  3701.517   27.0059     2.784     -5.09                                 KURHFS 
  3701.526      22.0     2.101     -0.68                                        
  3701.550      60.1     0.630     -1.42                                 LAWLER 
  3701.550      62.1     0.277     -1.52                                 LAWLER 
  3701.568      68.1     0.891     -0.57                                        
  3701.595      28.0     3.539     -2.63                                        
  3701.620      66.1     1.410     -0.08                                 LAWLER 
  3701.709   25.0055     2.141     -2.95                                 KURHFS 
  3701.711   25.0055     2.141     -2.82                                 KURHFS 
  3701.713   25.0055     2.141     -3.46                                 KURHFS 
  3701.715   25.0055     2.141     -2.69                                 KURHFS 
  3701.718   25.0055     2.141     -3.28                                 KURHFS 
  3701.720   25.0055     2.141     -2.57                                 KURHFS 
  3701.720   25.0055     2.141     -4.56                                 KURHFS 
  3701.723   25.0055     2.141     -3.22                                 KURHFS 
  3701.726   25.0055     2.141     -2.46                                 KURHFS 
  3701.726   25.0055     2.141     -4.43                                 KURHFS 
  3701.730   25.0055     2.141     -3.26                                 KURHFS 
  3701.734   25.0055     2.141     -2.35                                 KURHFS 
  3701.734   25.0055     2.141     -4.53                                 KURHFS 
  3701.739   25.0055     2.141     -3.45                                 KURHFS 
  3701.743   25.0055     2.141     -4.86                                 KURHFS 
  3701.782      25.0     4.270     -4.30                                        
  3701.814      57.1     3.508      0.49                                        
  3701.819      22.0     2.470     -3.09                                        
  3701.888      24.1     5.315     -2.84                                        
  3701.898      22.0     1.886     -6.89                                        
  3702.029      26.0     2.843     -1.14                                        
  3702.030      42.0     2.068     -1.05                                        
  3702.056      28.1     3.602     -4.16                                        
  3702.137      22.0     2.235     -2.85                                        
  3702.147      24.0     2.980     -3.17                                        
  3702.169      25.1     5.369     -2.38                                        
  3702.177      42.0     2.678     -1.06                                        
  3702.228      44.0     0.997     -2.26                                        
  3702.233      27.0     2.875      0.13                               KURNOHFS 
  3702.237      23.0     2.123     -1.74                               KURNOHFS 
  3702.289      22.0     1.045     -0.94                                        
  3702.300      22.0     2.238     -2.10                                        
  3702.316      74.0     1.855     -0.72                                        
  3702.318      26.0     3.684     -2.32                                        
  3702.334   23.0051     2.129     -5.01                                 KURHFS 
  3702.338   23.0051     2.129     -4.89                                 KURHFS 
  3702.338   23.0051     2.129     -5.46                                 KURHFS 
  3702.343   23.0051     2.129     -4.77                                 KURHFS 
  3702.343   23.0051     2.129     -5.25                                 KURHFS 
  3702.343   23.0051     2.129     -6.46                                 KURHFS 
  3702.350   23.0051     2.129     -4.66                                 KURHFS 
  3702.350   23.0051     2.129     -5.15                                 KURHFS 
  3702.350   23.0051     2.129     -6.25                                 KURHFS 
  3702.359   23.0051     2.129     -4.56                                 KURHFS 
  3702.359   23.0051     2.129     -5.12                                 KURHFS 
  3702.359   23.0051     2.129     -6.23                                 KURHFS 
  3702.370   23.0051     2.129     -4.46                                 KURHFS 
  3702.370   23.0051     2.129     -5.13                                 KURHFS 
  3702.370   23.0051     2.129     -6.31                                 KURHFS 
  3702.383   23.0051     2.129     -4.37                                 KURHFS 
  3702.383   23.0051     2.129     -5.22                                 KURHFS 
  3702.383   23.0051     2.129     -6.50                                 KURHFS 
  3702.398   23.0051     2.129     -4.29                                 KURHFS 
  3702.398   23.0051     2.129     -5.43                                 KURHFS 
  3702.398   23.0051     2.129     -6.89                                 KURHFS 
  3702.467   23.0051     1.948     -8.11                                 KURHFS 
  3702.469   23.0051     1.948     -7.84                                 KURHFS 
  3702.469   23.0051     1.948     -8.04                                 KURHFS 
  3702.472      26.0     1.607     -4.51                                        
  3702.473   23.0051     1.948     -7.64                                 KURHFS 
  3702.473   23.0051     1.948     -7.84                                 KURHFS 
  3702.473   23.0051     1.948     -8.74                                 KURHFS 
  3702.479   23.0051     1.948     -7.47                                 KURHFS 
  3702.479   23.0051     1.948     -7.74                                 KURHFS 
  3702.479   23.0051     1.948     -8.58                                 KURHFS 
  3702.488   23.0051     1.948     -7.32                                 KURHFS 
  3702.488   23.0051     1.948     -7.69                                 KURHFS 
  3702.488   23.0051     1.948     -8.58                                 KURHFS 
  3702.490      42.0     2.513     -1.25                                        
  3702.492      26.0     2.174     -2.23                                        
  3702.498   23.0051     1.948     -7.19                                 KURHFS 
  3702.498   23.0051     1.948     -7.70                                 KURHFS 
  3702.498   23.0051     1.948     -8.68                                 KURHFS 
  3702.502      26.0     4.100     -2.74                                        
  3702.505      23.1     6.052     -1.59                                        
  3702.508      68.1     0.891     -1.48                                 LAWLER 
  3702.510   23.0051     1.948     -7.08                                 KURHFS 
  3702.510   23.0051     1.948     -7.77                                 KURHFS 
  3702.510   23.0051     1.948     -8.88                                 KURHFS 
  3702.515      24.0     3.392     -3.38                                        
  3702.524   23.0051     1.948     -6.97                                 KURHFS 
  3702.524   23.0051     1.948     -7.98                                 KURHFS 
  3702.524   23.0051     1.948     -9.28                                 KURHFS 
  3702.543      42.1     3.019     -1.00                                        
  3702.596      22.0     2.091     -1.49                                        
  3702.613      92.0     0.530      0.03                                        
  3702.634   27.0059     3.102     -5.17                                 KURHFS 
  3702.643   27.0059     3.102     -5.15                                 KURHFS 
  3702.643   27.0059     3.102     -5.62                                 KURHFS 
  3702.650      24.0     3.009     -2.89                                        
  3702.654   27.0059     3.102     -5.15                                 KURHFS 
  3702.654   27.0059     3.102     -5.29                                 KURHFS 
  3702.667   27.0059     3.102     -4.83                                 KURHFS 
  3702.673   25.0055     2.951     -5.37                                 KURHFS 
  3702.673   25.0055     2.951     -5.91                                 KURHFS 
  3702.688   25.0055     2.951     -5.37                                 KURHFS 
  3702.688   25.0055     2.951     -5.47                                 KURHFS 
  3702.691      26.0     3.329     -4.11                                        
  3702.747      21.0     2.294     -1.85                               KURNOHFS 
  3702.785      58.1     0.459     -1.06                                 LAWLER 
  3702.790      25.1     5.393     -1.93                                        
  3702.807      28.0     3.541     -4.16                                        
  3702.812   65.1159     0.126     -0.09                                 LAWLER 
  3702.819      26.0     3.881     -4.22                                        
  3702.842   65.1159     0.126     -0.15                                 LAWLER 
  3702.843   65.1159     0.126     -1.79                                 LAWLER 
  3702.864      90.1     2.467     -0.08                                        
  3702.866   65.1159     0.126     -1.67                                 LAWLER 
  3702.867   65.1159     0.126     -3.93                                 LAWLER 
  3702.869   65.1159     0.126     -0.20                                 LAWLER 
  3702.884   65.1159     0.126     -3.87                                 LAWLER 
  3702.887   65.1159     0.126     -1.79                                 LAWLER 
  3702.890   23.0051     1.217     -5.95                                 KURHFS 
  3702.890   23.0051     1.217     -6.20                                 KURHFS 
  3702.890   23.0051     1.217     -6.23                                 KURHFS 
  3702.891   23.0051     1.217     -5.76                                 KURHFS 
  3702.891   23.0051     1.217     -5.81                                 KURHFS 
  3702.891   23.0051     1.217     -6.20                                 KURHFS 
  3702.892   23.0051     1.217     -5.56                                 KURHFS 
  3702.892   23.0051     1.217     -5.67                                 KURHFS 
  3702.892   23.0051     1.217     -6.25                                 KURHFS 
  3702.893   65.1159     0.126     -0.26                                 LAWLER 
  3702.894   23.0051     1.217     -5.36                                 KURHFS 
  3702.894   23.0051     1.217     -5.65                                 KURHFS 
  3702.894   23.0051     1.217     -6.38                                 KURHFS 
  3702.897   23.0051     1.217     -5.20                                 KURHFS 
  3702.897   23.0051     1.217     -5.70                                 KURHFS 
  3702.897   23.0051     1.217     -6.60                                 KURHFS 
  3702.900   23.0051     1.217     -5.06                                 KURHFS 
  3702.900   23.0051     1.217     -5.90                                 KURHFS 
  3702.900   23.0051     1.217     -7.01                                 KURHFS 
  3702.984      22.0     1.501     -2.49                                        
  3703.098   23.0051     2.129     -3.78                                 KURHFS 
  3703.098   23.0051     2.129     -3.98                                 KURHFS 
  3703.101   23.0051     2.129     -3.75                                 KURHFS 
  3703.101   23.0051     2.129     -3.77                                 KURHFS 
  3703.101   23.0051     2.129     -3.98                                 KURHFS 
  3703.107   23.0051     2.129     -3.63                                 KURHFS 
  3703.107   23.0051     2.129     -3.65                                 KURHFS 
  3703.107   23.0051     2.129     -3.75                                 KURHFS 
  3703.107      24.0     3.382     -3.99                                        
  3703.114   23.0051     2.129     -3.46                                 KURHFS 
  3703.114   23.0051     2.129     -3.61                                 KURHFS 
  3703.114   23.0051     2.129     -3.65                                 KURHFS 
  3703.123   23.0051     2.129     -3.29                                 KURHFS 
  3703.123   23.0051     2.129     -3.61                                 KURHFS 
  3703.123   23.0051     2.129     -3.62                                 KURHFS 
  3703.134   23.0051     2.129     -3.13                                 KURHFS 
  3703.134   23.0051     2.129     -3.62                                 KURHFS 
  3703.134   23.0051     2.129     -3.70                                 KURHFS 
  3703.147   23.0051     2.129     -2.98                                 KURHFS 
  3703.147   23.0051     2.129     -3.70                                 KURHFS 
  3703.147   23.0051     2.129     -3.91                                 KURHFS 
  3703.155      41.0     1.612     -0.19                                        
  3703.162   23.0051     2.129     -2.85                                 KURHFS 
  3703.162   23.0051     2.129     -3.91                                 KURHFS 
  3703.203      26.0     3.926     -4.15                                        
  3703.225      22.1     6.969     -4.41                                        
  3703.239      75.0     1.713     -1.19                                        
  3703.249      76.0     2.189     -0.44                                        
  3703.271      92.0     0.077     -0.42                                        
  3703.354      22.0     0.825     -5.35                                        
  3703.355      25.0     4.191     -2.73                                        
  3703.430      26.0     3.366     -2.20                                        
  3703.463      24.0     3.446     -1.34                                        
  3703.505      64.1     1.614     -0.53                                        
  3703.535   23.0051     0.300     -1.56                                 KURHFS 
  3703.535   23.0051     0.300     -1.63                                 KURHFS 
  3703.535   23.0051     0.300     -2.26                                 KURHFS 
  3703.538   23.0051     0.300     -1.36                                 KURHFS 
  3703.538   23.0051     0.300     -1.36                                 KURHFS 
  3703.538   23.0051     0.300     -2.10                                 KURHFS 
  3703.544   23.0051     0.300     -1.16                                 KURHFS 
  3703.544   23.0051     0.300     -1.26                                 KURHFS 
  3703.544   23.0051     0.300     -2.10                                 KURHFS 
  3703.548      26.0     2.756     -1.26                                        
  3703.551   23.0051     0.300     -0.99                                 KURHFS 
  3703.551   23.0051     0.300     -1.21                                 KURHFS 
  3703.551   23.0051     0.300     -2.20                                 KURHFS 
  3703.561   23.0051     0.300     -0.84                                 KURHFS 
  3703.561   23.0051     0.300     -1.22                                 KURHFS 
  3703.561   23.0051     0.300     -2.40                                 KURHFS 
  3703.572   23.0051     0.300     -0.71                                 KURHFS 
  3703.572   23.0051     0.300     -1.29                                 KURHFS 
  3703.572   23.0051     0.300     -2.80                                 KURHFS 
  3703.584      26.0     2.756     -1.45                                        
  3703.585   23.0051     0.300     -0.60                                 KURHFS 
  3703.585   23.0051     0.300     -1.50                                 KURHFS 
  3703.600   23.0051     0.300     -0.49                                 KURHFS 
  3703.605      23.1     4.700     -1.89                                        
  3703.612      26.0     3.651     -3.77                                        
  3703.656      25.0     4.341     -2.15                                        
  3703.691      26.0     2.938     -0.92                                        
  3703.715   27.0059     3.102     -8.10                                 KURHFS 
  3703.715   27.0059     3.102     -8.28                                 KURHFS 
  3703.724   27.0059     3.102     -7.98                                 KURHFS 
  3703.724   27.0059     3.102     -8.10                                 KURHFS 
  3703.734   27.0059     3.102     -7.98                                 KURHFS 
  3703.734   27.0059     3.102     -8.09                                 KURHFS 
  3703.734   27.0059     3.102     -8.30                                 KURHFS 
  3703.748   27.0059     3.102     -7.68                                 KURHFS 
  3703.748   27.0059     3.102     -8.09                                 KURHFS 
  3703.755      24.0     2.707     -4.14                                        
  3703.774      90.0     0.615     -0.72                                        
  3703.821      26.0     2.856     -1.14                                        
  3703.828      23.1     1.564     -1.74                                        
  3703.853       1.0    10.191     -2.15                                        
  3703.906      90.1     1.345     -0.39                                        
  3703.912      41.0     1.612     -0.19                                        
  3703.930      65.1     0.401      0.44                               LAWNOHFS 
  3703.962      25.1     5.394     -2.41                                        
  3703.983      22.0     1.979     -4.08                                        
  3703.992      90.1     1.310     -0.43                                        
  3703.993   23.0051     1.217     -2.83                                 KURHFS 
  3703.994   23.0051     1.217     -2.83                                 KURHFS 
  3703.994   23.0051     1.217     -3.01                                 KURHFS 
  3703.995   23.0051     1.217     -2.67                                 KURHFS 
  3703.995   23.0051     1.217     -3.13                                 KURHFS 
  3703.995   23.0051     1.217     -3.26                                 KURHFS 
  3703.998   23.0051     1.217     -2.66                                 KURHFS 
  3703.998   23.0051     1.217     -2.70                                 KURHFS 
  3703.998   23.0051     1.217     -3.69                                 KURHFS 
  3704.000   23.0051     1.217     -2.41                                 KURHFS 
  3704.000   23.0051     1.217     -2.82                                 KURHFS 
  3704.003   23.0051     1.217     -2.20                                 KURHFS 
  3704.003      23.1     3.121     -2.84                                        
  3704.014      26.0     3.069     -1.80                                        
  3704.024   27.0059     1.048     -2.47                                 KURHFS 
  3704.027   27.0059     1.048     -2.21                                 KURHFS 
  3704.028   27.0059     1.048     -2.08                                 KURHFS 
  3704.029   27.0059     1.048     -2.50                                 KURHFS 
  3704.033      22.1     4.006     -3.43                                        
  3704.034   27.0059     1.048     -2.02                                 KURHFS 
  3704.036   27.0059     1.048     -1.82                                 KURHFS 
  3704.038   27.0059     1.048     -2.47                                 KURHFS 
  3704.043   27.0059     1.048     -1.93                                 KURHFS 
  3704.046   27.0059     1.048     -1.62                                 KURHFS 
  3704.049   27.0059     1.048     -2.52                                 KURHFS 
  3704.056   27.0059     1.048     -1.91                                 KURHFS 
  3704.060   27.0059     1.048     -1.46                                 KURHFS 
  3704.064   27.0059     1.048     -2.64                                 KURHFS 
  3704.072   27.0059     1.048     -1.96                                 KURHFS 
  3704.077   27.0059     1.048     -1.32                                 KURHFS 
  3704.081   27.0059     1.048     -2.86                                 KURHFS 
  3704.083      90.1     1.165     -0.57                                        
  3704.085      92.0     0.908      0.40                                        
  3704.090   27.0059     1.048     -2.16                                 KURHFS 
  3704.102   27.0059     1.048     -3.27                                 KURHFS 
  3704.132      41.0     1.428     -0.31                                        
  3704.195      28.0     3.696     -3.43                                        
  3704.228      23.0     2.579     -4.11                               KURNOHFS 
  3704.237   23.0051     2.113     -3.14                                 KURHFS 
  3704.237   23.0051     2.113     -3.43                                 KURHFS 
  3704.237   23.0051     2.113     -3.63                                 KURHFS 
  3704.237   23.0051     2.113     -3.63                                 KURHFS 
  3704.237   23.0051     2.113     -3.66                                 KURHFS 
  3704.237   23.0051     2.113     -3.66                                 KURHFS 
  3704.237   23.0051     2.113     -3.69                                 KURHFS 
  3704.237   23.0051     2.113     -3.69                                 KURHFS 
  3704.237   23.0051     2.113     -3.84                                 KURHFS 
  3704.237   23.0051     2.113     -3.84                                 KURHFS 
  3704.237   23.0051     2.113     -3.84                                 KURHFS 
  3704.237   23.0051     2.113     -3.89                                 KURHFS 
  3704.237   23.0051     2.113     -3.89                                 KURHFS 
  3704.237   23.0051     2.113     -4.14                                 KURHFS 
  3704.237   23.0051     2.113     -4.55                                 KURHFS 
  3704.237   23.0051     2.113     -5.80                                 KURHFS 
  3704.292      22.0     1.459     -1.43                                        
  3704.333   23.0051     2.121     -4.09                                 KURHFS 
  3704.334   23.0051     2.121     -3.81                                 KURHFS 
  3704.334   23.0051     2.121     -4.09                                 KURHFS 
  3704.334   23.0051     2.121     -5.11                                 KURHFS 
  3704.337   23.0051     2.121     -3.67                                 KURHFS 
  3704.337   23.0051     2.121     -3.81                                 KURHFS 
  3704.337   23.0051     2.121     -4.41                                 KURHFS 
  3704.340   23.0051     2.121     -3.61                                 KURHFS 
  3704.340   23.0051     2.121     -3.67                                 KURHFS 
  3704.340   23.0051     2.121     -3.97                                 KURHFS 
  3704.342      26.0     3.684     -3.12                                        
  3704.345   23.0051     2.121     -3.60                                 KURHFS 
  3704.345   23.0051     2.121     -3.61                                 KURHFS 
  3704.345   23.0051     2.121     -3.64                                 KURHFS 
  3704.345      26.0     3.412     -3.78                                        
  3704.349      26.0     3.234     -2.34                                        
  3704.352   23.0051     2.121     -3.37                                 KURHFS 
  3704.352   23.0051     2.121     -3.60                                 KURHFS 
  3704.352   23.0051     2.121     -3.67                                 KURHFS 
  3704.359   23.0051     2.121     -3.15                                 KURHFS 
  3704.359   23.0051     2.121     -3.67                                 KURHFS 
  3704.359   23.0051     2.121     -3.87                                 KURHFS 
  3704.368   23.0051     2.121     -2.97                                 KURHFS 
  3704.368   23.0051     2.121     -3.87                                 KURHFS 
  3704.394      24.1     4.741     -7.34                                        
  3704.461      26.0     2.690     -0.61                                        
  3704.475      24.0     3.011     -2.12                                        
  3704.524      57.0     0.130     -0.57                                        
  3704.658      58.1     0.875     -0.60                                BIEMONT 
  3704.678   23.0051     0.286     -1.90                                 KURHFS 
  3704.680   23.0051     0.286     -1.61                                 KURHFS 
  3704.680   23.0051     0.286     -1.87                                 KURHFS 
  3704.683   23.0051     0.286     -1.42                                 KURHFS 
  3704.683   23.0051     0.286     -1.87                                 KURHFS 
  3704.683   23.0051     0.286     -1.92                                 KURHFS 
  3704.688   23.0051     0.286     -1.33                                 KURHFS 
  3704.688   23.0051     0.286     -1.48                                 KURHFS 
  3704.688   23.0051     0.286     -2.04                                 KURHFS 
  3704.695   23.0051     0.286     -1.22                                 KURHFS 
  3704.695   23.0051     0.286     -1.31                                 KURHFS 
  3704.695   23.0051     0.286     -2.26                                 KURHFS 
  3704.704   23.0051     0.286     -1.02                                 KURHFS 
  3704.704   23.0051     0.286     -1.36                                 KURHFS 
  3704.704   23.0051     0.286     -2.67                                 KURHFS 
  3704.715   23.0051     0.286     -0.86                                 KURHFS 
  3704.715   23.0051     0.286     -1.56                                 KURHFS 
  3704.727   23.0051     0.286     -0.72                                 KURHFS 
  3704.747      24.1     4.924     -3.27                                        
  3704.751      26.0     3.394     -5.29                                        
  3704.758      26.0     3.957     -3.52                                        
  3704.793      26.0     3.692     -2.78                                        
  3704.829      22.0     1.872     -6.33                                        
  3704.839      75.0     1.713     -1.33                                        
  3704.840      69.1     1.086     -0.41                                        
  3704.862      90.0     0.355     -0.97                                        
  3704.873      20.0     5.685     -1.53                                        
  3704.933      24.0     3.446     -4.06                                        
  3704.936      72.0     2.277      0.09                                        
  3704.966      90.1     1.888     -0.33                                        
  3704.976      58.1     0.721     -0.81                                 LAWLER 
  3705.004      24.0     2.708     -4.72                                        
  3705.010      26.0     3.299     -6.72                                        
  3705.013   23.0051     0.275     -1.73                                 KURHFS 
  3705.017   23.0051     0.275     -1.73                                 KURHFS 
  3705.017   23.0051     0.275     -1.91                                 KURHFS 
  3705.019      20.0     4.128     -2.73                                        
  3705.020      75.0     1.713     -1.10                                        
  3705.022   23.0051     0.275     -1.57                                 KURHFS 
  3705.022   23.0051     0.275     -2.04                                 KURHFS 
  3705.022   23.0051     0.275     -2.16                                 KURHFS 
  3705.029   23.0051     0.275     -1.56                                 KURHFS 
  3705.029   23.0051     0.275     -1.60                                 KURHFS 
  3705.029   23.0051     0.275     -2.59                                 KURHFS 
  3705.033      24.0     3.011     -2.50                                        
  3705.037   23.0051     0.275     -1.31                                 KURHFS 
  3705.037   23.0051     0.275     -1.72                                 KURHFS 
  3705.047   23.0051     0.275     -1.10                                 KURHFS 
  3705.070      62.1     0.659     -1.61                                 LAWLER 
  3705.074      27.0     3.663     -6.57                               KURNOHFS 
  3705.077      24.0     3.446     -1.13                                        
  3705.103      28.0     0.422     -8.13                                        
  3705.163      22.0     1.967     -6.36                                        
  3705.194      22.0     1.979     -3.66                                        
  3705.260      26.0     3.394     -2.15                                        
  3705.275      25.1     5.394     -4.03                                        
  3705.369      20.0     4.765     -6.15                                        
  3705.395      72.1     2.194     -0.09                                        
  3705.406      24.1     4.778     -2.96                                        
  3705.413      42.0     2.494     -1.30                                        
  3705.469      22.0     2.238     -1.03                                        
  3705.549      26.0     3.234     -2.56                                        
  3705.566      26.0     0.052     -1.33                                        
  3705.625      26.0     3.692     -6.83                                        
  3705.644      42.0     2.289     -2.13                                        
  3705.660      22.0     2.504     -3.15                                        
  3705.660      23.0     2.073     -1.95                               KURNOHFS 
  3705.698      26.0     3.265     -2.50                                        
  3705.772      68.0     0.889      0.01                                        
  3705.798   27.0059     3.189    -10.10                                 KURHFS 
  3705.798   27.0059     3.189    -10.13                                 KURHFS 
  3705.798   27.0059     3.189     -9.84                                 KURHFS 
  3705.806   27.0059     3.189    -10.10                                 KURHFS 
  3705.806   27.0059     3.189     -9.65                                 KURHFS 
  3705.806   27.0059     3.189     -9.71                                 KURHFS 
  3705.808      57.1     0.772     -0.62                                        
  3705.816   27.0059     3.189    -10.15                                 KURHFS 
  3705.816   27.0059     3.189     -9.46                                 KURHFS 
  3705.816   27.0059     3.189     -9.56                                 KURHFS 
  3705.819      23.0     2.096     -0.61                               KURNOHFS 
  3705.831   27.0059     3.189    -10.27                                 KURHFS 
  3705.831   27.0059     3.189     -9.26                                 KURHFS 
  3705.831   27.0059     3.189     -9.54                                 KURHFS 
  3705.848   27.0059     3.189    -10.50                                 KURHFS 
  3705.848   27.0059     3.189     -9.09                                 KURHFS 
  3705.848   27.0059     3.189     -9.60                                 KURHFS 
  3705.870   27.0059     3.189    -10.91                                 KURHFS 
  3705.870   27.0059     3.189     -8.95                                 KURHFS 
  3705.870   27.0059     3.189     -9.79                                 KURHFS 
  3705.942      25.1     6.908     -4.07                                        
  3705.964      24.0     3.407     -3.08                                        
  3705.977      23.0     2.925     -4.68                               KURNOHFS 
  3705.979      62.0     0.185     -2.14                                        
  3705.983      25.0     4.675     -1.91                                        
  3706.030      23.0     1.871      0.03                               KURNOHFS 
  3706.078      27.0     3.114     -6.01                               KURNOHFS 
