Dy II    3944.7       line list
  3940.914   27.0059     0.629     -3.14                                 KURHFS 
  3940.914   27.0059     0.629     -3.31                                 KURHFS 
  3941.014      24.0     3.085     -2.96                                        
  3941.076      25.0     4.243     -2.25                                        
  3941.098      20.0     5.485     -2.15                                        
  3941.123      26.0     4.257     -3.96                                        
  3941.124      21.0     4.581     -3.20                                        
  3941.141      24.0     3.009     -2.11                                        
  3941.149      24.0     3.419     -1.10                                        
  3941.185      26.0     3.879     -1.88                                        
  3941.190      65.1     0.796     -0.39                               LAWNOHFS 
  3941.196      25.0     4.709     -2.63                                        
  3941.216   23.0051     1.852     -2.60                                 KURHFS 
  3941.216   23.0051     1.852     -2.67                                 KURHFS 
  3941.216   23.0051     1.852     -3.30                                 KURHFS 
  3941.219   23.0051     1.852     -2.41                                 KURHFS 
  3941.219   23.0051     1.852     -2.41                                 KURHFS 
  3941.219   23.0051     1.852     -3.15                                 KURHFS 
  3941.223   23.0051     1.852     -2.20                                 KURHFS 
  3941.223   23.0051     1.852     -2.30                                 KURHFS 
  3941.223   23.0051     1.852     -3.15                                 KURHFS 
  3941.228   23.0051     1.852     -2.03                                 KURHFS 
  3941.228   23.0051     1.852     -2.25                                 KURHFS 
  3941.228   23.0051     1.852     -3.24                                 KURHFS 
  3941.231      25.1     5.433     -2.62                                        
  3941.232      90.0     0.689     -0.65                                        
  3941.233      25.1     5.986     -4.51                                        
  3941.235   23.0051     1.852     -1.89                                 KURHFS 
  3941.235   23.0051     1.852     -2.26                                 KURHFS 
  3941.235   23.0051     1.852     -3.45                                 KURHFS 
  3941.243   23.0051     1.852     -1.76                                 KURHFS 
  3941.243   23.0051     1.852     -2.33                                 KURHFS 
  3941.243   23.0051     1.852     -3.85                                 KURHFS 
  3941.253   23.0051     1.852     -1.64                                 KURHFS 
  3941.253   23.0051     1.852     -2.54                                 KURHFS 
  3941.263      41.0     0.086     -1.22                                        
  3941.264   23.0051     1.852     -1.54                                 KURHFS 
  3941.275      26.0     3.263     -1.01                                        
  3941.280   23.0051     2.377     -3.68                                 KURHFS 
  3941.280   23.0051     2.377     -4.09                                 KURHFS 
  3941.286   23.0051     2.377     -3.98                                 KURHFS 
  3941.286   23.0051     2.377     -4.09                                 KURHFS 
  3941.286   23.0051     2.377     -4.30                                 KURHFS 
  3941.290   23.0051     2.377     -3.98                                 KURHFS 
  3941.290   23.0051     2.377     -4.11                                 KURHFS 
  3941.292      25.1     5.344     -4.30                                        
  3941.294   23.0051     2.377     -4.11                                 KURHFS 
  3941.294   23.0051     2.377     -4.28                                 KURHFS 
  3941.356      22.0     2.331     -4.99                                        
  3941.396      21.0     2.000     -1.50                               KURNOHFS 
  3941.480      24.0     1.029     -1.39                                 SOBECK 
  3941.489      42.1     3.140     -0.76                                        
  3941.496      75.0     2.448     -0.72                                        
  3941.510      60.1     0.064     -0.02                                 LAWLER 
  3941.556      24.0     3.461     -2.39                                        
  3941.560   23.0051     2.121     -5.64                                 KURHFS 
  3941.562   23.0051     2.121     -5.36                                 KURHFS 
  3941.562   23.0051     2.121     -5.61                                 KURHFS 
  3941.564   23.0051     2.121     -5.17                                 KURHFS 
  3941.564   23.0051     2.121     -5.61                                 KURHFS 
  3941.564   23.0051     2.121     -5.66                                 KURHFS 
  3941.569   23.0051     2.121     -5.08                                 KURHFS 
  3941.569   23.0051     2.121     -5.22                                 KURHFS 
  3941.569   23.0051     2.121     -5.79                                 KURHFS 
  3941.574   23.0051     2.121     -4.97                                 KURHFS 
  3941.574   23.0051     2.121     -5.06                                 KURHFS 
  3941.574   23.0051     2.121     -6.01                                 KURHFS 
  3941.582   23.0051     2.121     -4.77                                 KURHFS 
  3941.582   23.0051     2.121     -5.11                                 KURHFS 
  3941.582   23.0051     2.121     -6.42                                 KURHFS 
  3941.590   23.0051     2.121     -4.61                                 KURHFS 
  3941.590   23.0051     2.121     -5.31                                 KURHFS 
  3941.600   23.0051     2.121     -4.47                                 KURHFS 
  3941.604      24.0     3.077     -7.28                                        
  3941.609      40.0     0.998     -0.82                                        
  3941.629      23.0     1.798     -3.45                               KURNOHFS 
  3941.646   27.0059     0.431     -3.46                                 KURHFS 
  3941.654   27.0059     0.431     -3.34                                 KURHFS 
  3941.654   27.0059     0.431     -3.91                                 KURHFS 
  3941.667   27.0059     0.431     -3.22                                 KURHFS 
  3941.667   27.0059     0.431     -3.70                                 KURHFS 
  3941.667   27.0059     0.431     -4.91                                 KURHFS 
  3941.679      44.0     1.002     -1.68                                        
  3941.685   27.0059     0.431     -3.11                                 KURHFS 
  3941.685   27.0059     0.431     -3.60                                 KURHFS 
  3941.685   27.0059     0.431     -4.70                                 KURHFS 
  3941.706   27.0059     0.431     -3.00                                 KURHFS 
  3941.706   27.0059     0.431     -3.56                                 KURHFS 
  3941.706   27.0059     0.431     -4.67                                 KURHFS 
  3941.732   27.0059     0.431     -2.91                                 KURHFS 
  3941.732   27.0059     0.431     -3.58                                 KURHFS 
  3941.732   27.0059     0.431     -4.75                                 KURHFS 
  3941.748      42.0     2.834     -1.37                                        
  3941.762   27.0059     0.431     -2.82                                 KURHFS 
  3941.762   27.0059     0.431     -3.66                                 KURHFS 
  3941.762   27.0059     0.431     -4.95                                 KURHFS 
  3941.796   27.0059     0.431     -2.73                                 KURHFS 
  3941.796   27.0059     0.431     -3.88                                 KURHFS 
  3941.796   27.0059     0.431     -5.33                                 KURHFS 
  3941.797      64.0     0.213     -0.48                                        
  3941.841      28.0     3.830     -0.65                                        
  3941.880      62.1     0.000     -0.86                                 LAWLER 
  3941.901      40.1     0.998     -1.50                                        
  3941.940      25.0     4.265     -1.36                                        
  3941.987      23.0     1.375     -0.72                               KURNOHFS 
  3942.044      21.1     4.875     -1.82                                        
  3942.071      44.0     0.385     -1.99                                        
  3942.073      90.0     0.929     -0.76                                        
  3942.131      60.1     0.064     -1.45                                        
  3942.151      58.1     0.000     -0.22                                 LAWLER 
  3942.162      24.0     0.000     -6.88                                        
  3942.222      63.1     1.249     -2.03                                        
  3942.236      73.0     0.752     -2.37                                        
  3942.245   23.0051     1.868     -2.04                                 KURHFS 
  3942.245   23.0051     1.868     -2.07                                 KURHFS 
  3942.245   23.0051     1.868     -2.19                                 KURHFS 
  3942.275   23.0051     1.868     -1.72                                 KURHFS 
  3942.275   23.0051     1.868     -2.04                                 KURHFS 
  3942.275   23.0051     1.868     -2.52                                 KURHFS 
  3942.276      22.0     1.872     -5.62                                        
  3942.365      26.0     2.988     -2.07                                        
  3942.440      26.0     2.843     -0.98                                        
  3942.458      24.0     3.447     -4.06                                        
  3942.530      66.1     0.590     -0.93                                 LAWLER 
  3942.543      92.1     1.085     -0.52                                        
  3942.550      22.0     2.332     -5.26                                        
  3942.574      68.0     1.869      1.03                                        
  3942.615      60.1     1.880      0.59                                        
  3942.620   27.0059     3.512     -3.48                                 KURHFS 
  3942.632   27.0059     3.512     -3.08                                 KURHFS 
  3942.638      64.0     0.027     -0.55                                        
  3942.643   27.0059     3.512     -2.88                                 KURHFS 
  3942.643      90.1     1.262     -1.15                                        
  3942.645      24.0     2.887     -5.97                                        
  3942.650   27.0059     3.512     -2.18                                 KURHFS 
  3942.652   27.0059     3.512     -2.78                                 KURHFS 
  3942.657   27.0059     3.512     -1.97                                 KURHFS 
  3942.661   27.0059     3.512     -2.78                                 KURHFS 
  3942.664   27.0059     3.512     -1.89                                 KURHFS 
  3942.668   27.0059     3.512     -2.94                                 KURHFS 
  3942.669   27.0059     3.512     -1.89                                 KURHFS 
  3942.673   27.0059     3.512     -1.94                                 KURHFS 
  3942.677   27.0059     3.512     -2.04                                 KURHFS 
  3942.679   27.0059     3.512     -2.24                                 KURHFS 
  3942.683   27.0059     3.512     -1.17                                 KURHFS 
  3942.684   27.0059     3.512     -2.30                                 KURHFS 
  3942.687   27.0059     3.512     -1.27                                 KURHFS 
  3942.687   27.0059     3.512     -2.04                                 KURHFS 
  3942.689   27.0059     3.512     -1.39                                 KURHFS 
  3942.689   27.0059     3.512     -1.84                                 KURHFS 
  3942.690   27.0059     3.512     -1.52                                 KURHFS 
  3942.690   27.0059     3.512     -1.67                                 KURHFS 
  3942.710      45.0     1.278     -0.48                                        
  3942.745      58.1     0.857      0.69                                 LAWLER 
  3942.750      24.0     3.085     -2.67                                        
  3942.784      26.0     3.271     -0.97                                        
  3942.795   25.0055     3.073     -5.64                                 KURHFS 
  3942.795   25.0055     3.073     -5.89                                 KURHFS 
  3942.800   25.0055     3.073     -5.57                                 KURHFS 
  3942.800   25.0055     3.073     -5.69                                 KURHFS 
  3942.800   25.0055     3.073     -5.89                                 KURHFS 
  3942.806   25.0055     3.073     -5.40                                 KURHFS 
  3942.806   25.0055     3.073     -5.63                                 KURHFS 
  3942.806   25.0055     3.073     -5.69                                 KURHFS 
  3942.811      24.0     3.446     -3.61                                        
  3942.815   25.0055     3.073     -5.21                                 KURHFS 
  3942.815   25.0055     3.073     -5.63                                 KURHFS 
  3942.815   25.0055     3.073     -5.66                                 KURHFS 
  3942.826   25.0055     3.073     -5.02                                 KURHFS 
  3942.826   25.0055     3.073     -5.66                                 KURHFS 
  3942.826   25.0055     3.073     -5.84                                 KURHFS 
  3942.840   25.0055     3.073     -4.85                                 KURHFS 
  3942.840   25.0055     3.073     -5.84                                 KURHFS 
  3942.840      92.1     0.717     -0.78                                        
  3942.850   25.0055     3.841     -2.05                                 KURHFS 
  3942.850   25.0055     3.841     -2.96                                 KURHFS 
  3942.850   25.0055     3.841     -4.18                                 KURHFS 
  3942.866   25.0055     3.841     -2.19                                 KURHFS 
  3942.866   25.0055     3.841     -2.79                                 KURHFS 
  3942.866   25.0055     3.841     -3.83                                 KURHFS 
  3942.868      26.0     3.940     -2.26                                        
  3942.878   25.0055     3.841     -2.35                                 KURHFS 
  3942.878   25.0055     3.841     -2.76                                 KURHFS 
  3942.878   25.0055     3.841     -3.71                                 KURHFS 
  3942.888   25.0055     3.841     -2.53                                 KURHFS 
  3942.888   25.0055     3.841     -2.83                                 KURHFS 
  3942.888   25.0055     3.841     -3.78                                 KURHFS 
  3942.894   25.0055     3.841     -2.75                                 KURHFS 
  3942.894   25.0055     3.841     -3.01                                 KURHFS 
  3942.898   25.0055     3.841     -3.04                                 KURHFS 
  3942.904      25.0     4.709     -0.69                                        
  3942.983      25.0     4.270     -2.47                                        
  3943.074      63.1     2.945      0.20                                        
  3943.077      42.0     2.513     -1.00                                        
  3943.131      58.1     0.320     -0.77                                 LAWLER 
  3943.177      26.0     4.188     -1.52                                        
  3943.182      68.1     0.886     -1.10                                 LAWLER 
  3943.209      24.0     3.011     -1.86                                        
  3943.236      64.0     0.000     -0.91                                        
  3943.240      62.1     0.104     -1.01                                 LAWLER 
  3943.296      24.0     4.532     -2.80                                        
  3943.336      25.1     5.103     -6.37                                        
  3943.341      26.0     2.196     -2.26                                        
  3943.394      90.1     1.140     -0.94                                        
  3943.470      24.0     3.077     -6.23                                        
  3943.476      26.0     4.217     -2.24                                        
  3943.483      23.1     1.475     -3.36                                        
  3943.488      58.1     1.091     -0.66                                        
  3943.503      42.0     2.596     -1.31                                        
  3943.535      26.0     3.940     -4.10                                        
  3943.574      26.0     3.881     -1.61                                        
  3943.586      22.0     2.295     -3.40                                        
  3943.587      23.0     2.682     -1.34                               KURNOHFS 
  3943.598      25.1     5.988     -2.24                                        
  3943.612      24.0     3.011     -1.70                                        
  3943.622      24.0     3.077     -3.03                                        
  3943.623      64.0     0.896      0.18                                        
  3943.632      24.0     3.553     -4.22                                        
  3943.650      69.1     1.110     -2.64                                 LAWLER 
  3943.653   23.0051     1.080     -1.60                                 KURHFS 
  3943.659   23.0051     1.080     -1.74                                 KURHFS 
  3943.659   23.0051     1.080     -2.44                                 KURHFS 
  3943.663      23.0     2.576     -4.93                               KURNOHFS 
  3943.663      41.0     0.197     -0.77                                        
  3943.664   23.0051     1.080     -1.91                                 KURHFS 
  3943.664   23.0051     1.080     -2.24                                 KURHFS 
  3943.664   23.0051     1.080     -3.55                                 KURHFS 
  3943.665      21.0     1.994     -2.74                               KURNOHFS 
  3943.668   23.0051     1.080     -2.10                                 KURHFS 
  3943.668   23.0051     1.080     -2.19                                 KURHFS 
  3943.668   23.0051     1.080     -3.14                                 KURHFS 
  3943.671   23.0051     1.080     -2.21                                 KURHFS 
  3943.671   23.0051     1.080     -2.36                                 KURHFS 
  3943.671   23.0051     1.080     -2.92                                 KURHFS 
  3943.674   23.0051     1.080     -2.30                                 KURHFS 
  3943.674   23.0051     1.080     -2.75                                 KURHFS 
  3943.674   23.0051     1.080     -2.80                                 KURHFS 
  3943.675   23.0051     1.080     -2.49                                 KURHFS 
  3943.675   23.0051     1.080     -2.75                                 KURHFS 
  3943.676   23.0051     1.080     -2.78                                 KURHFS 
  3943.678   23.0051     2.284     -6.48                                 KURHFS 
  3943.678   23.0051     2.284     -6.67                                 KURHFS 
  3943.683   23.0051     2.284     -6.45                                 KURHFS 
  3943.683   23.0051     2.284     -6.46                                 KURHFS 
  3943.683   23.0051     2.284     -6.67                                 KURHFS 
  3943.688      20.0     5.685     -2.53                                        
  3943.691   23.0051     2.284     -6.33                                 KURHFS 
  3943.691   23.0051     2.284     -6.35                                 KURHFS 
  3943.691   23.0051     2.284     -6.45                                 KURHFS 
  3943.691      90.1     1.545     -0.78                                        
  3943.693      25.0     4.682     -2.32                                        
  3943.702   23.0051     2.284     -6.16                                 KURHFS 
  3943.702   23.0051     2.284     -6.31                                 KURHFS 
  3943.702   23.0051     2.284     -6.35                                 KURHFS 
  3943.713      26.0     3.637     -2.99                                        
  3943.715   23.0051     2.284     -5.99                                 KURHFS 
  3943.715   23.0051     2.284     -6.31                                 KURHFS 
  3943.715   23.0051     2.284     -6.32                                 KURHFS 
  3943.730   23.0051     2.284     -5.83                                 KURHFS 
  3943.730   23.0051     2.284     -6.32                                 KURHFS 
  3943.730   23.0051     2.284     -6.40                                 KURHFS 
  3943.749   23.0051     2.284     -5.68                                 KURHFS 
  3943.749   23.0051     2.284     -6.40                                 KURHFS 
  3943.749   23.0051     2.284     -6.61                                 KURHFS 
  3943.765   23.0051     2.113     -5.21                                 KURHFS 
  3943.765   23.0051     2.113     -5.42                                 KURHFS 
  3943.765   23.0051     2.113     -5.67                                 KURHFS 
  3943.765   23.0051     2.113     -5.68                                 KURHFS 
  3943.765   23.0051     2.113     -5.71                                 KURHFS 
  3943.765   23.0051     2.113     -5.83                                 KURHFS 
  3943.765   23.0051     2.113     -5.84                                 KURHFS 
  3943.765   23.0051     2.113     -5.84                                 KURHFS 
  3943.765   23.0051     2.113     -6.02                                 KURHFS 
  3943.765   23.0051     2.113     -6.15                                 KURHFS 
  3943.765   23.0051     2.113     -6.27                                 KURHFS 
  3943.765   23.0051     2.113     -6.70                                 KURHFS 
  3943.770   23.0051     2.284     -5.55                                 KURHFS 
  3943.770   23.0051     2.284     -6.61                                 KURHFS 
  3943.775      23.1     6.161     -2.55                                        
  3943.797      24.0     2.706     -2.59                                        
  3943.801      24.0     3.461     -0.92                                        
  3943.813   27.0059     3.512     -5.15                                 KURHFS 
  3943.813   27.0059     3.512     -5.31                                 KURHFS 
  3943.814   27.0059     3.512     -5.15                                 KURHFS 
  3943.816      92.0     0.000      0.10                                        
  3943.817   27.0059     3.512     -5.25                                 KURHFS 
  3943.819   27.0059     3.512     -4.61                                 KURHFS 
  3943.821   27.0059     3.512     -4.41                                 KURHFS 
  3943.821   27.0059     3.512     -4.68                                 KURHFS 
  3943.821   27.0059     3.512     -5.45                                 KURHFS 
  3943.825   27.0059     3.512     -4.31                                 KURHFS 
  3943.826   27.0059     3.512     -5.85                                 KURHFS 
  3943.827   27.0059     3.512     -4.41                                 KURHFS 
  3943.831   21.0045     1.438     -5.29                                 KURHFS 
  3943.831   27.0059     3.512     -4.26                                 KURHFS 
  3943.832   21.0045     1.438     -5.01                                 KURHFS 
  3943.832   21.0045     1.438     -5.29                                 KURHFS 
  3943.832   21.0045     1.438     -6.31                                 KURHFS 
  3943.834   27.0059     3.512     -4.21                                 KURHFS 
  3943.835   21.0045     1.438     -4.87                                 KURHFS 
  3943.835   21.0045     1.438     -5.01                                 KURHFS 
  3943.835   21.0045     1.438     -5.61                                 KURHFS 
  3943.838   27.0059     3.512     -4.27                                 KURHFS 
  3943.839   21.0045     1.438     -4.80                                 KURHFS 
  3943.839   21.0045     1.438     -4.87                                 KURHFS 
  3943.839   21.0045     1.438     -5.16                                 KURHFS 
  3943.840      24.0     3.011     -3.83                                        
  3943.842   27.0059     3.512     -4.04                                 KURHFS 
  3943.844   21.0045     1.438     -4.79                                 KURHFS 
  3943.844   21.0045     1.438     -4.80                                 KURHFS 
  3943.844   21.0045     1.438     -4.83                                 KURHFS 
  3943.846   27.0059     3.512     -4.34                                 KURHFS 
  3943.850   21.0045     1.438     -4.57                                 KURHFS 
  3943.850   21.0045     1.438     -4.79                                 KURHFS 
  3943.850   21.0045     1.438     -4.86                                 KURHFS 
  3943.852   27.0059     3.512     -3.89                                 KURHFS 
  3943.855   27.0059     3.512     -4.55                                 KURHFS 
  3943.858   21.0045     1.438     -4.35                                 KURHFS 
  3943.858   21.0045     1.438     -4.86                                 KURHFS 
  3943.858   21.0045     1.438     -5.06                                 KURHFS 
  3943.858      25.1     5.414     -2.46                                        
  3943.861      23.0     1.871     -3.49                               KURNOHFS 
  3943.863   27.0059     3.512     -3.76                                 KURHFS 
  3943.867   21.0045     1.438     -4.16                                 KURHFS 
  3943.867   21.0045     1.438     -5.06                                 KURHFS 
  3943.875   27.0059     3.512     -3.65                                 KURHFS 
  3943.884      58.1     0.792      0.19                                 LAWLER 
  3943.889   27.0059     3.512     -3.54                                 KURHFS 
  3943.898      26.0     3.600     -5.52                                        
  3943.914   23.0051     2.314     -2.31                                 KURHFS 
  3943.915   23.0051     2.314     -2.23                                 KURHFS 
  3943.915   23.0051     2.314     -3.04                                 KURHFS 
  3943.916   23.0051     2.314     -2.15                                 KURHFS 
  3943.916   23.0051     2.314     -2.82                                 KURHFS 
  3943.916   23.0051     2.314     -4.25                                 KURHFS 
  3943.918   23.0051     2.314     -2.06                                 KURHFS 
  3943.918   23.0051     2.314     -2.73                                 KURHFS 
  3943.918   23.0051     2.314     -4.02                                 KURHFS 
  3943.920   23.0051     2.314     -1.98                                 KURHFS 
  3943.920   23.0051     2.314     -2.70                                 KURHFS 
  3943.920   23.0051     2.314     -3.97                                 KURHFS 
  3943.922   23.0051     2.314     -1.90                                 KURHFS 
  3943.922   23.0051     2.314     -2.72                                 KURHFS 
  3943.922   23.0051     2.314     -4.04                                 KURHFS 
  3943.925   23.0051     2.314     -1.83                                 KURHFS 
  3943.925   23.0051     2.314     -2.80                                 KURHFS 
  3943.925   23.0051     2.314     -4.22                                 KURHFS 
  3943.928   23.0051     2.314     -1.76                                 KURHFS 
  3943.928   23.0051     2.314     -3.03                                 KURHFS 
  3943.928   23.0051     2.314     -4.61                                 KURHFS 
  3943.932      24.0     3.963     -2.83                                        
  3943.977      22.1     4.947     -3.69                                        
  3944.006      13.0     0.000     -0.62                                        
  3944.074   23.0051     2.267     -6.82                                 KURHFS 
  3944.077   23.0051     2.267     -6.54                                 KURHFS 
  3944.077   23.0051     2.267     -6.79                                 KURHFS 
  3944.082   23.0051     2.267     -6.35                                 KURHFS 
  3944.082   23.0051     2.267     -6.79                                 KURHFS 
  3944.082   23.0051     2.267     -6.84                                 KURHFS 
  3944.090   23.0051     2.267     -6.26                                 KURHFS 
  3944.090   23.0051     2.267     -6.41                                 KURHFS 
  3944.090   23.0051     2.267     -6.97                                 KURHFS 
  3944.092      58.1     0.553     -1.05                                 LAWLER 
  3944.101   23.0051     2.267     -6.15                                 KURHFS 
  3944.101   23.0051     2.267     -6.24                                 KURHFS 
  3944.101   23.0051     2.267     -7.19                                 KURHFS 
  3944.101      28.0     3.633      0.13                                        
  3944.114   23.0051     2.267     -5.95                                 KURHFS 
  3944.114   23.0051     2.267     -6.29                                 KURHFS 
  3944.114   23.0051     2.267     -7.60                                 KURHFS 
  3944.122      27.0     3.729     -2.06                               KURNOHFS 
  3944.128      27.0     2.628     -1.90                               KURNOHFS 
  3944.130   23.0051     2.267     -5.79                                 KURHFS 
  3944.130   23.0051     2.267     -6.49                                 KURHFS 
  3944.130      92.1     0.568     -0.93                                        
  3944.149   23.0051     2.267     -5.65                                 KURHFS 
  3944.197      44.0     1.002     -1.86                                        
  3944.243      24.0     3.011     -1.52                                        
  3944.262      21.0     2.606     -2.36                               KURNOHFS 
  3944.369   27.0059     3.620     -1.49                                 KURHFS 
  3944.369   27.0059     3.620     -2.19                                 KURHFS 
  3944.375   27.0059     3.620     -1.78                                 KURHFS 
  3944.375   27.0059     3.620     -2.01                                 KURHFS 
  3944.375   27.0059     3.620     -2.19                                 KURHFS 
  3944.378      26.0     3.298     -1.36                                        
  3944.379   27.0059     3.620     -1.98                                 KURHFS 
  3944.379   27.0059     3.620     -2.01                                 KURHFS 
  3944.379   27.0059     3.620     -2.19                                 KURHFS 
  3944.383   27.0059     3.620     -1.98                                 KURHFS 
  3944.383   27.0059     3.620     -2.04                                 KURHFS 
  3944.383   27.0059     3.620     -2.91                                 KURHFS 
  3944.386   27.0059     3.620     -2.04                                 KURHFS 
  3944.386   27.0059     3.620     -2.24                                 KURHFS 
  3944.386   27.0059     3.620     -4.15                                 KURHFS 
  3944.388   27.0059     3.620     -2.24                                 KURHFS 
  3944.388   27.0059     3.620     -2.50                                 KURHFS 
  3944.421      68.0     0.624      1.13                                        
  3944.438      26.1     4.734     -3.86                                        
  3944.441      22.0     2.316     -2.83                                        
  3944.449      26.0     4.140     -1.80                                        
  3944.521      25.1     5.811     -6.20                                        
  3944.581      25.0     4.675     -2.55                                        
  3944.623      22.1     5.419     -4.71                                        
  3944.680      66.1     0.000      0.11                                 LAWLER 
  3944.726      75.0     3.409      0.25                                        
  3944.738      26.0     2.843     -2.09                                        
  3944.763      26.0     4.298     -3.10                                        
  3944.834      58.1     1.253     -0.40                                        
  3944.889      26.0     2.988     -1.46                                        
  3944.914      58.1     0.318     -0.94                                BIEMONT 
  3944.930      27.0     3.663     -0.51                               KURNOHFS 
  3944.950      60.1     0.204     -2.30                                 LAWLER 
  3944.981      26.0     3.299     -3.74                                        
  3945.117      26.0     2.756     -1.49                                        
  3945.139      24.1     4.940     -5.50                                        
  3945.176   21.0045     1.427    -10.65                                 KURHFS 
  3945.176   21.0045     1.427     -9.16                                 KURHFS 
  3945.176   21.0045     1.427     -9.79                                 KURHFS 
  3945.180   21.0045     1.427    -10.22                                 KURHFS 
  3945.180   21.0045     1.427     -9.38                                 KURHFS 
  3945.180   21.0045     1.427     -9.62                                 KURHFS 
  3945.184   21.0045     1.427     -9.63                                 KURHFS 
  3945.184   21.0045     1.427     -9.66                                 KURHFS 
  3945.184   21.0045     1.427     -9.97                                 KURHFS 
  3945.186   21.0045     1.427    -10.10                                 KURHFS 
  3945.186   21.0045     1.427     -9.80                                 KURHFS 
  3945.186   21.0045     1.427     -9.80                                 KURHFS 
  3945.191      23.0     2.096     -1.20                               KURNOHFS 
  3945.210      20.0     5.817     -2.65                                        
  3945.210      26.1     1.694     -4.25                                        
  3945.238      62.0     0.387     -1.50                                        
  3945.241      42.0     2.075     -1.65                                        
  3945.268      23.1     6.253     -4.71                                        
  3945.274   27.0059     0.922     -4.09                                 KURHFS 
  3945.279      23.1     2.898     -4.68                                        
  3945.286   27.0059     0.922     -2.98                                 KURHFS 
  3945.292      26.0     4.280     -3.79                                        
  3945.296   27.0059     0.922     -3.68                                 KURHFS 
  3945.300   27.0059     0.922     -2.14                                 KURHFS 
  3945.306   27.0059     0.922     -2.78                                 KURHFS 
  3945.312      26.0     2.873     -5.90                                        
  3945.314   27.0059     0.922     -3.46                                 KURHFS 
  3945.318   27.0059     0.922     -2.28                                 KURHFS 
  3945.323   27.0059     0.922     -2.73                                 KURHFS 
  3945.330   27.0059     0.922     -3.34                                 KURHFS 
  3945.333   27.0059     0.922     -2.44                                 KURHFS 
  3945.336      25.0     4.709     -3.78                                        
  3945.336   27.0059     0.922     -2.75                                 KURHFS 
  3945.342   27.0059     0.922     -3.29                                 KURHFS 
  3945.344   27.0059     0.922     -2.64                                 KURHFS 
  3945.346   27.0059     0.922     -2.84                                 KURHFS 
  3945.351   27.0059     0.922     -3.32                                 KURHFS 
  3945.352   27.0059     0.922     -2.90                                 KURHFS 
  3945.353   27.0059     0.922     -3.03                                 KURHFS 
  3945.357   27.0059     0.922     -3.29                                 KURHFS 
  3945.395      59.0     0.171      0.10                                        
  3945.490      24.0     3.008     -1.52                                        
  3945.495      25.1     5.105     -7.06                                        
  3945.507      90.1     1.345     -0.57                                        
  3945.532      64.0     0.124     -0.07                                        
  3945.558      24.0     2.998     -2.19                                        
  3945.576      25.0     4.723     -1.28                                        
  3945.584      44.0     2.012      0.31                                        
  3945.763      27.1     2.727     -4.30                                        
  3945.820      90.1     1.262     -1.06                                        
  3945.844      26.0     4.253     -4.12                                        
  3945.878      23.0     1.802     -1.30                               KURNOHFS 
  3945.960      24.0     3.008     -1.65                                        
  3945.990      62.1     0.659     -2.34                                 LAWLER 
  3946.033      20.0     2.707     -1.34                                        
  3946.047      58.1     0.553     -2.14                                 LAWLER 
  3946.058      26.0     3.639     -4.75                                        
  3946.063   27.0059     3.710     -2.39                                 KURHFS 
  3946.063   27.0059     3.710     -2.64                                 KURHFS 
  3946.065   23.0051     2.276     -3.95                                 KURHFS 
  3946.066   23.0051     2.276     -3.54                                 KURHFS 
  3946.066   23.0051     2.276     -3.67                                 KURHFS 
  3946.066   23.0051     2.276     -3.67                                 KURHFS 
  3946.066   23.0051     2.276     -3.95                                 KURHFS 
  3946.066   23.0051     2.276     -4.28                                 KURHFS 
  3946.066   23.0051     2.276     -4.97                                 KURHFS 
  3946.068   23.0051     2.276     -3.47                                 KURHFS 
  3946.068   23.0051     2.276     -3.54                                 KURHFS 
  3946.068   23.0051     2.276     -3.83                                 KURHFS 
  3946.069   23.0051     2.276     -3.46                                 KURHFS 
  3946.069   23.0051     2.276     -3.47                                 KURHFS 
  3946.069   23.0051     2.276     -3.50                                 KURHFS 
  3946.071   23.0051     2.276     -3.23                                 KURHFS 
  3946.071   23.0051     2.276     -3.46                                 KURHFS 
  3946.071   23.0051     2.276     -3.53                                 KURHFS 
  3946.071   27.0059     3.710     -2.19                                 KURHFS 
  3946.071   27.0059     3.710     -2.39                                 KURHFS 
  3946.071   27.0059     3.710     -4.30                                 KURHFS 
  3946.073   23.0051     2.276     -3.02                                 KURHFS 
  3946.073   23.0051     2.276     -3.53                                 KURHFS 
  3946.073   23.0051     2.276     -3.73                                 KURHFS 
  3946.076   23.0051     2.276     -2.83                                 KURHFS 
  3946.076   23.0051     2.276     -3.73                                 KURHFS 
  3946.083   27.0059     3.710     -2.13                                 KURHFS 
  3946.083   27.0059     3.710     -2.19                                 KURHFS 
  3946.083   27.0059     3.710     -3.05                                 KURHFS 
  3946.098   27.0059     3.710     -2.13                                 KURHFS 
  3946.098   27.0059     3.710     -2.16                                 KURHFS 
  3946.098   27.0059     3.710     -2.34                                 KURHFS 
  3946.118   27.0059     3.710     -1.93                                 KURHFS 
  3946.118   27.0059     3.710     -2.16                                 KURHFS 
  3946.118   27.0059     3.710     -2.34                                 KURHFS 
  3946.141   27.0059     3.710     -1.64                                 KURHFS 
  3946.141   27.0059     3.710     -2.34                                 KURHFS 
  3946.146      90.1     1.661     -0.26                                        
  3946.177      21.0     2.000     -1.00                               KURNOHFS 
  3946.187      28.0     0.165     -5.47                                        
  3946.280      77.0     2.067     -0.86                                        
  3946.327      44.0     1.460     -1.57                                        
  3946.369      23.0     1.798     -1.83                               KURNOHFS 
  3946.510      62.1     0.184     -0.94                                 LAWLER 
  3946.514      25.1     5.563     -3.92                                        
  3946.531      24.1     5.489     -5.92                                        
  3946.565      24.1     4.741     -7.38                                        
  3946.611   27.0059     1.954     -3.45                                 KURHFS 
  3946.611   27.0059     1.954     -3.45                                 KURHFS 
  3946.611   27.0059     1.954     -3.75                                 KURHFS 
  3946.615      24.0     4.443     -3.70                                        
  3946.619   27.0059     1.954     -3.29                                 KURHFS 
  3946.619   27.0059     1.954     -3.31                                 KURHFS 
  3946.619   27.0059     1.954     -3.63                                 KURHFS 
  3946.628   27.0059     1.954     -3.03                                 KURHFS 
  3946.628   27.0059     1.954     -3.28                                 KURHFS 
  3946.628   27.0059     1.954     -3.88                                 KURHFS 
  3946.640   27.0059     1.954     -2.82                                 KURHFS 
  3946.640   27.0059     1.954     -3.44                                 KURHFS 
  3946.640   27.0059     1.954     -4.31                                 KURHFS 
  3946.702      58.1     0.969     -0.48                                        
  3946.718      27.0     3.213     -3.88                               KURNOHFS 
  3946.778      42.0     2.834     -1.78                                        
  3946.782   65.1159     0.373     -4.26                                 LAWLER 
  3946.796   65.1159     0.373     -4.33                                 LAWLER 
  3946.797      60.1     1.410     -0.21                                        
  3946.808   65.1159     0.373     -2.31                                 LAWLER 
  3946.828   65.1159     0.373     -0.91                                 LAWLER 
  3946.830   65.1159     0.373     -2.19                                 LAWLER 
  3946.855   65.1159     0.373     -2.31                                 LAWLER 
  3946.856   65.1159     0.373     -0.84                                 LAWLER 
  3946.865      24.0     4.407     -2.90                                        
  3946.873      42.0     3.315     -1.17                                        
  3946.889   65.1159     0.373     -0.78                                 LAWLER 
  3946.927   65.1159     0.373     -0.71                                 LAWLER 
  3946.930      66.1     1.690      0.00                                 LAWLER 
  3946.934      25.0     4.723     -2.33                                        
  3946.945      29.0     5.773     -1.84                                        
  3946.972      27.0     3.250     -4.44                               KURNOHFS 
  3946.995      26.0     3.209     -0.95                                        
