Ir I     3513       line list                                 
  3511.009      21.0      1.45   -3.1460                                        
  3511.019      73.0      0.70   -0.7799                                        
  3511.185      25.0      2.14   -3.0660                                        
  3511.222      26.1      4.08   -3.5470                                        
  3511.226      62.1      0.10   -1.1490                                        
  3511.278      26.0      3.24   -5.7071                                        
  3511.284      24.0      4.24   -2.4479                                        
  3511.297      23.0      1.93   -4.6929                                        
  3511.348      23.0      2.04   -5.5950                                        
  3511.349      25.1      4.94   -4.6819                                        
  3511.380      23.0      2.58   -2.8511                                        
  3511.403      23.1      2.27   -2.3500                                        
  3511.465      26.0      2.69   -4.8771                                        
  3511.516      21.0      1.43   -3.1490                                        
  3511.562      90.1      0.56   -0.6330                                        
  3511.578      40.1      1.83   -1.0000                                        
  3511.578      92.1      0.04   -1.4270                                        
  3511.619      28.0      3.64   -1.0458                                ADJ     
  3511.625      22.0      0.02   -3.2080                                        
  3511.648      21.0      1.45   -2.2020                                        
  3511.704      25.0      4.35   -2.4350                                        
  3511.739      26.0      2.56   -2.3979                                ADJ     
  3511.826      25.0      4.64   -0.4460                                        
  3511.834      24.1      2.48   -1.7696                                ADJ     
  3511.831      29.0      3.82   -1.0600                                        
  3511.844      23.0      1.80   -4.9539                                        
  3511.871      23.0      2.37   -1.4959                                        
  3511.917      28.0      3.74   -0.8210                                        
  3511.986      25.0      2.92   -3.9488                                        
  3511.986      29.0      3.82   -2.0100                                        
  3512.057      23.0      1.08   -5.2300                                        
  3512.063      23.1      2.76   -2.6951                                        
  3512.082      26.0      2.85   -2.3468                                ADJ     
  3512.140      23.1      3.33   -1.7560                                        
  3512.210     106.0     1.393   -2.9259               3.470                    
  3512.219      64.1      0.43   -0.3010                                        
  3512.225      26.0      2.85   -1.4609                                OBRIAN  
  3512.233     106.0     1.393   -2.9751               3.470                    
  3512.247      24.0      3.55   -2.7331                                        
  3512.285      24.0      3.12   -3.5560                                        
  3512.370      26.0      3.50   -2.3010                                ADJ     
  3512.409      27.0      2.01   -3.2570                                        
  3512.424      22.0      2.50   -2.3280                                        
  3512.431      23.0      0.00   -5.2780                                        
  3512.461     106.0     1.482   -2.3140               3.470                    
  3512.514     106.0     1.482   -2.3380               3.470                    
  3512.538     106.0     2.687   -2.3910               3.470                    
  3512.569      22.0      2.29   -3.8330                                        
  3512.611      23.1      2.27   -3.4920                                        
  3512.631      40.1      0.96   -1.0000                                        
  3512.637      27.0      0.58   -0.1530                                        
  3512.652      24.0      3.00   -2.0750                                        
  3512.653      23.0      0.29   -4.2500                                        
  3512.677      26.0      2.88   -2.8861                                ADJ     
  3512.723      26.0      3.27   -2.3188                                ADJ     
  3512.740      24.0      3.56   -1.4270                                        
  3512.742      90.1      1.21   -0.6731                                        
  3512.756     106.0     2.688   -2.4010               3.470                    
  3512.804      26.0      2.87   -2.8861                                ADJ     
  3512.831      23.0      1.08   -3.2810                                        
  3512.836      28.0      3.40   -4.6921                                        
  3512.911      62.1      0.66   -0.9020                                        
  3512.916      23.0      0.02   -4.9961                                        
  3512.923      57.1      0.23   -1.5200                                        
  3512.955      26.0      3.07   -1.7841                                        
  3512.995      76.0      1.58   -0.5200                                        
  3513.042      24.1      4.75   -1.5550                                        
  3513.063      26.0      1.56   -2.4437                                ADJ     
  3513.063      22.1      0.13   -4.1820                                        
  3513.155     106.0     2.600   -2.0670               3.470                    
  3513.179      24.0      4.24   -1.9488                                        
  3513.199      27.0      3.13   -1.7340                                        
  3513.270     106.0     2.600   -2.0790               3.470                    
  3513.279      22.1      4.96   -1.6021                                ADJ     
  3513.279      72.0      1.31   -0.5300                                        
  3513.320      27.0      3.28   -1.0610                                        
  3513.380      23.0      1.80   -5.7870                                        
  3513.380      23.0      1.93   -2.8771                                        
  3513.382      27.0      2.14   -2.5711                                        
  3513.399      23.0      1.95   -2.2240                                        
  3513.451      21.0      2.00   -0.7820                                        
  3513.472      22.0      1.89   -1.5311                                        
  3513.481      27.0      0.10   -0.5229                                ADJ     
  3513.507      23.0      2.58   -4.4891                                        
  3513.511      25.0      4.73   -3.5619                                        
  3513.541      23.1      4.24   -5.2400                                        
  3513.592      26.0      2.81   -2.7959                                ADJ     
  3513.611      73.0      1.46   -0.4200                                        
  3513.648      77.0      0.00   -1.2078                                IVARSSON
  3513.658      64.0      0.12   -0.2960                                        
  3513.725      26.0      3.50   -2.3010                                ADJ     
  3513.743      23.0      1.87   -3.8901                                        
  3513.785      58.1      0.12   -1.4779                                        
  3513.815      26.0      0.86   -1.4881                                OBRIAN  
  3513.827      27.0      3.25   -0.9431                                        
  3513.847      24.0      3.55   -1.8948                                        
  3513.873      23.1      2.51   -1.3080                                        
  3513.883      24.0      3.56   -1.6801                                        
  3513.946      28.0      0.21   -2.0969                                ADJ     
  3513.997      28.1      2.87   -1.8239                                ADJ     
  3514.013      27.0      3.02   -5.4740                                        
  3514.023      23.0      1.35   -3.5180                                        
  3514.053      22.0      2.41   -3.8480                                        
  3514.061      57.0      0.13   -0.8300                                        
  3514.124      26.1      4.73   -3.9940                                        
  3514.214      27.1      2.27   -2.9212                                        
  3514.336      25.0      2.19   -4.3720                                        
  3514.336      25.0      3.77   -3.9248                                        
  3514.360      27.0      3.28   -4.5390                                        
  3514.404      27.0      3.02   -6.2570                                        
  3514.414      23.1      2.27   -1.5229                                ADJ     
  3514.429      24.1      4.38   -3.6780                                        
  3514.442     106.0     1.701   -2.4181               3.470                    
  3514.465      26.0      1.49   -4.1549                                ADJ     
  3514.499     106.0     1.701   -2.3930               3.470                    
  3514.526      90.1      1.17   -0.5589                                        
  3514.597      22.0      2.32   -4.5950                                        
  3514.597      23.0      0.04   -5.2340                                        
  3514.628      26.0      2.40   -2.0969                                ADJ     
  3514.628     106.0     2.115   -2.1620               3.470                    
  3514.632      40.1      1.74   -0.7001                                        
  3514.654      22.0      2.31   -4.9788                                        
  3514.661      22.0      2.43   -3.3500                                        
  3514.795      26.0      2.45   -3.8239                                ADJ     
  3514.822     106.0     2.115   -2.1750               3.470                    
  3514.962      90.1      1.15   -1.0350                                        
  3514.994     106.0     2.037   -2.5781               3.470                    
  3515.000     106.0     2.037   -2.5960               3.470                    
  3515.038      24.0      0.94   -5.2780                                        
  3515.049      28.0      0.11   -0.2630                                        
  3515.099      24.0      3.97   -1.9630                                        
  3515.231      92.1      0.55   -1.0200                                        
  3515.232      23.0      0.30   -3.8060                                        
  3515.309      25.0      3.77   -3.6690                                        
  3515.362      21.0      1.44   -2.1760                                        
  3515.363      25.0      3.77   -0.9961                                        
  3515.409      26.0      2.61   -3.1549                                ADJ     
  3515.434      22.0      2.27   -1.1650                                        
  3515.440      23.0      1.89   -4.6509                                        
  3515.450      22.1      4.95   -1.1180                                        
  3515.450      24.0      3.01   -4.7390                                        
  3515.470      27.0      3.02   -4.4150                                        
  3515.494      25.0      3.77   -1.2370                                        
  3515.530      26.0      3.50   -2.6021                                FAKE?   
  3515.614      22.0      0.82   -6.7270                                        
  3515.628      22.0      2.31   -5.1110                                        
  3515.685      25.0      4.33   -2.1549                                ADJ     
  3515.798      24.0      3.11   -3.8948                                        
  3515.801      27.0      3.13   -5.8630                                        
  3515.828      21.0      1.94   -3.2990                                        
  3515.837      25.0      4.66   -3.7739                                        
  3515.925      26.0      2.73   -5.6859                                        
  3515.947      77.0      0.88   -1.5800                                        
