Mo I     3798.2       line list
  3794.904   27.0059     2.040     -4.86                                 KURHFS 
  3794.904   27.0059     2.040     -5.23                                 KURHFS 
  3794.904   27.0059     2.040     -6.42                                 KURHFS 
  3794.915   23.0051     0.300     -1.94                                 KURHFS 
  3794.915   23.0051     0.300     -2.14                                 KURHFS 
  3794.919   23.0051     0.300     -1.92                                 KURHFS 
  3794.919   23.0051     0.300     -1.93                                 KURHFS 
  3794.919   23.0051     0.300     -2.14                                 KURHFS 
  3794.922   27.0059     2.040     -4.73                                 KURHFS 
  3794.922   27.0059     2.040     -5.30                                 KURHFS 
  3794.922   27.0059     2.040     -6.82                                 KURHFS 
  3794.925   23.0051     0.300     -1.79                                 KURHFS 
  3794.925   23.0051     0.300     -1.81                                 KURHFS 
  3794.925   23.0051     0.300     -1.92                                 KURHFS 
  3794.933   23.0051     0.300     -1.62                                 KURHFS 
  3794.933   23.0051     0.300     -1.77                                 KURHFS 
  3794.933   23.0051     0.300     -1.81                                 KURHFS 
  3794.942   23.0051     0.300     -1.45                                 KURHFS 
  3794.942   23.0051     0.300     -1.77                                 KURHFS 
  3794.942   23.0051     0.300     -1.78                                 KURHFS 
  3794.942   27.0059     2.040     -4.61                                 KURHFS 
  3794.942   27.0059     2.040     -5.52                                 KURHFS 
  3794.954   23.0051     0.300     -1.29                                 KURHFS 
  3794.954   23.0051     0.300     -1.78                                 KURHFS 
  3794.954   23.0051     0.300     -1.86                                 KURHFS 
  3794.966   27.0059     2.040     -4.51                                 KURHFS 
  3794.968   23.0051     0.300     -1.15                                 KURHFS 
  3794.968   23.0051     0.300     -1.86                                 KURHFS 
  3794.968   23.0051     0.300     -2.07                                 KURHFS 
  3794.983   23.0051     0.300     -1.01                                 KURHFS 
  3794.983   23.0051     0.300     -2.07                                 KURHFS 
  3794.993   23.0051     0.017     -3.61                                 KURHFS 
  3794.993   23.0051     0.017     -3.87                                 KURHFS 
  3794.993   23.0051     0.017     -3.90                                 KURHFS 
  3794.996   23.0051     0.017     -3.42                                 KURHFS 
  3794.996   23.0051     0.017     -3.48                                 KURHFS 
  3794.996   23.0051     0.017     -3.87                                 KURHFS 
  3795.001   23.0051     0.017     -3.22                                 KURHFS 
  3795.001   23.0051     0.017     -3.33                                 KURHFS 
  3795.001   23.0051     0.017     -3.92                                 KURHFS 
  3795.002      26.0     0.989     -0.76                                        
  3795.006       3.0     1.846     -1.58                                        
  3795.007   23.0051     0.017     -3.02                                 KURHFS 
  3795.007   23.0051     0.017     -3.31                                 KURHFS 
  3795.007   23.0051     0.017     -4.04                                 KURHFS 
  3795.010      21.0     2.606     -2.22                               KURNOHFS 
  3795.011      58.1     0.295     -0.89                                 LAWLER 
  3795.015   23.0051     0.017     -2.86                                 KURHFS 
  3795.015   23.0051     0.017     -3.36                                 KURHFS 
  3795.015   23.0051     0.017     -4.26                                 KURHFS 
  3795.024   23.0051     0.017     -2.72                                 KURHFS 
  3795.024   23.0051     0.017     -3.56                                 KURHFS 
  3795.024   23.0051     0.017     -4.67                                 KURHFS 
  3795.055       3.0     1.846     -1.32                                        
  3795.055       3.0     1.846     -2.28                                        
  3795.082      25.1     5.490     -3.66                                        
  3795.110      60.1     0.204     -2.07                                 LAWLER 
  3795.113      92.1     0.284     -1.18                                        
  3795.170      69.1     0.029     -1.58                                 LAWLER 
  3795.177      44.0     1.316     -1.27                                        
  3795.246      58.1     0.470     -0.76                                 LAWLER 
  3795.260      64.1     0.354     -1.58                                 LAWLER 
  3795.301      42.0     3.196     -0.98                                        
  3795.350      25.1     6.908     -2.29                                        
  3795.411      22.0     2.152     -2.85                                        
  3795.443      23.0     2.636     -1.12                               KURNOHFS 
  3795.445      28.0     3.696     -3.89                                        
  3795.450      60.1     0.204     -0.65                                 LAWLER 
  3795.486      21.0     2.612     -1.96                               KURNOHFS 
  3795.522      20.0     2.707     -1.66                                        
  3795.553      28.0     3.396     -5.32                                        
  3795.578      27.0     3.620     -4.48                               KURNOHFS 
  3795.598   25.0055     2.918     -5.24                                 KURHFS 
  3795.598   25.0055     2.918     -6.16                                 KURHFS 
  3795.598   25.0055     2.918     -7.37                                 KURHFS 
  3795.600   25.0055     2.918     -5.38                                 KURHFS 
  3795.600   25.0055     2.918     -5.98                                 KURHFS 
  3795.600   25.0055     2.918     -7.02                                 KURHFS 
  3795.602   25.0055     2.918     -5.54                                 KURHFS 
  3795.602   25.0055     2.918     -5.95                                 KURHFS 
  3795.602   25.0055     2.918     -6.89                                 KURHFS 
  3795.604   25.0055     2.918     -5.72                                 KURHFS 
  3795.604   25.0055     2.918     -5.94                                 KURHFS 
  3795.604   25.0055     2.918     -6.02                                 KURHFS 
  3795.604   25.0055     2.918     -6.20                                 KURHFS 
  3795.604   25.0055     2.918     -6.97                                 KURHFS 
  3795.605   25.0055     2.918     -6.23                                 KURHFS 
  3795.676      22.0     2.235     -3.53                                        
  3795.676      76.0     3.010     -0.15                                        
  3795.734      23.0     2.357     -2.41                               KURNOHFS 
  3795.750      64.0     0.124     -0.78                                        
  3795.759      42.0     2.621     -1.74                                        
  3795.760      69.1     0.029     -0.23                                 LAWLER 
  3795.798      20.0     2.707     -5.18                                        
  3795.803      20.0     2.707     -6.61                                        
  3795.830   27.0059     3.512     -3.98                                 KURHFS 
  3795.831   27.0059     3.512     -3.77                                 KURHFS 
  3795.832   27.0059     3.512     -3.69                                 KURHFS 
  3795.833   27.0059     3.512     -3.68                                 KURHFS 
  3795.835   27.0059     3.512     -3.72                                 KURHFS 
  3795.837   27.0059     3.512     -3.83                                 KURHFS 
  3795.839   27.0059     3.512     -4.05                                 KURHFS 
  3795.846   27.0059     3.512     -3.85                                 KURHFS 
  3795.847   27.0059     3.512     -3.84                                 KURHFS 
  3795.848   27.0059     3.512     -3.70                                 KURHFS 
  3795.850   27.0059     3.512     -3.53                                 KURHFS 
  3795.852   27.0059     3.512     -3.36                                 KURHFS 
  3795.854   27.0059     3.512     -4.05                                 KURHFS 
  3795.855   27.0059     3.512     -3.20                                 KURHFS 
  3795.858   27.0059     3.512     -3.06                                 KURHFS 
  3795.859   27.0059     3.512     -3.83                                 KURHFS 
  3795.861   27.0059     3.512     -2.92                                 KURHFS 
  3795.864   27.0059     3.512     -3.72                                 KURHFS 
  3795.870   27.0059     3.512     -3.68                                 KURHFS 
  3795.876   27.0059     3.512     -3.69                                 KURHFS 
  3795.882   27.0059     3.512     -3.77                                 KURHFS 
  3795.889   27.0059     3.512     -3.98                                 KURHFS 
  3795.894      22.0     1.442     -0.29                                        
  3795.896      23.1     5.784     -3.75                                        
  3795.938      64.1     1.614     -0.10                                        
  3795.962      42.0     3.185     -1.57                                        
  3795.979      23.0     2.636     -2.42                               KURNOHFS 
  3796.005      22.0     2.229     -3.39                                        
  3796.007      22.0     2.248     -2.75                                        
  3796.007      79.0     5.101     -0.39                                        
  3796.012      26.0     2.402     -2.68                                        
  3796.035      22.0     2.115     -4.77                                        
  3796.185      92.0     0.479     -0.06                                        
  3796.190   23.0051     2.255     -4.39                                 KURHFS 
  3796.190   23.0051     2.255     -4.65                                 KURHFS 
  3796.195   23.0051     2.255     -4.20                                 KURHFS 
  3796.195   23.0051     2.255     -4.39                                 KURHFS 
  3796.195   23.0051     2.255     -6.30                                 KURHFS 
  3796.203   23.0051     2.255     -4.13                                 KURHFS 
  3796.203   23.0051     2.255     -4.20                                 KURHFS 
  3796.203   23.0051     2.255     -5.06                                 KURHFS 
  3796.205      23.0     1.891     -1.11                               KURNOHFS 
  3796.214   23.0051     2.255     -4.13                                 KURHFS 
  3796.214   23.0051     2.255     -4.16                                 KURHFS 
  3796.214   23.0051     2.255     -4.34                                 KURHFS 
  3796.226   23.0051     2.255     -3.94                                 KURHFS 
  3796.226   23.0051     2.255     -4.16                                 KURHFS 
  3796.226   23.0051     2.255     -4.34                                 KURHFS 
  3796.229      23.0     1.941     -1.81                               KURNOHFS 
  3796.242   23.0051     2.255     -3.64                                 KURHFS 
  3796.242   23.0051     2.255     -4.34                                 KURHFS 
  3796.267      42.0     2.595     -1.40                                        
  3796.281      74.0     2.420     -0.60                                        
  3796.370      64.0     0.066     -1.00                                        
  3796.380      64.1     0.032      0.02                                 LAWLER 
  3796.431      41.0     1.893     -0.04                                        
  3796.441      25.1     5.544     -2.07                                        
  3796.446      60.1     1.687      0.38                                        
  3796.462      23.0     1.871     -0.90                               KURNOHFS 
  3796.496      40.1     1.010     -0.83                                BIEMONT 
  3796.505      23.1     2.898     -1.88                                        
  3796.530      92.1     0.578     -0.85                                        
  3796.555      22.0     2.235     -3.14                                        
  3796.558      25.0     4.751     -2.03                                        
  3796.559      26.1     4.612     -3.80                                        
  3796.560   23.0051     1.944     -7.15                                 KURHFS 
  3796.560   23.0051     1.944     -7.41                                 KURHFS 
  3796.560   23.0051     1.944     -7.44                                 KURHFS 
  3796.563   23.0051     1.944     -6.96                                 KURHFS 
  3796.563   23.0051     1.944     -7.02                                 KURHFS 
  3796.563   23.0051     1.944     -7.41                                 KURHFS 
  3796.568   23.0051     1.944     -6.76                                 KURHFS 
  3796.568   23.0051     1.944     -6.87                                 KURHFS 
  3796.568   23.0051     1.944     -7.46                                 KURHFS 
  3796.574   23.0051     1.944     -6.57                                 KURHFS 
  3796.574   23.0051     1.944     -6.85                                 KURHFS 
  3796.574   23.0051     1.944     -7.58                                 KURHFS 
  3796.581   23.0051     1.944     -6.40                                 KURHFS 
  3796.581   23.0051     1.944     -6.91                                 KURHFS 
  3796.581   23.0051     1.944     -7.81                                 KURHFS 
  3796.590   23.0051     1.944     -6.26                                 KURHFS 
  3796.590   23.0051     1.944     -7.10                                 KURHFS 
  3796.590   23.0051     1.944     -8.22                                 KURHFS 
  3796.590      41.0     0.197     -1.31                                        
  3796.596      75.0     1.435     -1.22                                        
  3796.602   67.1165     0.000     -2.07                                LAWLER  
  3796.615   67.1165     0.000     -1.85                                LAWLER  
  3796.628   67.1165     0.000     -1.01                                LAWLER  
  3796.632   67.1165     0.000     -1.75                                LAWLER  
  3796.645   67.1165     0.000     -0.98                                LAWLER  
  3796.649      24.0     2.897     -8.35                                        
  3796.651   67.1165     0.000     -1.72                                LAWLER  
  3796.659      24.0     4.201     -3.09                                        
  3796.666   67.1165     0.000     -0.93                                LAWLER  
  3796.671   67.1165     0.000     -2.07                                LAWLER  
  3796.673   67.1165     0.000     -1.75                                LAWLER  
  3796.676      58.1     0.956     -0.77                                        
  3796.687      42.0     2.596     -1.65                                        
  3796.689   67.1165     0.000     -0.88                                LAWLER  
  3796.696   67.1165     0.000     -1.85                                LAWLER  
  3796.698   67.1165     0.000     -1.84                                LAWLER  
  3796.716   67.1165     0.000     -0.81                                LAWLER  
  3796.724   67.1165     0.000     -1.75                                LAWLER  
  3796.727   67.1165     0.000     -2.06                                LAWLER  
  3796.732      90.0     1.090     -0.48                                        
  3796.745   67.1165     0.000     -0.74                                LAWLER  
  3796.755   67.1165     0.000     -1.72                                LAWLER  
  3796.777   67.1165     0.000     -0.68                                LAWLER  
  3796.784      24.0     2.965     -3.96                                        
  3796.788   67.1165     0.000     -1.75                                LAWLER  
  3796.811   67.1165     0.000     -0.61                                LAWLER  
  3796.819   27.0059     3.189     -7.73                                 KURHFS 
  3796.819   27.0059     3.189     -7.99                                 KURHFS 
  3796.824   67.1165     0.000     -1.84                                LAWLER  
  3796.826   27.0059     3.189     -7.53                                 KURHFS 
  3796.826   27.0059     3.189     -7.73                                 KURHFS 
  3796.826   27.0059     3.189     -9.64                                 KURHFS 
  3796.826      41.0     1.674     -0.25                                        
  3796.838   27.0059     3.189     -7.47                                 KURHFS 
  3796.838   27.0059     3.189     -7.53                                 KURHFS 
  3796.838   27.0059     3.189     -8.40                                 KURHFS 
  3796.842      24.0     3.419     -1.92                                        
  3796.843      92.1     0.798     -0.63                                        
  3796.853   27.0059     3.189     -7.47                                 KURHFS 
  3796.853   27.0059     3.189     -7.50                                 KURHFS 
  3796.853   27.0059     3.189     -7.68                                 KURHFS 
  3796.861      23.0     2.357     -6.18                               KURNOHFS 
  3796.862   67.1165     0.000     -2.06                                LAWLER  
  3796.871   27.0059     3.189     -7.28                                 KURHFS 
  3796.871   27.0059     3.189     -7.50                                 KURHFS 
  3796.871   27.0059     3.189     -7.68                                 KURHFS 
  3796.874      27.1     5.065     -4.16                                        
  3796.883      22.1     0.573     -2.60                                        
  3796.894   27.0059     3.189     -6.98                                 KURHFS 
  3796.894   27.0059     3.189     -7.68                                 KURHFS 
  3796.968      24.0     2.542     -3.27                                        
  3797.032      42.0     2.062     -1.39                                        
  3797.057      68.1     0.055     -1.03                                 LAWLER 
  3797.129      24.0     3.011     -0.31                                        
  3797.150      22.0     2.173     -6.63                                        
  3797.150      22.0     2.248     -2.32                                        
  3797.167      20.0     5.317     -2.80                                        
  3797.169      12.0     4.343     -2.00                                        
  3797.170      22.0     2.238     -2.68                                        
  3797.258      29.0     5.570     -1.81                                        
  3797.280      62.1     0.104     -1.40                                 LAWLER 
  3797.299      26.0     4.188     -2.23                                        
  3797.301      42.0     1.359     -1.45                                        
  3797.303      26.0     3.940     -3.23                                        
  3797.322      21.0     4.183     -1.58                                        
  3797.398      24.0     3.842     -0.80                                        
  3797.424      28.0     3.895     -1.68                                        
  3797.431   27.0059     2.041     -4.44                                 KURHFS 
  3797.431   27.0059     2.041     -4.62                                 KURHFS 
  3797.434   27.0059     2.041     -4.32                                 KURHFS 
  3797.434   27.0059     2.041     -4.44                                 KURHFS 
  3797.438   27.0059     2.041     -4.32                                 KURHFS 
  3797.438   27.0059     2.041     -4.43                                 KURHFS 
  3797.438   27.0059     2.041     -4.64                                 KURHFS 
  3797.443   27.0059     2.041     -4.02                                 KURHFS 
  3797.443   27.0059     2.041     -4.43                                 KURHFS 
  3797.445      26.0     3.299     -3.27                                        
  3797.455      90.1     1.956     -0.63                                        
  3797.470      24.0     2.542     -1.75                                        
  3797.473      42.0     3.300     -0.80                                        
  3797.515      26.0     3.234      0.11                                        
  3797.545      21.0     2.000     -3.34                               KURNOHFS 
  3797.582      75.0     1.811     -0.85                                        
  3797.584      22.0     2.675     -3.91                                        
  3797.651      25.0     4.255     -1.72                                        
  3797.676      24.0     3.887     -3.86                                        
  3797.708      22.0     0.021     -5.77                                        
  3797.715      24.0     3.011      0.18                                        
  3797.740      62.1     0.543     -0.26                                 LAWLER 
  3797.767      92.0     1.401      0.76                                        
  3797.799   23.0051     2.245     -4.68                                 KURHFS 
  3797.799   23.0051     2.245     -4.70                                 KURHFS 
  3797.799   23.0051     2.245     -4.83                                 KURHFS 
  3797.801   23.0051     2.245     -4.36                                 KURHFS 
  3797.801   23.0051     2.245     -4.68                                 KURHFS 
  3797.801   23.0051     2.245     -5.16                                 KURHFS 
  3797.863      24.0     2.543     -2.23                                        
  3797.898       1.0    10.191     -1.51                                        
  3797.900      21.0     2.294     -3.23                               KURNOHFS 
  3797.924      25.1     5.832     -4.64                                        
  3797.949      26.0     2.586     -1.72                                        
  3797.955      26.0     3.600     -6.81                                        
  3797.961   27.0059     3.277     -5.59                                 KURHFS 
  3797.961   27.0059     3.277     -5.85                                 KURHFS 
  3797.965   27.0059     3.277     -5.39                                 KURHFS 
  3797.965   27.0059     3.277     -5.59                                 KURHFS 
  3797.965   27.0059     3.277     -7.50                                 KURHFS 
  3797.972   27.0059     3.277     -5.33                                 KURHFS 
  3797.972   27.0059     3.277     -5.39                                 KURHFS 
  3797.972   27.0059     3.277     -6.26                                 KURHFS 
  3797.980   27.0059     3.277     -5.33                                 KURHFS 
  3797.980   27.0059     3.277     -5.36                                 KURHFS 
  3797.980   27.0059     3.277     -5.54                                 KURHFS 
  3797.990   27.0059     3.277     -5.14                                 KURHFS 
  3797.990   27.0059     3.277     -5.36                                 KURHFS 
  3797.990   27.0059     3.277     -5.54                                 KURHFS 
  3798.003   27.0059     3.277     -4.84                                 KURHFS 
  3798.003   27.0059     3.277     -5.54                                 KURHFS 
  3798.011      42.0     2.494     -1.34                                        
  3798.028   27.0059     2.135     -4.71                                 KURHFS 
  3798.032   27.0059     2.135     -4.43                                 KURHFS 
  3798.032   27.0059     2.135     -4.71                                 KURHFS 
  3798.032   27.0059     2.135     -5.73                                 KURHFS 
  3798.040   27.0059     2.135     -4.29                                 KURHFS 
  3798.040   27.0059     2.135     -4.43                                 KURHFS 
  3798.040   27.0059     2.135     -5.03                                 KURHFS 
  3798.042      25.1     5.832     -4.43                                        
  3798.050      44.0     0.385     -0.87                                        
  3798.052   27.0059     2.135     -4.22                                 KURHFS 
  3798.052   27.0059     2.135     -4.29                                 KURHFS 
  3798.052   27.0059     2.135     -4.58                                 KURHFS 
  3798.068   27.0059     2.135     -4.22                                 KURHFS 
  3798.068   27.0059     2.135     -4.22                                 KURHFS 
  3798.068   27.0059     2.135     -4.25                                 KURHFS 
  3798.089   27.0059     2.135     -3.99                                 KURHFS 
  3798.089   27.0059     2.135     -4.22                                 KURHFS 
  3798.089   27.0059     2.135     -4.28                                 KURHFS 
  3798.104      90.0     0.615     -0.95                                        
  3798.113      26.0     3.692     -9.30                                        
  3798.113   27.0059     2.135     -3.77                                 KURHFS 
  3798.113   27.0059     2.135     -4.28                                 KURHFS 
  3798.113   27.0059     2.135     -4.49                                 KURHFS 
  3798.122      41.0     0.049     -0.16                                        
  3798.141   27.0059     2.135     -3.58                                 KURHFS 
  3798.141   27.0059     2.135     -4.49                                 KURHFS 
  3798.146   23.0051     1.944     -3.51                                 KURHFS 
  3798.146   23.0051     1.944     -3.76                                 KURHFS 
  3798.149   23.0051     1.944     -3.31                                 KURHFS 
  3798.149   23.0051     1.944     -3.51                                 KURHFS 
  3798.149   23.0051     1.944     -5.42                                 KURHFS 
  3798.153   23.0051     1.944     -3.25                                 KURHFS 
  3798.153   23.0051     1.944     -3.31                                 KURHFS 
  3798.153   23.0051     1.944     -4.17                                 KURHFS 
  3798.159   23.0051     1.944     -3.25                                 KURHFS 
  3798.159   23.0051     1.944     -3.28                                 KURHFS 
  3798.159   23.0051     1.944     -3.46                                 KURHFS 
  3798.166   23.0051     1.944     -3.05                                 KURHFS 
  3798.166   23.0051     1.944     -3.28                                 KURHFS 
  3798.166   23.0051     1.944     -3.46                                 KURHFS 
  3798.175   23.0051     1.944     -2.76                                 KURHFS 
  3798.175   23.0051     1.944     -3.46                                 KURHFS 
  3798.211      68.0     0.862     -0.17                                        
  3798.247      24.1     6.277     -2.46                                        
  3798.252      42.0     0.000      0.13                                WHALING
  3798.308      22.0     1.429     -0.45                                        
  3798.318   27.0059     3.064    -10.22                                 KURHFS 
  3798.318   27.0059     3.064    -10.25                                 KURHFS 
  3798.318   27.0059     3.064     -9.97                                 KURHFS 
  3798.325   27.0059     3.064    -10.22                                 KURHFS 
  3798.325   27.0059     3.064     -9.78                                 KURHFS 
  3798.325   27.0059     3.064     -9.84                                 KURHFS 
  3798.335   27.0059     3.064    -10.27                                 KURHFS 
  3798.335   27.0059     3.064     -9.58                                 KURHFS 
  3798.335   27.0059     3.064     -9.69                                 KURHFS 
  3798.349   27.0059     3.064    -10.40                                 KURHFS 
  3798.349   27.0059     3.064     -9.38                                 KURHFS 
  3798.349   27.0059     3.064     -9.67                                 KURHFS 
  3798.361      26.1     2.340     -4.17                                        
  3798.367   27.0059     3.064    -10.62                                 KURHFS 
  3798.367   27.0059     3.064     -9.22                                 KURHFS 
  3798.367   27.0059     3.064     -9.72                                 KURHFS 
  3798.377      22.0     2.776     -4.26                                        
  3798.388   27.0059     3.064    -11.03                                 KURHFS 
  3798.388   27.0059     3.064     -9.08                                 KURHFS 
  3798.388   27.0059     3.064     -9.92                                 KURHFS 
  3798.394      24.0     2.965     -2.25                                        
  3798.402      64.1     1.287     -0.30                                        
  3798.427      22.0     2.425     -4.51                                        
  3798.482      28.0     3.765     -4.32                                        
  3798.511      26.0     0.914     -1.11                                        
  3798.513      25.0     4.791     -1.66                                        
  3798.541      69.0     1.087      0.34                                        
  3798.550      24.0     3.373     -2.50                                        
  3798.557   27.0059     3.295     -7.33                                 KURHFS 
  3798.559   27.0059     3.295     -7.30                                 KURHFS 
  3798.559   27.0059     3.295     -7.78                                 KURHFS 
  3798.562   27.0059     3.295     -7.30                                 KURHFS 
  3798.562   27.0059     3.295     -7.45                                 KURHFS 
  3798.566   27.0059     3.295     -6.98                                 KURHFS 
  3798.585   23.0051     2.276     -6.22                                 KURHFS 
  3798.585   23.0051     2.276     -6.50                                 KURHFS 
  3798.585   23.0051     2.276     -6.50                                 KURHFS 
  3798.585   23.0051     2.276     -7.52                                 KURHFS 
  3798.586   23.0051     2.276     -6.08                                 KURHFS 
  3798.586   23.0051     2.276     -6.22                                 KURHFS 
  3798.586   23.0051     2.276     -6.82                                 KURHFS 
  3798.587   23.0051     2.276     -6.02                                 KURHFS 
  3798.587   23.0051     2.276     -6.08                                 KURHFS 
  3798.587   23.0051     2.276     -6.38                                 KURHFS 
  3798.589   23.0051     2.276     -6.01                                 KURHFS 
  3798.589   23.0051     2.276     -6.02                                 KURHFS 
  3798.589   23.0051     2.276     -6.04                                 KURHFS 
  3798.591   23.0051     2.276     -5.78                                 KURHFS 
  3798.591   23.0051     2.276     -6.01                                 KURHFS 
  3798.591   23.0051     2.276     -6.07                                 KURHFS 
  3798.593   23.0051     2.276     -5.56                                 KURHFS 
  3798.593   23.0051     2.276     -6.07                                 KURHFS 
  3798.593   23.0051     2.276     -6.28                                 KURHFS 
  3798.593      24.0     4.204     -1.77                                        
  3798.595   23.0051     2.276     -5.38                                 KURHFS 
  3798.595   23.0051     2.276     -6.28                                 KURHFS 
  3798.597      26.1     2.640     -4.03                                        
  3798.629      68.0     0.624     -0.05                                        
  3798.649      23.0     1.710     -1.43                               KURNOHFS 
  3798.651      24.0     4.093     -2.10                                        
  3798.665   23.0051     2.246     -4.36                                 KURHFS 
  3798.665   23.0051     2.246     -4.54                                 KURHFS 
  3798.674   23.0051     2.246     -4.24                                 KURHFS 
  3798.674   23.0051     2.246     -4.36                                 KURHFS 
  3798.676      72.0     1.305     -0.92                                        
  3798.681      24.0     4.204     -1.92                                        
  3798.685   23.0051     2.246     -4.24                                 KURHFS 
  3798.685   23.0051     2.246     -4.35                                 KURHFS 
  3798.685   23.0051     2.246     -4.56                                 KURHFS 
  3798.700   23.0051     2.246     -3.94                                 KURHFS 
  3798.700   23.0051     2.246     -4.35                                 KURHFS 
  3798.734      21.0     1.968     -3.35                               KURNOHFS 
  3798.750      69.1     1.110     -0.99                                 LAWLER 
  3798.829      92.0     1.401      0.85                                        
  3798.869      25.0     4.265     -2.29                                        
  3798.898      44.0     0.148     -0.09                                        
  3799.001      30.0     5.791     -2.73                                        
  3799.009      63.1     1.278     -1.20                                        
  3799.032      58.1     0.445     -1.26                                 LAWLER 
  3799.092      58.0     0.159     -0.41                                        
  3799.150      26.0     2.988     -6.19                                        
  3799.188      46.0     0.961     -0.99                                        
  3799.197      92.1     1.040     -0.39                                        
  3799.205   27.0059     3.277     -7.06                                 KURHFS 
  3799.205   27.0059     3.277     -7.32                                 KURHFS 
  3799.205   27.0059     3.277     -7.35                                 KURHFS 
  3799.208      26.0     3.940     -2.83                                        
  3799.209   27.0059     3.277     -6.87                                 KURHFS 
  3799.209   27.0059     3.277     -6.93                                 KURHFS 
  3799.209   27.0059     3.277     -7.32                                 KURHFS 
  3799.214      24.0     2.870     -1.64                                        
  3799.216   27.0059     3.277     -6.67                                 KURHFS 
  3799.216   27.0059     3.277     -6.78                                 KURHFS 
  3799.216   27.0059     3.277     -7.37                                 KURHFS 
  3799.224   27.0059     3.277     -6.47                                 KURHFS 
  3799.224   27.0059     3.277     -6.76                                 KURHFS 
  3799.224   27.0059     3.277     -7.49                                 KURHFS 
  3799.227   25.0055     2.141     -3.28                                 KURHFS 
  3799.227   25.0055     2.141     -3.31                                 KURHFS 
  3799.227   25.0055     2.141     -4.06                                 KURHFS 
  3799.232   25.0055     2.141     -3.03                                 KURHFS 
  3799.232   25.0055     2.141     -3.10                                 KURHFS 
  3799.232   25.0055     2.141     -3.98                                 KURHFS 
  3799.235   27.0059     3.277     -6.31                                 KURHFS 
  3799.235   27.0059     3.277     -6.81                                 KURHFS 
  3799.235   27.0059     3.277     -7.71                                 KURHFS 
  3799.238   25.0055     2.141     -2.80                                 KURHFS 
  3799.238   25.0055     2.141     -3.04                                 KURHFS 
  3799.238   25.0055     2.141     -4.11                                 KURHFS 
  3799.240      60.1     0.320     -1.10                                 LAWLER 
  3799.247   25.0055     2.141     -2.62                                 KURHFS 
  3799.247   25.0055     2.141     -3.06                                 KURHFS 
  3799.247   25.0055     2.141     -4.46                                 KURHFS 
  3799.247   27.0059     3.277     -6.17                                 KURHFS 
  3799.247   27.0059     3.277     -7.01                                 KURHFS 
  3799.247   27.0059     3.277     -8.12                                 KURHFS 
  3799.258   25.0055     2.141     -2.46                                 KURHFS 
  3799.258   25.0055     2.141     -3.24                                 KURHFS 
  3799.259      23.0     2.682     -1.20                               KURNOHFS 
  3799.262      21.0     4.531     -2.17                                        
  3799.262      21.0     4.531     -3.46                                        
  3799.271   25.0055     2.141     -2.32                                 KURHFS 
  3799.298      24.0     3.553     -1.86                                        
  3799.318      45.0     0.705     -0.02                                        
  3799.349      44.0     0.000     -0.07                                        
  3799.518      60.1     0.182     -0.81                                        
  3799.540      62.1     0.188     -0.92                                 LAWLER 
  3799.547      26.0     0.957     -0.85                                        
  3799.555   23.0051     1.868     -4.33                                 KURHFS 
  3799.555   23.0051     1.868     -4.36                                 KURHFS 
  3799.555   23.0051     1.868     -4.48                                 KURHFS 
  3799.583   23.0051     1.868     -4.01                                 KURHFS 
  3799.583   23.0051     1.868     -4.33                                 KURHFS 
  3799.583   23.0051     1.868     -4.81                                 KURHFS 
  3799.675      24.0     2.913     -3.63                                        
  3799.684   23.0051     1.944     -2.56                                 KURHFS 
  3799.687   23.0051     1.944     -2.56                                 KURHFS 
  3799.687   23.0051     1.944     -2.73                                 KURHFS 
  3799.692   23.0051     1.944     -2.39                                 KURHFS 
  3799.692   23.0051     1.944     -2.86                                 KURHFS 
  3799.692   23.0051     1.944     -2.98                                 KURHFS 
  3799.698   23.0051     1.944     -2.38                                 KURHFS 
  3799.698   23.0051     1.944     -2.42                                 KURHFS 
  3799.698   23.0051     1.944     -3.41                                 KURHFS 
  3799.700      24.0     3.553     -2.35                                        
  3799.705   23.0051     1.944     -2.13                                 KURHFS 
  3799.705   23.0051     1.944     -2.54                                 KURHFS 
  3799.714   23.0051     1.944     -1.92                                 KURHFS 
  3799.791      22.1     0.607     -2.92                                        
  3799.795   27.0059     1.739     -3.90                                 KURHFS 
  3799.795   27.0059     1.739     -3.90                                 KURHFS 
  3799.795   27.0059     1.739     -4.20                                 KURHFS 
  3799.799   27.0059     1.739     -3.74                                 KURHFS 
  3799.799   27.0059     1.739     -3.76                                 KURHFS 
  3799.799   27.0059     1.739     -4.08                                 KURHFS 
  3799.805   27.0059     1.739     -3.48                                 KURHFS 
  3799.805   27.0059     1.739     -3.73                                 KURHFS 
  3799.805   27.0059     1.739     -4.33                                 KURHFS 
  3799.814   27.0059     1.739     -3.26                                 KURHFS 
  3799.814   27.0059     1.739     -3.89                                 KURHFS 
  3799.814   27.0059     1.739     -4.75                                 KURHFS 
