Nd II    3838.9      line list
  3835.012      24.0     3.844     -2.16                                        
  3835.014 607.01214     3.505     -1.17               7.650                    
  3835.015 607.01214     4.065     -1.53               7.650                    
  3835.019 607.01214     1.563     -0.09               7.650                    
  3835.021 607.01214     4.065     -3.72               7.650                    
  3835.052      74.0     0.412     -1.14                                        
  3835.058      44.0     1.821     -0.37                                        
  3835.061      23.1     6.182     -4.66                                        
  3835.070      26.0     3.926     -4.47                                        
  3835.077      57.1     0.708     -1.05                                        
  3835.077 607.01214     2.798     -0.46               7.650                    
  3835.077 607.01214     3.766     -4.39               7.650                    
  3835.086 607.01214     1.597     -0.25               7.650                    
  3835.116 607.01214     1.563     -0.10               7.650                    
  3835.116 607.01214     3.597     -0.32               7.650                    
  3835.117 607.01214     1.009     -0.82               7.650                    
  3835.119 607.01214     3.039     -0.43               7.650                    
  3835.136 607.01214     1.009     -0.87               7.650                    
  3835.145 607.01214     1.009     -3.05               7.650                    
  3835.145 607.01214     1.855     -3.85               7.650                    
  3835.148 607.01214     0.382      0.12               7.650                    
  3835.155      21.0     4.494     -3.13                                        
  3835.171      41.0     0.000     -0.88                                        
  3835.173   23.0051     2.364     -5.62                                 KURHFS 
  3835.173   23.0051     2.364     -5.81                                 KURHFS 
  3835.173   23.0051     2.364     -5.88                                 KURHFS 
  3835.174   23.0051     2.364     -5.41                                 KURHFS 
  3835.174   23.0051     2.364     -5.62                                 KURHFS 
  3835.174   23.0051     2.364     -6.51                                 KURHFS 
  3835.176   23.0051     2.364     -5.24                                 KURHFS 
  3835.176   23.0051     2.364     -5.51                                 KURHFS 
  3835.176   23.0051     2.364     -6.36                                 KURHFS 
  3835.177   23.0051     2.364     -5.10                                 KURHFS 
  3835.177   23.0051     2.364     -5.47                                 KURHFS 
  3835.177   23.0051     2.364     -6.36                                 KURHFS 
  3835.180   23.0051     2.364     -4.97                                 KURHFS 
  3835.180   23.0051     2.364     -5.47                                 KURHFS 
  3835.180   23.0051     2.364     -6.46                                 KURHFS 
  3835.180 607.01214     2.798     -0.47               7.650                    
  3835.182   23.0051     2.364     -4.85                                 KURHFS 
  3835.182   23.0051     2.364     -5.54                                 KURHFS 
  3835.182   23.0051     2.364     -6.66                                 KURHFS 
  3835.183      24.0     4.443     -2.02                                        
  3835.183 607.01214     3.597     -4.39               7.650                    
  3835.186   23.0051     2.364     -4.75                                 KURHFS 
  3835.186   23.0051     2.364     -5.76                                 KURHFS 
  3835.186   23.0051     2.364     -7.06                                 KURHFS 
  3835.191      26.0     2.988     -5.66                                        
  3835.201      23.0     1.711     -3.34                               KURNOHFS 
  3835.202 607.01214     0.382      0.11               7.650                    
  3835.203 607.01214     4.158     -1.49               7.650                    
  3835.204   67.1165     1.115     -2.30                                LAWLER  
  3835.206 607.01214     2.798     -3.75               7.650                    
  3835.217   67.1165     1.115     -2.08                                LAWLER  
  3835.223   67.1165     1.115     -1.60                                LAWLER  
  3835.224 607.01214     1.855      0.22               7.650                    
  3835.224      92.0     0.000     -0.85                                        
  3835.232      27.0     3.620     -2.42                               KURNOHFS 
  3835.233 607.01214     3.039     -0.44               7.650                    
  3835.235   67.1165     1.115     -1.98                                LAWLER  
  3835.236      23.1     6.779     -4.33                                        
  3835.241   67.1165     1.115     -1.57                                LAWLER  
  3835.246 607.01214     0.382     -3.42               7.650                    
  3835.258   67.1165     1.115     -1.95                                LAWLER  
  3835.259   67.1165     1.115     -2.30                                LAWLER  
  3835.260 607.01214     3.039     -3.77               7.650                    
  3835.263   67.1165     1.115     -1.50                                LAWLER  
  3835.281 607.01214     1.747     -3.73               7.650                    
  3835.286      28.0     4.085     -3.85                                        
  3835.287   67.1165     1.115     -1.97                                LAWLER  
  3835.287   67.1165     1.115     -2.08                                LAWLER  
  3835.291   67.1165     1.115     -1.41                                LAWLER  
  3835.308 607.01214     1.655     -3.84               7.650                    
  3835.309      42.0     2.644     -1.03                                        
  3835.309 607.01214     2.929     -3.85               7.650                    
  3835.314      42.1     4.637     -1.00                                        
  3835.314 607.01214     1.747     -0.34               7.650                    
  3835.316 607.01214     4.158     -1.51               7.650                    
  3835.319   67.1165     1.115     -1.98                                LAWLER  
  3835.321 607.01214     0.797     -0.55               7.650                    
  3835.321   67.1165     1.115     -2.05                                LAWLER  
  3835.324   67.1165     1.115     -1.31                                LAWLER  
  3835.330 607.01214     4.311     -1.46               7.650                    
  3835.333 607.01214     4.158     -4.56               7.650                    
  3835.334 607.01214     2.460     -3.82               7.650                    
  3835.342 607.01214     0.483     -0.08               7.650                    
  3835.342 607.01214     2.929     -0.36               7.650                    
  3835.351 607.01214     1.855      0.22               7.650                    
  3835.357   67.1165     1.115     -1.95                                LAWLER  
  3835.358 607.01214     0.797     -0.57               7.650                    
  3835.361   67.1165     1.115     -2.27                                LAWLER  
  3835.362   67.1165     1.115     -1.21                                LAWLER  
  3835.367 607.01214     2.460     -0.38               7.650                    
  3835.372 607.01214     1.655      0.07               7.650                    
  3835.373 607.01214     0.797     -3.21               7.650                    
  3835.384       1.0    10.191     -1.36                                        
  3835.384 607.01214     0.483     -0.09               7.650                    
  3835.395 607.01214     1.747     -0.35               7.650                    
  3835.399   67.1165     1.115     -1.97                                LAWLER  
  3835.405   67.1165     1.115     -1.11                                LAWLER  
  3835.413 607.01214     4.019     -0.96               7.650                    
  3835.417 607.01214     0.483     -3.39               7.650                    
  3835.423      26.1     7.392     -4.09                                        
  3835.446   67.1165     1.115     -2.05                                LAWLER  
  3835.454   67.1165     1.115     -1.02                                LAWLER  
  3835.466 607.01214     2.929     -0.37               7.650                    
  3835.472   27.0059     2.278     -3.07                                 KURHFS 
  3835.472 607.01214     2.460     -0.39               7.650                    
  3835.477   27.0059     2.278     -3.05                                 KURHFS 
  3835.477   27.0059     2.278     -3.53                                 KURHFS 
  3835.483   27.0059     2.278     -3.05                                 KURHFS 
  3835.483   27.0059     2.278     -3.20                                 KURHFS 
  3835.486 607.01214     1.655      0.06               7.650                    
  3835.492   27.0059     2.278     -2.73                                 KURHFS 
  3835.493      27.0     3.114     -6.29                               KURNOHFS 
  3835.498   67.1165     1.115     -2.27                                LAWLER  
  3835.514 607.01214     1.239     -1.03               7.650                    
  3835.515 607.01214     1.239     -1.11               7.650                    
  3835.520 607.01214     1.239     -2.92               7.650                    
  3835.535 607.01214     4.311     -1.47               7.650                    
  3835.540 607.01214     0.619     -0.29               7.650                    
  3835.540 607.01214     2.022     -3.83               7.650                    
  3835.559 607.01214     4.486     -1.15               7.650                    
  3835.563      23.0     1.042     -1.13                               KURNOHFS 
  3835.572       3.0     1.846     -2.65                                        
  3835.583      23.1     2.542     -3.11                                        
  3835.620 607.01214     4.019     -0.96               7.650                    
  3835.621       3.0     1.846     -2.35                                        
  3835.632 607.01214     2.022      0.36               7.650                    
  3835.649 607.01214     4.486     -1.17               7.650                    
  3835.649      68.1     1.560     -0.35                                        
  3835.658      24.1     7.985     -3.84                                        
  3835.660 607.01214     4.486     -3.92               7.650                    
  3835.661 607.01214     4.019     -4.73               7.650                    
  3835.664 607.01214     1.482     -0.96               7.650                    
  3835.674      24.1     5.869     -3.89                                        
  3835.684      22.0     1.995     -2.06                                        
  3835.685 607.01214     1.482     -1.01               7.650                    
  3835.689 607.01214     4.435     -3.05               7.650                    
  3835.690 607.01214     4.435     -2.75               7.650                    
  3835.692 607.01214     1.482     -3.09               7.650                    
  3835.694 607.01214     1.579     -3.74               7.650                    
  3835.701 607.01214     2.543     -0.50               7.650                    
  3835.705      26.1     7.697     -3.36                                        
  3835.719      27.1     7.979     -3.83                                        
  3835.723 607.01214     1.541     -3.79               7.650                    
  3835.730      62.1     0.184     -1.32                                 LAWLER 
  3835.732 607.01214     1.579     -0.25               7.650                    
  3835.742      58.1     0.896     -0.85                                        
  3835.747 607.01214     0.619     -0.31               7.650                    
  3835.751      25.0     3.376     -4.44                               KURNOHFS 
  3835.762 607.01214     2.022      0.35               7.650                    
  3835.770 607.01214     0.619     -3.33               7.650                    
  3835.774 607.01214     1.541     -0.10               7.650                    
  3835.783 607.01214     1.005     -0.87               7.650                    
  3835.789 607.01214     2.543     -0.52               7.650                    
  3835.800 607.01214     1.005     -0.92               7.650                    
  3835.807 607.01214     1.005     -3.00               7.650                    
  3835.813 607.01214     2.543     -3.71               7.650                    
  3835.816 607.01214     1.579     -0.26               7.650                    
  3835.853   27.0059     2.540     -2.64                                 KURHFS 
  3835.853   27.0059     2.540     -2.82                                 KURHFS 
  3835.869 607.01214     1.541     -0.11               7.650                    
  3835.870   27.0059     2.540     -2.52                                 KURHFS 
  3835.870   27.0059     2.540     -2.64                                 KURHFS 
  3835.879      26.0     4.151     -3.51                                        
  3835.894   27.0059     2.540     -2.52                                 KURHFS 
  3835.894   27.0059     2.540     -2.63                                 KURHFS 
  3835.894   27.0059     2.540     -2.84                                 KURHFS 
  3835.896      58.1     0.960     -0.78                                        
  3835.904   27.0059     2.135     -5.96                                 KURHFS 
  3835.908   27.0059     2.135     -5.69                                 KURHFS 
  3835.908   27.0059     2.135     -5.89                                 KURHFS 
  3835.914      92.1     0.941     -0.59                                        
  3835.916   27.0059     2.135     -5.49                                 KURHFS 
  3835.916   27.0059     2.135     -5.69                                 KURHFS 
  3835.916   27.0059     2.135     -6.59                                 KURHFS 
  3835.919 607.01214     1.962     -3.75               7.650                    
  3835.923   27.0059     2.540     -2.22                                 KURHFS 
  3835.923   27.0059     2.540     -2.63                                 KURHFS 
  3835.929   27.0059     2.135     -5.32                                 KURHFS 
  3835.929   27.0059     2.135     -5.59                                 KURHFS 
  3835.929   27.0059     2.135     -6.43                                 KURHFS 
  3835.931      22.0     1.872     -2.00                                        
  3835.936 607.01214     2.007     -0.65               7.650                    
  3835.937 607.01214     2.696     -3.84               7.650                    
  3835.945   27.0059     2.135     -5.17                                 KURHFS 
  3835.945   27.0059     2.135     -5.54                                 KURHFS 
  3835.945   27.0059     2.135     -6.43                                 KURHFS 
  3835.951 607.01214     1.962     -0.38               7.650                    
  3835.960      40.0     0.000     -0.27                                        
  3835.966   27.0059     2.135     -5.04                                 KURHFS 
  3835.966   27.0059     2.135     -5.55                                 KURHFS 
  3835.966   27.0059     2.135     -6.53                                 KURHFS 
  3835.971 607.01214     2.696     -0.37               7.650                    
  3835.989 607.01214     2.007     -0.67               7.650                    
  3835.990      24.0     4.096     -1.55                                        
  3835.991   27.0059     2.135     -4.93                                 KURHFS 
  3835.991   27.0059     2.135     -5.62                                 KURHFS 
  3835.991   27.0059     2.135     -6.74                                 KURHFS 
  3835.997 607.01214     2.278     -0.56               7.650                    
  3836.006 607.01214     2.007     -3.52               7.650                    
  3836.019   27.0059     2.135     -4.82                                 KURHFS 
  3836.019   27.0059     2.135     -5.83                                 KURHFS 
  3836.019   27.0059     2.135     -7.13                                 KURHFS 
  3836.035 607.01214     1.962     -0.39               7.650                    
  3836.054   23.0051     1.050     -1.60                                 KURHFS 
  3836.054   23.0051     1.050     -1.89                                 KURHFS 
  3836.054   23.0051     1.050     -1.89                                 KURHFS 
  3836.054   23.0051     1.050     -2.01                                 KURHFS 
  3836.054   23.0051     1.050     -2.01                                 KURHFS 
  3836.054   23.0051     1.050     -2.02                                 KURHFS 
  3836.054   23.0051     1.050     -2.02                                 KURHFS 
  3836.054   23.0051     1.050     -2.19                                 KURHFS 
  3836.054   23.0051     1.050     -2.21                                 KURHFS 
  3836.064      24.0     2.708     -3.33                                        
  3836.065      76.0     1.083     -1.48                                        
  3836.069 607.01214     2.278     -0.58               7.650                    
  3836.085      22.1     0.607     -2.00                                        
  3836.085 607.01214     2.696     -0.38               7.650                    
  3836.090 607.01214     2.278     -3.63               7.650                    
  3836.104 607.01214     1.737     -0.79               7.650                    
  3836.106 607.01214     0.791     -0.57               7.650                    
  3836.107      58.1     0.232     -0.73                                 LAWLER 
  3836.116 607.01214     1.237     -1.11               7.650                    
  3836.117 607.01214     1.237     -1.20               7.650                    
  3836.121 607.01214     1.237     -2.84               7.650                    
  3836.126 607.01214     2.071     -3.78               7.650                    
  3836.128 607.01214     1.821     -3.85               7.650                    
  3836.138 607.01214     0.791     -0.61               7.650                    
  3836.139 607.01214     1.737     -0.82               7.650                    
  3836.141 607.01214     1.731     -3.72               7.650                    
  3836.151 607.01214     1.737     -3.33               7.650                    
  3836.152 607.01214     0.791     -3.18               7.650                    
  3836.174 607.01214     1.731     -0.35               7.650                    
  3836.206 607.01214     1.821      0.22               7.650                    
  3836.219 607.01214     1.627      0.06               7.650                    
  3836.225 607.01214     1.627     -3.83               7.650                    
  3836.227 607.01214     2.071      0.48               7.650                    
  3836.252 607.01214     1.731     -0.36               7.650                    
  3836.282      25.0     3.370     -4.84                               KURNOHFS 
  3836.285      24.0     3.844     -0.80                                        
  3836.290      24.0     4.444     -1.84                                        
  3836.331      26.0     3.298     -0.39                                        
  3836.331 607.01214     1.821      0.21               7.650                    
  3836.351 607.01214     2.071      0.47               7.650                    
  3836.397 607.01214     1.562     -3.73               7.650                    
  3836.400 607.01214     1.627      0.05               7.650                    
  3836.404 607.01214     4.031     -4.46               7.650                    
  3836.422      21.0     1.986     -0.91                               KURNOHFS 
  3836.434 607.01214     1.562     -0.26               7.650                    
  3836.443 607.01214     2.205     -3.78               7.650                    
  3836.444 607.01214     1.002     -0.92               7.650                    
  3836.446      41.0     1.169     -0.40                                        
  3836.446 607.01214     1.002     -0.98               7.650                    
  3836.448 607.01214     3.953     -4.56               7.650                    
  3836.452 607.01214     1.002     -2.94               7.650                    
  3836.456 607.01214     1.519     -3.78               7.650                    
  3836.475 607.01214     2.205     -0.39               7.650                    
  3836.476 607.01214     0.609     -0.31               7.650                    
  3836.482 607.01214     4.031     -0.25               7.650                    
  3836.492 607.01214     0.468     -0.09               7.650                    
  3836.495 607.01214     0.364      0.11               7.650                    
  3836.500      66.1     0.540     -0.21                                 LAWLER 
  3836.502 607.01214     3.953     -0.60               7.650                    
  3836.505 607.01214     1.519     -0.11               7.650                    
  3836.515 607.01214     1.562     -0.27               7.650                    
  3836.519 607.01214     1.479     -1.01               7.650                    
  3836.524 607.01214     0.468     -0.10               7.650                    
  3836.537      21.0     2.000     -1.35                               KURNOHFS 
  3836.538 607.01214     1.479     -1.08               7.650                    
  3836.539      90.0     0.929     -0.56                                        
  3836.542 607.01214     4.077     -3.80               7.650                    
  3836.544 607.01214     1.479     -3.03               7.650                    
  3836.548 607.01214     0.364      0.10               7.650                    
  3836.550      60.1     0.559     -0.36                                 LAWLER 
  3836.550 607.01214     4.077     -1.40               7.650                    
  3836.556 607.01214     0.468     -3.38               7.650                    
  3836.568 607.01214     2.205     -0.40               7.650                    
  3836.577      26.0     4.217     -3.39                                        
  3836.585      90.0     0.615     -0.97                                        
  3836.590 607.01214     0.364     -3.40               7.650                    
  3836.598 607.01214     1.519     -0.12               7.650                    
  3836.599 607.01214     4.077     -1.44               7.650                    
  3836.611      73.0     0.491     -1.82                                        
  3836.617 607.01214     3.930     -4.47               7.650                    
  3836.685 607.01214     3.930     -0.36               7.650                    
  3836.687 607.01214     1.984     -3.83               7.650                    
  3836.704      26.0     4.227     -2.36                                        
  3836.709 607.01214     1.235     -1.20               7.650                    
  3836.710 607.01214     1.235     -1.31               7.650                    
  3836.713 607.01214     1.235     -2.74               7.650                    
  3836.723 607.01214     4.277     -0.02               7.650                    
  3836.729 607.01214     3.953     -0.61               7.650                    
  3836.738 607.01214     4.031     -0.26               7.650                    
  3836.747      24.0     3.426     -0.67                                        
  3836.757      24.0     3.077     -3.65                                        
  3836.768      22.0     2.425      0.02                                        
  3836.769      40.1     0.558     -0.06                                BIEMONT 
  3836.771 607.01214     0.609     -0.33               7.650                    
  3836.778 607.01214     1.984      0.35               7.650                    
  3836.793 607.01214     0.609     -3.31               7.650                    
  3836.811 607.01214     4.258     -4.93               7.650                    
  3836.853 607.01214     4.258     -1.14               7.650                    
  3836.855      25.1     7.047     -6.12                                        
  3836.872 607.01214     0.785     -0.61               7.650                    
  3836.889      25.0     4.682     -3.09                                        
  3836.901      42.0     3.199     -1.52                                        
  3836.906 607.01214     0.785     -0.64               7.650                    
  3836.907 607.01214     1.984      0.35               7.650                    
  3836.915      26.0     2.756     -3.00                                        
  3836.919 607.01214     0.785     -3.15               7.650                    
  3836.920      64.1     0.492     -0.40                                 LAWLER 
  3836.928      22.0     2.343     -2.92                                        
  3836.929 607.01214     3.930     -0.37               7.650                    
  3836.949      23.0     2.579     -1.43                               KURNOHFS 
  3836.952 607.01214     3.884     -0.79               7.650                    
  3836.962 607.01214     1.716     -3.71               7.650                    
  3836.982 607.01214     4.277     -0.03               7.650                    
  3836.994 607.01214     1.716     -0.36               7.650                    
  3837.049 607.01214     1.599     -3.82               7.650                    
  3837.068 607.01214     4.258     -1.15               7.650                    
  3837.069 607.01214     1.545     -3.71               7.650                    
  3837.070 607.01214     1.716     -0.37               7.650                    
  3837.079      41.0     1.846     -0.30                                        
  3837.084 607.01214     0.999     -0.98               7.650                    
  3837.085 607.01214     0.999     -1.06               7.650                    
  3837.090 607.01214     0.999     -2.87               7.650                    
  3837.091 607.01214     4.277     -4.45               7.650                    
  3837.095 607.01214     1.788     -3.84               7.650                    
  3837.105 607.01214     1.545     -0.27               7.650                    
  3837.113 607.01214     1.599      0.05               7.650                    
  3837.116 607.01214     1.947     -3.74               7.650                    
  3837.135      26.0     2.607     -1.71                                        
  3837.136      26.0     3.045     -4.76                                        
  3837.147 607.01214     1.947     -0.39               7.650                    
  3837.148      25.1     6.908     -3.80                                        
  3837.160 607.01214     3.884     -0.80               7.650                    
  3837.164 607.01214     1.497     -3.77               7.650                    
  3837.172 607.01214     1.788      0.21               7.650                    
  3837.184 607.01214     1.545     -0.28               7.650                    
  3837.200      25.0     4.824     -1.46                                        
  3837.203      58.1     0.320     -1.01                                 LAWLER 
  3837.204 607.01214     3.884     -4.60               7.650                    
  3837.212 607.01214     1.498     -0.12               7.650                    
  3837.221 607.01214     1.599      0.05               7.650                    
  3837.226      24.0     2.998     -3.53                                        
  3837.229 607.01214     1.947     -0.41               7.650                    
  3837.260      24.0     3.085     -3.89                                        
  3837.269 607.01214     3.485     -0.36               7.650                    
  3837.276      21.0     1.994     -0.56                               KURNOHFS 
  3837.292 607.01214     1.234     -1.31               7.650                    
  3837.293 607.01214     1.234     -1.47               7.650                    
  3837.295 607.01214     1.234     -2.61               7.650                    
  3837.295 607.01214     1.788      0.21               7.650                    
  3837.304 607.01214     1.497     -0.13               7.650                    
  3837.306 607.01214     1.732     -0.82               7.650                    
  3837.332      27.0     3.620     -3.47                               KURNOHFS 
  3837.334 607.01214     1.476     -1.08               7.650                    
  3837.336 607.01214     4.279     -1.25               7.650                    
  3837.338 607.01214     1.732     -0.86               7.650                    
  3837.349 607.01214     1.732     -3.30               7.650                    
  3837.350 607.01214     1.476     -1.15               7.650                    
  3837.356 607.01214     1.476     -2.96               7.650                    
  3837.370 607.01214     3.670     -0.52               7.650                    
  3837.390   23.0051     0.069     -4.04                                 KURHFS 
  3837.390   23.0051     0.069     -4.10                                 KURHFS 
  3837.390   23.0051     0.069     -4.74                                 KURHFS 
  3837.393   23.0051     0.069     -3.84                                 KURHFS 
  3837.393   23.0051     0.069     -3.84                                 KURHFS 
  3837.393   23.0051     0.069     -4.58                                 KURHFS 
  3837.396   23.0051     0.069     -3.64                                 KURHFS 
  3837.396   23.0051     0.069     -3.73                                 KURHFS 
  3837.396   23.0051     0.069     -4.58                                 KURHFS 
  3837.400   23.0051     0.069     -3.47                                 KURHFS 
  3837.400   23.0051     0.069     -3.69                                 KURHFS 
  3837.400   23.0051     0.069     -4.68                                 KURHFS 
  3837.403 607.01214     3.485     -0.37               7.650                    
  3837.406      21.1     7.375     -1.90                                        
  3837.406   23.0051     0.069     -3.32                                 KURHFS 
  3837.406   23.0051     0.069     -3.69                                 KURHFS 
  3837.406   23.0051     0.069     -4.88                                 KURHFS 
  3837.408      24.0     3.847     -1.95                                        
  3837.408 607.01214     4.279     -1.28               7.650                    
  3837.410 607.01214     0.599     -0.33               7.650                    
  3837.413   23.0051     0.069     -3.19                                 KURHFS 
  3837.413   23.0051     0.069     -3.77                                 KURHFS 
  3837.413   23.0051     0.069     -5.28                                 KURHFS 
  3837.417 607.01214     4.279     -3.86               7.650                    
  3837.421   23.0051     0.069     -3.08                                 KURHFS 
  3837.421   23.0051     0.069     -3.98                                 KURHFS 
  3837.429   23.0051     0.069     -2.97                                 KURHFS 
  3837.430 607.01214     3.485     -3.75               7.650                    
  3837.438 607.01214     0.599     -0.35               7.650                    
  3837.459 607.01214     0.599     -3.29               7.650                    
  3837.482 607.01214     2.029     -3.77               7.650                    
  3837.522      58.1     0.326     -1.76                                 LAWLER 
  3837.544      28.0     3.831     -2.50                                        
  3837.582 607.01214     2.029      0.47               7.650                    
  3837.583 607.01214     3.670     -0.53               7.650                    
  3837.610 607.01214     0.454     -0.10               7.650                    
  3837.626 607.01214     0.779     -0.64               7.650                    
  3837.632 607.01214     4.243     -4.46               7.650                    
  3837.637 607.01214     3.670     -4.46               7.650                    
  3837.639      68.1     1.535      0.02                                        
  3837.656 607.01214     0.779     -0.68               7.650                    
  3837.662 607.01214     0.454     -0.12               7.650                    
  3837.668 607.01214     0.779     -3.12               7.650                    
  3837.693 607.01214     0.454     -3.37               7.650                    
  3837.705 607.01214     0.997     -1.06               7.650                    
  3837.705 607.01214     2.029      0.47               7.650                    
  3837.706 607.01214     0.997     -1.15               7.650                    
  3837.710 607.01214     1.529     -3.70               7.650                    
  3837.711 607.01214     0.997     -2.79               7.650                    
  3837.721 607.01214     4.243     -0.16               7.650                    
  3837.727 607.01214     1.999     -0.67               7.650                    
  3837.730      23.0     2.579     -0.57                               KURNOHFS 
  3837.737 607.01214     4.296     -3.92               7.650                    
  3837.745 607.01214     1.529     -0.28               7.650                    
  3837.745 607.01214     1.702     -3.69               7.650                    
  3837.749 607.01214     4.296     -1.19               7.650                    
  3837.775 607.01214     1.702     -0.37               7.650                    
  3837.778 607.01214     1.999     -0.70               7.650                    
  3837.794 607.01214     1.999     -3.49               7.650                    
  3837.818 607.01214     1.945     -3.82               7.650                    
  3837.822 607.01214     1.529     -0.29               7.650                    
  3837.823 607.01214     3.956     -0.08               7.650                    
  3837.824 607.01214     0.345      0.10               7.650                    
  3837.825 607.01214     4.296     -1.22               7.650                    
  3837.848 607.01214     1.477     -3.76               7.650                    
  3837.848 607.01214     3.962     -3.76               7.650                    
  3837.849 607.01214     1.702     -0.39               7.650                    
  3837.854 607.01214     1.572     -3.81               7.650                    
  3837.867 607.01214     1.233     -1.47               7.650                    
  3837.868 607.01214     1.233     -1.72               7.650                    
  3837.869 607.01214     1.233     -2.42               7.650                    
  3837.875      90.0     0.355     -0.57                                        
  3837.877 607.01214     0.345      0.08               7.650                    
  3837.878 607.01214     3.962     -0.27               7.650                    
  3837.895 607.01214     1.477     -0.13               7.650                    
  3837.908 607.01214     1.945      0.35               7.650                    
  3837.916 607.01214     1.572      0.05               7.650                    
  3837.918 607.01214     0.345     -3.39               7.650                    
  3837.925 607.01214     2.444     -3.81               7.650                    
  3837.930      60.1     0.182     -0.87                                 LAWLER 
  3837.957 607.01214     2.444     -0.39               7.650                    
  3837.970      22.0     2.101     -4.04                                        
  3837.985 607.01214     1.477     -0.14               7.650                    
  3837.991      29.0     5.684     -1.94                                        
  3837.992 607.01214     4.243     -0.16               7.650                    
  3837.998      55.0     0.000     -6.78                                        
  3838.021 607.01214     3.263     -0.40               7.650                    
  3838.023 607.01214     1.572      0.04               7.650                    
  3838.029      24.0     3.847     -1.88                                        
  3838.035 607.01214     1.945      0.34               7.650                    
  3838.035 607.01214     3.962     -0.28               7.650                    
  3838.045 607.01214     1.755     -3.84               7.650                    
  3838.059 607.01214     2.444     -0.40               7.650                    
  3838.070      44.0     0.997     -1.03                                        
  3838.073 607.01214     3.956     -0.08               7.650                    
  3838.108 607.01214     1.474     -1.15               7.650                    
  3838.121 607.01214     1.755      0.21               7.650                    
  3838.122 607.01214     1.474     -1.24               7.650                    
  3838.126 607.01214     1.474     -2.88               7.650                    
  3838.143      92.1     0.284     -1.24                                        
  3838.144      23.1     6.141     -1.73                                        
  3838.146 607.01214     3.263     -0.41               7.650                    
  3838.169 607.01214     3.956     -4.42               7.650                    
  3838.173 607.01214     3.263     -3.77               7.650                    
  3838.174      25.0     4.709     -4.31                                        
  3838.200      69.1     1.110     -0.30                                 LAWLER 
  3838.205 607.01214     2.190     -3.77               7.650                    
  3838.236 607.01214     2.190     -0.40               7.650                    
  3838.243 607.01214     1.755      0.20               7.650                    
  3838.246 607.01214     3.477     -1.27               7.650                    
  3838.264 607.01214     1.933     -3.72               7.650                    
  3838.271      12.0     4.343     -2.78                                        
  3838.275      40.1     0.558     -1.08                                        
  3838.290      12.0     2.715     -1.53                                        
  3838.292      12.0     2.715      0.39                                        
  3838.294 607.01214     1.933     -0.41               7.650                    
  3838.295      12.0     2.715     -0.35                                        
  3838.297 607.01214     3.477     -1.30               7.650                    
  3838.302      23.0     1.710     -2.72                               KURNOHFS 
  3838.306 607.01214     3.477     -3.74               7.650                    
  3838.314 607.01214     0.995     -1.15               7.650                    
  3838.316 607.01214     0.995     -1.26               7.650                    
  3838.317 607.01214     0.590     -0.35               7.650                    
  3838.319 607.01214     0.995     -2.69               7.650                    
  3838.320 607.01214     1.513     -3.69               7.650                    
  3838.327 607.01214     2.190     -0.41               7.650                    
  3838.348 607.01214     0.590     -0.38               7.650                    
  3838.354 607.01214     1.513     -0.29               7.650                    
  3838.363 607.01214     0.774     -0.68               7.650                    
  3838.368 607.01214     0.590     -3.27               7.650                    
  3838.373 607.01214     1.933     -0.42               7.650                    
  3838.391 607.01214     0.774     -0.71               7.650                    
  3838.402 607.01214     0.774     -3.08               7.650                    
  3838.424      26.0     2.452     -3.19                                        
  3838.429 607.01214     1.233     -1.72               7.650                    
  3838.429 607.01214     1.513     -0.31               7.650                    
  3838.430      42.0     2.289     -2.34                                        
  3838.430 607.01214     1.233     -2.02               7.650                    
  3838.456 607.01214     1.727     -0.86               7.650                    
  3838.486 607.01214     1.727     -0.90               7.650                    
  3838.487 607.01214     1.688     -3.68               7.650                    
  3838.492 607.01214     3.142     -3.85               7.650                    
  3838.495 607.01214     4.336     -3.73               7.650                    
  3838.495      68.0     1.158      0.25                                        
  3838.496 607.01214     1.727     -3.26               7.650                    
  3838.505      74.0     1.507     -0.63                                        
  3838.507 607.01214     1.456     -3.75               7.650                    
  3838.510      60.1     0.204     -1.51                                 LAWLER 
  3838.517 607.01214     1.688     -0.39               7.650                    
  3838.523 607.01214     4.337     -0.26               7.650                    
  3838.524 607.01214     3.142     -0.36               7.650                    
  3838.538      58.1     0.327     -0.14                                 LAWLER 
  3838.551      23.0     2.682     -0.57                               KURNOHFS 
  3838.554 607.01214     1.456     -0.14               7.650                    
  3838.577 607.01214     2.268     -0.58               7.650                    
  3838.588 607.01214     1.688     -0.40               7.650                    
  3838.614      22.0     2.159     -3.36                                        
  3838.630      24.0     4.183     -0.45                                        
  3838.631   27.0059     3.626     -2.98                                 KURHFS 
  3838.631   27.0059     3.626     -3.18                                 KURHFS 
  3838.636   27.0059     3.626     -2.96                                 KURHFS 
  3838.636   27.0059     3.626     -2.97                                 KURHFS 
  3838.636   27.0059     3.626     -3.18                                 KURHFS 
  3838.639 607.01214     1.546     -3.81               7.650                    
  3838.641 607.01214     1.456     -0.15               7.650                    
  3838.644   27.0059     3.626     -2.83                                 KURHFS 
  3838.644   27.0059     3.626     -2.85                                 KURHFS 
  3838.644   27.0059     3.626     -2.96                                 KURHFS 
  3838.646 607.01214     2.268     -0.60               7.650                    
  3838.650      66.1     0.920     -0.95                                 LAWLER 
  3838.654   27.0059     3.626     -2.66                                 KURHFS 
  3838.654   27.0059     3.626     -2.81                                 KURHFS 
  3838.654   27.0059     3.626     -2.85                                 KURHFS 
  3838.655 607.01214     3.142     -0.37               7.650                    
  3838.664      25.0     4.791     -2.97                                        
  3838.666 607.01214     2.268     -3.61               7.650                    
  3838.667   27.0059     3.626     -2.50                                 KURHFS 
  3838.667   27.0059     3.626     -2.81                                 KURHFS 
  3838.667   27.0059     3.626     -2.82                                 KURHFS 
  3838.670      25.0     3.376     -4.52                               KURNOHFS 
  3838.682   27.0059     3.626     -2.34                                 KURHFS 
  3838.682   27.0059     3.626     -2.82                                 KURHFS 
  3838.682   27.0059     3.626     -2.90                                 KURHFS 
  3838.684      25.0     4.709     -1.52                                        
  3838.689 607.01214     4.336     -0.27               7.650                    
  3838.690      22.0     2.173     -3.56                                        
  3838.700   27.0059     3.626     -2.19                                 KURHFS 
  3838.700   27.0059     3.626     -2.90                                 KURHFS 
  3838.700   27.0059     3.626     -3.12                                 KURHFS 
  3838.701 607.01214     1.546      0.04               7.650                    
  3838.721   27.0059     3.626     -2.05                                 KURHFS 
  3838.721   27.0059     3.626     -3.12                                 KURHFS 
  3838.721 607.01214     0.441     -0.12               7.650                    
  3838.767 607.01214     0.441     -0.13               7.650                    
  3838.797 607.01214     0.441     -3.35               7.650                    
  3838.806      22.0     2.576     -3.25                                        
  3838.806 607.01214     1.546      0.03               7.650                    
  3838.820 607.01214     1.988     -3.77               7.650                    
  3838.842 607.01214     1.472     -1.24               7.650                    
  3838.853 607.01214     1.472     -1.35               7.650                    
  3838.857 607.01214     1.472     -2.78               7.650                    
  3838.863      26.0     4.188     -2.28                                        
  3838.899 607.01214     1.497     -3.68               7.650                    
  3838.900      64.0     0.124     -1.57                                        
  3838.912 607.01214     0.994     -1.26               7.650                    
  3838.913 607.01214     0.994     -1.42               7.650                    
  3838.916 607.01214     0.994     -2.56               7.650                    
  3838.918 607.01214     1.988      0.47               7.650                    
  3838.931      23.0     2.614     -4.77                               KURNOHFS 
  3838.932 607.01214     1.497     -0.31               7.650                    
  3838.932 607.01214     1.907     -3.82               7.650                    
  3838.940      62.1     0.333     -0.90                                 LAWLER 
  3838.962      22.1     4.861     -4.73                                        
  3838.980      60.1     0.000     -0.24                                 LAWLER 
  3838.993   23.0051     1.063     -1.23                                 KURHFS 
  3838.993   23.0051     1.063     -1.93                                 KURHFS 
  3838.997   23.0051     1.063     -1.52                                 KURHFS 
  3838.997   23.0051     1.063     -1.74                                 KURHFS 
  3838.997   23.0051     1.063     -1.93                                 KURHFS 
  3839.000      22.0     1.501     -0.60                                        
  3839.001   23.0051     1.063     -1.71                                 KURHFS 
  3839.001   23.0051     1.063     -1.74                                 KURHFS 
  3839.001   23.0051     1.063     -1.92                                 KURHFS 
  3839.003   23.0051     1.063     -1.71                                 KURHFS 
  3839.003   23.0051     1.063     -1.78                                 KURHFS 
  3839.003   23.0051     1.063     -2.64                                 KURHFS 
  3839.004 607.01214     1.497     -0.32               7.650                    
  3839.006   23.0051     1.063     -1.78                                 KURHFS 
  3839.006   23.0051     1.063     -1.98                                 KURHFS 
  3839.006   23.0051     1.063     -3.88                                 KURHFS 
  3839.007   23.0051     1.063     -1.98                                 KURHFS 
  3839.007   23.0051     1.063     -2.23                                 KURHFS 
  3839.014      28.0     3.696     -3.51                                        
  3839.021 607.01214     1.908      0.34               7.650                    
  3839.039      73.0     1.202     -1.32                                        
  3839.040 607.01214     1.988      0.47               7.650                    
  3839.047 607.01214     4.491     -0.54               7.650                    
  3839.051      25.1     5.563     -1.96                                        
  3839.053 607.01214     1.722      0.20               7.650                    
  3839.083 607.01214     0.770     -0.71               7.650                    
  3839.107   23.0051     2.357     -3.15                                 KURHFS 
  3839.109 607.01214     1.722     -3.83               7.650                    
  3839.111 607.01214     0.770     -0.76               7.650                    
  3839.112   23.0051     2.357     -3.15                                 KURHFS 
  3839.112   23.0051     2.357     -3.33                                 KURHFS 
  3839.119   23.0051     2.357     -2.99                                 KURHFS 
  3839.119   23.0051     2.357     -3.45                                 KURHFS 
  3839.119   23.0051     2.357     -3.58                                 KURHFS 
  3839.120 607.01214     0.770     -3.04               7.650                    
  3839.128   23.0051     2.357     -2.98                                 KURHFS 
  3839.128   23.0051     2.357     -3.01                                 KURHFS 
  3839.128   23.0051     2.357     -4.01                                 KURHFS 
  3839.136 607.01214     0.328      0.08               7.650                    
  3839.140   23.0051     2.357     -2.73                                 KURHFS 
  3839.140   23.0051     2.357     -3.14                                 KURHFS 
  3839.143 607.01214     1.436     -3.74               7.650                    
  3839.147 607.01214     1.907      0.34               7.650                    
  3839.153   23.0051     2.357     -2.52                                 KURHFS 
  3839.188 607.01214     0.328      0.07               7.650                    
  3839.188 607.01214     1.436     -0.15               7.650                    
  3839.189      22.0     2.331     -1.33                                        
  3839.190 607.01214     1.674     -3.66               7.650                    
  3839.219 607.01214     0.581     -0.38               7.650                    
  3839.219 607.01214     1.674     -0.40               7.650                    
  3839.228 607.01214     0.328     -3.38               7.650                    
  3839.241      24.1     5.869     -4.28                                        
  3839.246 607.01214     0.581     -0.40               7.650                    
  3839.256      26.0     3.045     -0.25                                        
  3839.265 607.01214     0.581     -3.25               7.650                    
  3839.266      68.1     2.100      0.23                                        
  3839.273 607.01214     1.436     -0.16               7.650                    
  3839.287 607.01214     4.471     -0.30               7.650                    
  3839.288 607.01214     1.674     -0.42               7.650                    
  3839.296 607.01214     2.532     -0.52               7.650                    
  3839.304      24.0     3.847     -1.41                                        
  3839.304 607.01214     1.722      0.19               7.650                    
  3839.311      24.0     3.847     -3.82                                        
  3839.331 607.01214     4.491     -0.54               7.650                    
  3839.341      26.0     3.881     -4.10                                        
  3839.362 607.01214     1.919     -3.71               7.650                    
  3839.366      23.1     6.852     -1.85                                        
  3839.372      23.0     1.802     -0.12                               KURNOHFS 
  3839.381 607.01214     2.532     -0.54               7.650                    
  3839.391 607.01214     1.919     -0.42               7.650                    
  3839.400 607.01214     4.491     -4.71               7.650                    
  3839.404 607.01214     2.532     -3.69               7.650                    
  3839.405 607.01214     1.519     -3.80               7.650                    
  3839.408 607.01214     3.616     -0.23               7.650                    
  3839.438      23.0     2.579     -0.62                               KURNOHFS 
  3839.446 607.01214     1.482     -3.67               7.650                    
  3839.452 607.01214     4.471     -0.31               7.650                    
  3839.453 607.01214     1.992     -0.70               7.650                    
  3839.465 607.01214     1.520      0.03               7.650                    
  3839.467 607.01214     1.919     -0.43               7.650                    
  3839.471      42.0     2.985     -1.14                                        
  3839.475 607.01214     3.746     -4.10               7.650                    
  3839.476 607.01214     4.471     -3.69               7.650                    
  3839.478 607.01214     1.482     -0.32               7.650                    
  3839.487 607.01214     0.993     -1.42               7.650                    
  3839.488 607.01214     0.993     -1.67               7.650                    
  3839.489      60.1     1.171      0.30                                        
  3839.490 607.01214     0.993     -2.37               7.650                    
  3839.491      58.1     0.899     -0.19                                BIEMONT 
  3839.491 607.01214     3.746     -1.15               7.650                    
  3839.500      26.0     4.100     -1.57                                        
  3839.501 607.01214     1.992     -0.72               7.650                    
  3839.509      22.0     2.248     -4.25                                        
  3839.509      25.0     4.636     -2.02                                        
  3839.510 607.01214     1.233     -2.02               7.650                    
  3839.511 607.01214     1.233     -1.72               7.650                    
  3839.516 607.01214     1.992     -3.47               7.650                    
  3839.519 607.01214     2.680     -3.83               7.650                    
  3839.529      26.1     7.489     -4.03                                        
  3839.534 607.01214     1.471     -1.35               7.650                    
  3839.544 607.01214     1.471     -1.51               7.650                    
  3839.546 607.01214     1.471     -2.65               7.650                    
  3839.549 607.01214     1.482     -0.33               7.650                    
  3839.552 607.01214     2.680     -0.38               7.650                    
  3839.555 607.01214     1.722     -0.90               7.650                    
  3839.569 607.01214     1.519      0.02               7.650                    
  3839.578 607.01214     3.746     -1.17               7.650                    
  3839.583 607.01214     1.722     -0.94               7.650                    
  3839.591 607.01214     1.722     -3.22               7.650                    
  3839.597   27.0059     3.295     -6.86                                 KURHFS 
  3839.599   27.0059     3.295     -6.83                                 KURHFS 
  3839.599   27.0059     3.295     -7.31                                 KURHFS 
  3839.602   27.0059     3.295     -6.83                                 KURHFS 
  3839.602   27.0059     3.295     -6.98                                 KURHFS 
  3839.606   27.0059     3.295     -6.51                                 KURHFS 
  3839.625 607.01214     3.715     -1.21               7.650                    
  3839.627      26.0     3.957     -0.36                                        
  3839.627      92.0     0.471      0.61                                        
  3839.631 607.01214     3.599     -0.42               7.650                    
  3839.640 607.01214     3.616     -0.24               7.650                    
  3839.640      64.1     0.492     -0.34                                 LAWLER 
  3839.663 607.01214     2.680     -0.40               7.650                    
  3839.687      26.0     4.217     -3.52                                        
  3839.688      23.0     1.711     -2.28                               KURNOHFS 
  3839.698      44.0     1.512     -0.05                                        
  3839.705 607.01214     3.715     -1.24               7.650                    
  3839.714 607.01214     3.616     -4.38               7.650                    
  3839.718 607.01214     3.715     -4.04               7.650                    
  3839.753 607.01214     1.417     -3.73               7.650                    
  3839.755      20.0     5.802     -2.94                                        
  3839.755 607.01214     4.025     -4.64               7.650                    
  3839.790 607.01214     0.766     -0.76               7.650                    
  3839.797 607.01214     1.417     -0.16               7.650                    
  3839.805 607.01214     4.025     -0.75               7.650                    
  3839.807 607.01214     0.428     -0.13               7.650                    
  3839.810      27.0     3.663     -1.55                               KURNOHFS 
  3839.811   25.0055     2.185     -1.18                                 KURHFS 
  3839.811   25.0055     2.185     -1.72                                 KURHFS 
  3839.815 607.01214     0.766     -0.81               7.650                    
  3839.824   25.0055     2.185     -1.18                                 KURHFS 
  3839.824   25.0055     2.185     -1.27                                 KURHFS 
  3839.824 607.01214     0.766     -2.99               7.650                    
  3839.835      27.0     3.114     -7.21                               KURNOHFS 
  3839.840      62.1     0.659     -1.93                                 LAWLER 
  3839.849 607.01214     3.599     -0.42               7.650                    
  3839.853 607.01214     0.428     -0.15               7.650                    
  3839.854 607.01214     1.661     -3.65               7.650                    
  3839.881 607.01214     1.417     -0.17               7.650                    
  3839.882      22.0     1.886     -3.58                                        
  3839.882 607.01214     0.428     -3.34               7.650                    
  3839.882 607.01214     1.661     -0.42               7.650                    
  3839.887 607.01214     3.728     -0.15               7.650                    
  3839.891      23.0     2.357     -2.25                               KURNOHFS 
  3839.903 607.01214     2.175     -3.76               7.650                    
  3839.908 607.01214     3.599     -4.41               7.650                    
  3839.919      70.0     2.873      0.44                                        
  3839.924 607.01214     2.785     -0.47               7.650                    
  3839.925      42.0     3.440     -1.65                                        
  3839.934 607.01214     2.175     -0.41               7.650                    
  3839.949 607.01214     1.661     -0.43               7.650                    
  3839.962 607.01214     1.468     -3.65               7.650                    
  3839.972      24.1     5.869     -4.78                                        
  3839.983      25.1     7.047     -5.55                                        
  3839.986   23.0051     1.948     -3.37                                 KURHFS 
  3839.989   23.0051     1.948     -3.08                                 KURHFS 
  3839.989   23.0051     1.948     -3.37                                 KURHFS 
  3839.989   23.0051     1.948     -4.39                                 KURHFS 
  3839.993   23.0051     1.948     -2.95                                 KURHFS 
  3839.993   23.0051     1.948     -3.08                                 KURHFS 
  3839.993   23.0051     1.948     -3.69                                 KURHFS 
  3839.993 607.01214     1.468     -0.33               7.650                    
  3840.000   23.0051     1.948     -2.88                                 KURHFS 
  3840.000   23.0051     1.948     -2.95                                 KURHFS 
  3840.000   23.0051     1.948     -3.24                                 KURHFS 
  3840.008   23.0051     1.948     -2.87                                 KURHFS 
  3840.008   23.0051     1.948     -2.88                                 KURHFS 
  3840.008   23.0051     1.948     -2.91                                 KURHFS 
  3840.016 607.01214     1.690     -3.82               7.650                    
  3840.019   23.0051     1.948     -2.65                                 KURHFS 
  3840.019   23.0051     1.948     -2.87                                 KURHFS 
  3840.019   23.0051     1.948     -2.94                                 KURHFS 
  3840.021 607.01214     2.175     -0.43               7.650                    
  3840.022 607.01214     1.234     -2.42               7.650                    
  3840.024 607.01214     1.234     -1.72               7.650                    
  3840.024 607.01214     2.785     -0.49               7.650                    
  3840.025 607.01214     1.234     -1.47               7.650                    
  3840.026 607.01214     4.025     -0.76               7.650                    
  3840.030 607.01214     1.870     -3.81               7.650                    
  3840.032   23.0051     1.948     -2.43                                 KURHFS 
  3840.032   23.0051     1.948     -2.94                                 KURHFS 
  3840.032   23.0051     1.948     -3.14                                 KURHFS 
  3840.048   23.0051     1.948     -2.24                                 KURHFS 
  3840.048   23.0051     1.948     -3.14                                 KURHFS 
  3840.049 607.01214     2.785     -3.74               7.650                    
  3840.057 607.01214     0.993     -1.67               7.650                    
  3840.059 607.01214     0.993     -1.97               7.650                    
  3840.062 607.01214     1.468     -0.35               7.650                    
  3840.071   27.0059     2.079     -5.39                                 KURHFS 
  3840.071   27.0059     2.079     -5.64                                 KURHFS 
  3840.071   27.0059     2.079     -5.67                                 KURHFS 
  3840.085   27.0059     2.079     -5.20                                 KURHFS 
  3840.085   27.0059     2.079     -5.25                                 KURHFS 
  3840.085   27.0059     2.079     -5.64                                 KURHFS 
  3840.092 607.01214     1.690      0.19               7.650                    
  3840.098 607.01214     0.573     -0.40               7.650                    
  3840.102   23.0051     1.349     -2.24                                 KURHFS 
  3840.104   23.0051     1.349     -1.96                                 KURHFS 
  3840.104   23.0051     1.349     -2.24                                 KURHFS 
  3840.104   23.0051     1.349     -3.26                                 KURHFS 
  3840.105   27.0059     2.079     -5.00                                 KURHFS 
  3840.105   27.0059     2.079     -5.11                                 KURHFS 
  3840.105   27.0059     2.079     -5.69                                 KURHFS 
  3840.108   23.0051     1.349     -1.82                                 KURHFS 
  3840.108   23.0051     1.349     -1.96                                 KURHFS 
  3840.108   23.0051     1.349     -2.56                                 KURHFS 
  3840.114   23.0051     1.349     -1.75                                 KURHFS 
  3840.114   23.0051     1.349     -1.82                                 KURHFS 
  3840.114   23.0051     1.349     -2.11                                 KURHFS 
  3840.118 607.01214     1.870      0.34               7.650                    
  3840.122   23.0051     1.349     -1.75                                 KURHFS 
  3840.122   23.0051     1.349     -1.75                                 KURHFS 
  3840.122   23.0051     1.349     -1.78                                 KURHFS 
  3840.124 607.01214     0.573     -0.42               7.650                    
  3840.128 607.01214     3.728     -0.15               7.650                    
  3840.132   23.0051     1.349     -1.52                                 KURHFS 
  3840.132   23.0051     1.349     -1.75                                 KURHFS 
  3840.132   23.0051     1.349     -1.81                                 KURHFS 
  3840.132   27.0059     2.079     -4.80                                 KURHFS 
  3840.132   27.0059     2.079     -5.09                                 KURHFS 
  3840.132   27.0059     2.079     -5.82                                 KURHFS 
  3840.138 607.01214     1.947     -3.77               7.650                    
  3840.142 607.01214     0.573     -3.22               7.650                    
  3840.143   23.0051     1.349     -1.30                                 KURHFS 
  3840.143   23.0051     1.349     -1.81                                 KURHFS 
  3840.143   23.0051     1.349     -2.01                                 KURHFS 
  3840.147 607.01214     2.913     -3.84               7.650                    
  3840.151 607.01214     1.494     -3.79               7.650                    
  3840.157   23.0051     1.349     -1.11                                 KURHFS 
  3840.157   23.0051     1.349     -2.01                                 KURHFS 
  3840.166   27.0059     2.079     -4.64                                 KURHFS 
  3840.166   27.0059     2.079     -5.14                                 KURHFS 
  3840.166   27.0059     2.079     -6.04                                 KURHFS 
  3840.179 607.01214     2.913     -0.37               7.650                    
  3840.186 607.01214     1.470     -1.51               7.650                    
  3840.193      26.0     2.277     -4.08                                        
  3840.193 607.01214     1.470     -1.76               7.650                    
  3840.194 607.01214     1.470     -2.46               7.650                    
  3840.205      24.0     3.847     -4.21                                        
  3840.208   27.0059     2.079     -4.50                                 KURHFS 
  3840.208   27.0059     2.079     -5.34                                 KURHFS 
  3840.208   27.0059     2.079     -6.45                                 KURHFS 
  3840.208 607.01214     1.690      0.19               7.650                    
  3840.211 607.01214     1.494      0.02               7.650                    
  3840.212 607.01214     3.728     -4.39               7.650                    
  3840.236 607.01214     1.947      0.47               7.650                    
  3840.242 607.01214     1.870      0.33               7.650                    
  3840.265      64.0     0.027     -1.11                                        
  3840.272      23.0     2.581     -3.30                               KURNOHFS 
  3840.280   23.0051     2.357     -4.71                                 KURHFS 
  3840.280   23.0051     2.357     -4.96                                 KURHFS 
  3840.280   23.0051     2.357     -4.99                                 KURHFS 
  3840.284   23.0051     2.357     -4.52                                 KURHFS 
  3840.284   23.0051     2.357     -4.58                                 KURHFS 
  3840.284   23.0051     2.357     -4.96                                 KURHFS 
  3840.291   23.0051     2.357     -4.32                                 KURHFS 
  3840.291   23.0051     2.357     -4.43                                 KURHFS 
  3840.291   23.0051     2.357     -5.01                                 KURHFS 
  3840.300   23.0051     2.357     -4.12                                 KURHFS 
  3840.300   23.0051     2.357     -4.41                                 KURHFS 
  3840.300   23.0051     2.357     -5.14                                 KURHFS 
  3840.300 607.01214     2.913     -0.38               7.650                    
  3840.304      76.0     3.605      0.34                                        
  3840.312   23.0051     2.357     -3.96                                 KURHFS 
  3840.312   23.0051     2.357     -4.46                                 KURHFS 
  3840.312   23.0051     2.357     -5.36                                 KURHFS 
  3840.312 607.01214     1.494      0.02               7.650                    
  3840.322      22.0     2.332     -0.83                                        
  3840.326   23.0051     2.357     -3.82                                 KURHFS 
  3840.326   23.0051     2.357     -4.66                                 KURHFS 
  3840.326   23.0051     2.357     -5.77                                 KURHFS 
  3840.339 607.01214     1.397     -3.72               7.650                    
  3840.357 607.01214     1.947      0.46               7.650                    
  3840.381 607.01214     1.397     -0.17               7.650                    
  3840.408      26.1     7.697     -3.61                                        
  3840.409 607.01214     1.906     -3.69               7.650                    
  3840.412 607.01214     3.499     -3.84               7.650                    
  3840.415   23.0051     1.852     -4.93                                 KURHFS 
  3840.415   23.0051     1.852     -5.13                                 KURHFS 
  3840.415      26.0     4.151     -2.61                                        
  3840.418   23.0051     1.852     -4.91                                 KURHFS 
  3840.418   23.0051     1.852     -4.92                                 KURHFS 
  3840.418   23.0051     1.852     -5.13                                 KURHFS 
  3840.421   23.0051     1.080     -1.04                                 KURHFS 
  3840.421   23.0051     1.080     -1.95                                 KURHFS 
  3840.421   23.0051     1.852     -4.78                                 KURHFS 
  3840.421   23.0051     1.852     -4.80                                 KURHFS 
  3840.421   23.0051     1.852     -4.91                                 KURHFS 
  3840.423 607.01214     3.499     -1.17               7.650                    
  3840.425      28.0     3.831     -2.08                                        
  3840.427   23.0051     1.080     -1.23                                 KURHFS 
  3840.427   23.0051     1.080     -1.74                                 KURHFS 
  3840.427   23.0051     1.080     -1.95                                 KURHFS 
  3840.427   23.0051     1.852     -4.61                                 KURHFS 
  3840.427   23.0051     1.852     -4.76                                 KURHFS 
  3840.427   23.0051     1.852     -4.80                                 KURHFS 
  3840.430 607.01214     0.311      0.07               7.650                    
  3840.432   23.0051     1.080     -1.45                                 KURHFS 
  3840.432   23.0051     1.080     -1.68                                 KURHFS 
  3840.432   23.0051     1.080     -1.74                                 KURHFS 
  3840.433   23.0051     1.852     -4.44                                 KURHFS 
  3840.433   23.0051     1.852     -4.76                                 KURHFS 
  3840.433   23.0051     1.852     -4.77                                 KURHFS 
  3840.434      25.1     6.828     -5.41                                        
  3840.435 607.01214     2.429     -3.80               7.650                    
  3840.436   23.0051     1.080     -1.68                                 KURHFS 
  3840.436   23.0051     1.080     -1.68                                 KURHFS 
  3840.436   23.0051     1.080     -1.71                                 KURHFS 
  3840.437      26.0     0.989     -0.51                                        
  3840.437 607.01214     1.906     -0.43               7.650                    
  3840.439   23.0051     1.080     -1.68                                 KURHFS 
  3840.439   23.0051     1.080     -1.75                                 KURHFS 
  3840.439   23.0051     1.080     -2.04                                 KURHFS 
  3840.441   23.0051     1.080     -1.75                                 KURHFS 
  3840.441   23.0051     1.080     -1.89                                 KURHFS 
  3840.441   23.0051     1.080     -2.49                                 KURHFS 
  3840.441   23.0051     1.852     -4.29                                 KURHFS 
  3840.441   23.0051     1.852     -4.77                                 KURHFS 
  3840.441   23.0051     1.852     -4.85                                 KURHFS 
  3840.443   23.0051     1.080     -1.89                                 KURHFS 
  3840.443   23.0051     1.080     -2.17                                 KURHFS 
  3840.443   23.0051     1.080     -2.17                                 KURHFS 
  3840.443   23.0051     1.080     -3.19                                 KURHFS 
  3840.447 607.01214     1.453     -3.64               7.650                    
  3840.450   23.0051     1.852     -4.14                                 KURHFS 
  3840.450   23.0051     1.852     -4.85                                 KURHFS 
  3840.450   23.0051     1.852     -5.06                                 KURHFS 
  3840.450      62.1     0.040     -1.08                                 LAWLER 
  3840.460   23.0051     1.852     -4.00                                 KURHFS 
  3840.460   23.0051     1.852     -5.06                                 KURHFS 
  3840.462      22.0     2.091     -2.77                                        
  3840.463 607.01214     1.397     -0.18               7.650                    
  3840.467 607.01214     2.429     -0.40               7.650                    
  3840.477 607.01214     1.453     -0.35               7.650                    
  3840.478 607.01214     1.648     -3.63               7.650                    
  3840.480 607.01214     0.311      0.06               7.650                    
  3840.480 607.01214     0.762     -0.81               7.650                    
  3840.482 607.01214     3.499     -1.20               7.650                    
  3840.503 607.01214     0.762     -0.86               7.650                    
  3840.504 607.01214     4.231     -0.03               7.650                    
  3840.505 607.01214     1.648     -0.43               7.650                    
  3840.511 607.01214     0.762     -2.94               7.650                    
  3840.511 607.01214     1.906     -0.45               7.650                    
  3840.512      26.0     4.100     -3.88                                        
  3840.519 607.01214     0.311     -3.37               7.650                    
  3840.523 607.01214     1.235     -2.61               7.650                    
  3840.525 607.01214     1.235     -1.47               7.650                    
  3840.527 607.01214     1.235     -1.31               7.650                    
  3840.537      42.0     2.621     -1.40                                        
  3840.543 607.01214     1.453     -0.36               7.650                    
  3840.565   23.0051     2.121     -3.79                                 KURHFS 
  3840.565 607.01214     2.429     -0.41               7.650                    
  3840.566   23.0051     2.121     -3.50                                 KURHFS 
  3840.566   23.0051     2.121     -3.79                                 KURHFS 
  3840.566   23.0051     2.121     -4.81                                 KURHFS 
  3840.569   23.0051     2.121     -3.37                                 KURHFS 
  3840.569   23.0051     2.121     -3.50                                 KURHFS 
  3840.569   23.0051     2.121     -4.11                                 KURHFS 
  3840.569 607.01214     1.648     -0.45               7.650                    
  3840.573   23.0051     2.121     -3.30                                 KURHFS 
  3840.573   23.0051     2.121     -3.37                                 KURHFS 
  3840.573   23.0051     2.121     -3.66                                 KURHFS 
  3840.578   23.0051     2.121     -3.29                                 KURHFS 
  3840.578   23.0051     2.121     -3.30                                 KURHFS 
  3840.578   23.0051     2.121     -3.33                                 KURHFS 
  3840.585   23.0051     2.121     -3.07                                 KURHFS 
  3840.585   23.0051     2.121     -3.29                                 KURHFS 
  3840.585   23.0051     2.121     -3.36                                 KURHFS 
  3840.593   23.0051     2.121     -2.85                                 KURHFS 
  3840.593   23.0051     2.121     -3.36                                 KURHFS 
  3840.593   23.0051     2.121     -3.56                                 KURHFS 
  3840.602 607.01214     1.718     -0.94               7.650                    
  3840.603   23.0051     2.121     -2.66                                 KURHFS 
  3840.603   23.0051     2.121     -3.56                                 KURHFS 
  3840.628 607.01214     1.718     -0.99               7.650                    
  3840.635 607.01214     1.718     -3.17               7.650                    
  3840.658      21.1     7.375     -2.97                                        
  3840.659 607.01214     4.389     -1.43               7.650                    
  3840.667      24.0     2.707     -4.52                                        
  3840.684   57.1139     0.173     -2.55                                 LAWLER 
  3840.687   57.1139     0.173     -2.11                                 LAWLER 
  3840.691   57.1139     0.173     -1.84                                 LAWLER 
  3840.702   57.1139     0.173     -1.86                                 LAWLER 
  3840.703   57.1139     0.173     -1.74                                 LAWLER 
  3840.705   57.1139     0.173     -1.85                                 LAWLER 
  3840.719   57.1139     0.173     -2.11                                 LAWLER 
  3840.724   57.1139     0.173     -1.66                                 LAWLER 
  3840.731   57.1139     0.173     -1.36                                 LAWLER 
  3840.732   23.0051     0.040     -1.94                                 KURHFS 
  3840.733   23.0051     0.040     -1.66                                 KURHFS 
  3840.733   23.0051     0.040     -1.91                                 KURHFS 
  3840.736   23.0051     0.040     -1.47                                 KURHFS 
  3840.736   23.0051     0.040     -1.91                                 KURHFS 
  3840.736   23.0051     0.040     -1.97                                 KURHFS 
  3840.739   23.0051     0.040     -1.38                                 KURHFS 
  3840.739   23.0051     0.040     -1.53                                 KURHFS 
  3840.739   23.0051     0.040     -2.09                                 KURHFS 
  3840.739      25.0     3.380     -5.89                               KURNOHFS 
  3840.744   23.0051     0.040     -1.27                                 KURHFS 
  3840.744   23.0051     0.040     -1.36                                 KURHFS 
  3840.744   23.0051     0.040     -2.31                                 KURHFS 
  3840.745      25.1     6.181     -6.19                                        
  3840.750   23.0051     0.040     -1.07                                 KURHFS 
  3840.750   23.0051     0.040     -1.41                                 KURHFS 
  3840.750   23.0051     0.040     -2.72                                 KURHFS 
  3840.753   23.0051     2.364     -3.69                                 KURHFS 
  3840.753   23.0051     2.364     -3.95                                 KURHFS 
  3840.753   23.0051     2.364     -3.98                                 KURHFS 
  3840.754   23.0051     2.364     -3.51                                 KURHFS 
  3840.754   23.0051     2.364     -3.95                                 KURHFS 
  3840.754   23.0051     2.364     -4.00                                 KURHFS 
  3840.756   23.0051     2.364     -3.42                                 KURHFS 
  3840.756   23.0051     2.364     -3.56                                 KURHFS 
  3840.756   23.0051     2.364     -4.13                                 KURHFS 
  3840.757   23.0051     2.364     -3.31                                 KURHFS 
  3840.757   23.0051     2.364     -3.39                                 KURHFS 
  3840.757   23.0051     2.364     -4.35                                 KURHFS 
  3840.758   23.0051     0.040     -0.91                                 KURHFS 
  3840.758   23.0051     0.040     -1.61                                 KURHFS 
  3840.760   23.0051     2.364     -3.11                                 KURHFS 
  3840.760   23.0051     2.364     -3.45                                 KURHFS 
  3840.760   23.0051     2.364     -4.76                                 KURHFS 
  3840.761 607.01214     4.231     -0.03               7.650                    
  3840.762   23.0051     2.364     -2.94                                 KURHFS 
  3840.762   23.0051     2.364     -3.64                                 KURHFS 
  3840.766   23.0051     0.040     -0.77                                 KURHFS 
  3840.766   23.0051     2.364     -2.80                                 KURHFS 
  3840.795      25.0     4.636     -2.23                                        
  3840.797 607.01214     1.469     -1.76               7.650                    
  3840.800      90.0     0.615     -0.79                                        
  3840.802 607.01214     1.469     -2.06               7.650                    
  3840.821      44.0     0.997     -1.36                                        
  3840.869 607.01214     4.231     -4.45               7.650                    
  3840.871 607.01214     4.389     -1.44               7.650                    
  3840.872      69.0     1.892      0.69                                        
  3840.878 607.01214     1.468     -3.79               7.650                    
  3840.884 607.01214     0.416     -0.15               7.650                    
  3840.890      66.0     1.780      1.25                                        
  3840.899 607.01214     1.379     -3.71               7.650                    
  3840.899 607.01214     1.440     -3.62               7.650                    
  3840.906 607.01214     1.658     -3.82               7.650                    
  3840.920 607.01214     0.416     -0.17               7.650                    
  3840.929 607.01214     1.440     -0.36               7.650                    
  3840.936      27.1     3.083     -4.91                                        
  3840.936 607.01214     1.468      0.02               7.650                    
  3848.990   57.1139     0.000     -2.16                                 LAWLER 
  3848.996   57.1139     0.000     -1.72                                 LAWLER 
  3848.999   57.1139     0.000     -1.46                                 LAWLER 
