Th II    35359        linelist 
  3537.608      26.1     4.146    -3.551
  3537.615      26.1     5.566    -3.738
  3537.617      28.0     3.536    -1.110
  3537.625      42.0     3.357    -0.962
  3537.649      26.0     3.639    -7.108
  3537.659      26.0     2.863    -3.063
  3537.662      66.1     1.223    -0.083
  3537.675      25.1     5.344    -4.745
  3537.706      27.0     2.006    -2.871
 3537.7291      26.0     2.607    -1.125                              OBr-1.125
  3537.773      27.0     2.955    -4.755
  3537.810      20.0     5.295    -3.765
  3537.853      24.0     2.707    -3.568
  3537.895      26.0     2.830    -0.760
  3537.897      27.1     5.204    -4.448
  3537.946      44.0     0.259    -1.390
  3537.955      58.1     0.700     -0.88                                BIEMONT 
  3537.974      25.0     4.662    -1.040
  3537.985      25.0     4.350    -3.254
  3537.998      22.1     4.965    -4.020
  3538.025      20.0     5.296    -3.327
  3538.069      63.1     3.243     0.340
  3538.094      23.0     1.954    -2.816
  3538.139      45.0     0.705    -0.730
  3538.231      23.1     1.127    -1.660
  3538.235      92.0     0.077    -0.610
  3538.252      26.0     2.843    -2.195
  3538.255      24.0     2.707    -2.259
  3538.304      58.1     1.273     -1.08                                BIEMONT
  3538.306      26.0     3.544    -0.998
  3538.417      24.1     4.757    -3.589
  3538.421      28.0     4.161    -1.044
  3538.435      27.0     2.540    -2.933
  3538.500      26.0     3.632    -6.297
  3538.518      28.0     3.539    -5.470
  3538.519      66.1     0.000     -0.02                                 LAWLER
  3538.555      26.0     2.482    -3.269
  3538.574      25.0     3.376    -5.049
  3538.592      25.0     3.376    -5.455
  3538.667      42.0     2.513    -2.161
  3538.669      22.0     2.504    -4.093
  3538.687      26.0     3.600    -5.082
  3538.717      24.0     3.373    -2.740
  3538.757      58.1     1.205    -0.532
  3538.785      26.0     3.571    -1.730
  3538.797      26.0     3.639    -5.716
  3538.803      58.1     0.808     -1.43                                BIEMONT
  3538.804      25.0     4.191    -3.957
  3538.862      25.0     2.886    -3.576
  3538.919      42.0     3.435    -0.334
  3538.927      26.0     3.879    -2.734
  3538.988      24.1     4.984    -1.941
  3538.992      24.0     2.708    -3.614
  3539.022      40.1     1.664    -0.850
  3539.077      24.0     2.985    -7.637
  3539.077      24.0     2.985    -8.174
  3539.079      58.1     0.320     -0.38                              Biem-0.38
  3539.109      42.0     2.644    -1.458
  3539.136      25.0     4.341    -0.845
  3539.189      26.0     3.639    -8.413
  3539.218      26.0     3.881    -3.271
  3539.274      23.1     5.898    -1.422
  3539.298      25.0     3.761    -1.273
  3539.322      90.1     0.556    -0.945  
  3539.327      75.0     2.411    -0.120
  3539.348      25.0     4.662    -2.070
  3539.368      44.0     0.336    -1.020
  3539.369      66.1     0.589     -0.80                              adj-0.80 
  3539.374      25.0     3.376    -5.356
  3539.436      27.0     3.250    -1.30                               adj-1.125
  3539.464      42.0     2.678    -1.219
  3539.471      68.1     1.949     -0.40
  3539.498      25.0     3.761    -1.20                               adj-1.037
  3539.508      23.0     2.121    -3.663
  3539.515      26.0     3.571    -3.689
  3539.516      21.0     1.849    -0.809
  3539.527      23.0     1.063    -5.442
  3539.531      24.0     3.094    -1.065
  3539.586      68.0     1.473     1.293
  3539.587      90.1     0.000    -0.542                                NILSSON
  3539.617      25.0     3.376    -9.297
  3539.625      28.0     3.541    -3.968
  3539.629      41.0     1.120    -0.620
  3539.651      92.0     0.471     0.080
  3539.775      28.0     4.161    -0.982
  3539.835      58.1     0.734     -1.56                                BIEMONT
  3539.856      27.0     1.881     -2.20                                    ADJ
  3539.889      26.0     3.684     -2.60                                    ADJ
  3539.903      22.0     1.738    -2.750
  3539.914      23.0     1.375    -5.727
  3539.921      24.0     3.432    -2.479
  3539.943      75.0     2.745    -0.310
  3539.947      25.0     4.791    -3.619
  3539.949      26.0     3.957    -4.298
  3539.963      27.0     3.407    -3.890
  3539.993      23.0     2.038    -4.324
  3540.003      26.1     5.906    -2.239
  3540.009      42.0     2.289    -1.579
  3540.021      23.0     2.096    -3.503
  3540.068      24.0     3.077    -3.836
 3540.1211      26.0     2.863    -0.795      50.0                    OBr-0.795
  3540.143      27.0     2.955    -4.890
  3540.165      26.0     3.239    -4.302
  3540.267      24.1     4.412    -3.268
  3540.317      42.0     2.756    -1.698
  3540.320      26.0     2.196     -3.70                                    ADJ
  3540.342      28.0     3.765    -1.849
  3540.398      27.0     3.064    -5.071
  3540.402      23.0     1.847    -5.702
  3540.447      23.1     2.520    -3.509
  3540.452      42.0     2.913    -1.009
  3540.465      92.1     0.708    -0.232
  3540.489      27.0     3.051    -5.029
  3540.535      23.0     1.063    -1.888
  3540.539      25.0     4.723    -3.046
  3540.566      42.0     3.263    -0.600
  3540.630      26.0     3.239    -3.468
  3540.643      23.0     1.948    -4.485
  3540.689      66.1     1.462    -0.107
  3540.703      26.0     3.600    -3.124
 3540.7097      26.0     0.914    -2.491                              OBr-2.491
  3540.746      26.0     3.692    -7.450
  3540.765      26.0     2.586    -4.277
  3540.800      26.0     2.431    -2.399
  3540.816      23.0     2.377    -0.661
  3540.825      25.0     2.886    -4.202
  3540.841      23.1     5.835    -3.811
  3540.856      58.1     0.976     -1.38                                BIEMONT
  3540.859      23.0     1.892    -1.143
  3540.959      41.1     1.031    -0.360
  3541.014      58.1     0.703     -1.31                                BIEMONT
  3541.025      26.0     3.045    -3.280
 3541.0834      26.0     2.849     0.253                              OBr+0.253
  3541.114      21.0     1.952    -2.896
  3541.147      23.0     0.017    -4.570
  3541.150      60.1     0.182     -1.95                                 LAWLER
  3541.150      26.0     3.879    -2.712
  3541.212      26.0     1.484    -6.163
  3541.231      25.0     4.682    -1.402
  3541.234      23.0     1.868    -3.205
  3541.323      26.0     3.940    -3.888
  3541.334      23.1     2.599    -1.270
  3541.458      27.0     3.051    -6.125
  3541.506      24.0     3.373    -3.509
  3541.539      26.1     5.565    -2.800
