Ir I     3800       line list                                                   
  3797.513     607.0     1.038    -3.659               7.590                    
  3797.518      26.0      3.24     0.107                                OBRIAN  
  3797.528     607.0     1.529    -3.715               7.590                    
  3797.545      21.0      2.00    -3.338                                        
  3797.551     607.0     2.393    -3.966               7.590                    
  3797.576      22.0      2.68    -3.736                                        
  3797.602     607.0     2.394    -0.165               7.590                    
  3797.604     607.0     3.257     0.475               7.590                    
  3797.651      25.0      4.26    -1.721                                        
  3797.671     607.0     3.744    -0.394               7.590                    
  3797.672     607.0     3.100     0.365               7.590                    
  3797.679      24.0      3.89    -3.861                                        
  3797.701     607.0     4.499    -1.100               7.590                    
  3797.709      22.0      0.02    -4.888                                        
  3797.712      24.0      3.01    -0.125                               FUDGE    
  3797.733     607.0     3.744    -4.442               7.590                    
  3797.736      62.1      0.54     -0.26                                 LAWLER
  3797.739     607.0     2.393    -0.172               7.590                    
  3797.740     607.0     2.897    -0.373               7.590                    
  3797.755     607.0     2.527    -4.016               7.590                    
  3797.777     607.0     2.801    -4.019               7.590                    
  3797.799     607.0     4.499    -1.123               7.590                    
  3797.800      23.0      2.25    -3.896                                        
  3797.811     607.0     4.499    -3.969               7.590                    
  3797.820     607.0     1.731    -0.336               7.590                    
  3797.829     607.0     3.777    -0.499               7.590                    
  3797.835     607.0     2.527     0.126               7.590                    
  3797.857     607.0     0.961     0.315               7.590                    
  3797.863     607.0     2.897    -0.384               7.590                    
  3797.869      24.0      2.54    -2.229                                        
  3797.872     607.0     2.801     0.249               7.590                    
  3797.894     607.0     2.897    -3.839               7.590                    
  3797.900      21.0      2.30    -3.235                                        
  3797.901     607.0     3.247    -3.908               7.590                    
  3797.903     607.0     1.731    -0.348               7.590                    
  3797.928     607.0     0.961     0.309               7.590                    
  3797.935     607.0     1.731    -3.731               7.590                    
  3797.938     607.0     3.247    -0.296               7.590                    
  3797.949      26.0      2.59    -2.398                               FUDGE    
  3797.956      26.0      3.60    -6.268                                        
  3797.972     607.0     1.107     0.054               7.590                    
  3797.985      27.0      3.28    -4.198                                        
  3797.996     607.0     0.961    -3.615               7.590                    
  3797.997     607.0     2.527     0.121               7.590                    
  3798.039     607.0     3.054    -3.922               7.590                    
  3798.039     607.0     4.345    -0.042               7.590                    
  3798.043     607.0     2.801     0.245               7.590                    
  3798.050      44.0      0.39     -1.13                                 LAWLER
  3798.051     607.0     3.777    -0.505               7.590                    
  3798.058     607.0     1.107     0.046               7.590                    
  3798.078     607.0     3.054    -0.291               7.590                    
  3798.085     607.0     3.247    -0.306               7.590                    
  3798.091      27.0      2.14    -2.903                                        
  3798.107     607.0     3.777    -4.480               7.590                    
  3798.110     607.0     1.107    -3.683               7.590                    
  3798.122      41.0      0.05    -0.160                                        
  3798.155     607.0     2.321    -3.979               7.590                    
  3798.162      23.0      1.95    -2.112                                        
  3798.182     607.0     2.680    -3.943               7.590                    
  3798.193     607.0     4.847    -0.757               7.590                    
  3798.204     607.0     2.354    -3.998               7.590                    
  3798.212     607.0     2.321    -0.090               7.590                    
  3798.221     607.0     3.054    -0.300               7.590                    
  3798.225     607.0     2.680    -0.257               7.590                    
  3798.252      42.0      0.00     0.128                                        
  3798.271     607.0     2.354     0.009               7.590                    
  3798.274     607.0     3.184    -3.877               7.590                    
  3798.276      22.0      1.43    -1.000                                FUDGE   
  3798.303     607.0     4.039    -0.113               7.590                    
  3798.305     607.0     4.345    -0.046               7.590                    
  3798.354     607.0     2.321    -0.097               7.590                    
  3798.357      27.0      3.07    -8.447                                        
  3798.361      26.1      2.34    -4.168                                        
  3798.361     607.0     2.680    -0.266               7.590                    
  3798.364      22.0      2.78    -2.402                                        
  3798.386     607.0     1.343    -0.188               7.590                    
  3798.391     607.0     4.671    -0.302               7.590                    
  3798.397     607.0     3.184     0.576               7.590                    
  3798.405      24.0      2.97    -2.699                                FUDGE   
  3798.407     607.0     4.345    -4.451               7.590                    
  3798.416      22.0      2.43    -4.426                                        
  3798.421     607.0     4.081    -1.333               7.590                    
  3798.422     607.0     2.354     0.003               7.590                    
  3798.437     607.0     4.847    -0.765               7.590                    
  3798.450     607.0     3.849    -0.623               7.590                    
  3798.462     607.0     4.451    -4.125               7.590                    
  3798.466     607.0     1.343    -0.199               7.590                    
  3798.469     607.0     4.451    -1.895               7.590                    
  3798.475     607.0     4.847    -4.573               7.590                    
  3798.482      28.0      3.77    -4.319                                        
  3798.484     607.0     4.081    -1.366               7.590                    
  3798.493     607.0     4.081    -3.877               7.590                    
  3798.505     607.0     1.343    -3.698               7.590                    
  3798.516      26.0      0.91    -1.088                               OBRIAN   
  3798.512     607.0     4.451    -1.944               7.590                    
  3798.513      25.0      4.80    -1.655                                        
  3798.550     607.0     3.184     0.573               7.590                    
  3798.558     607.0     4.039    -0.118               7.590                    
  3798.562      27.0      3.30    -6.520                                        
  3798.564     607.0     4.671    -0.314               7.590                    
  3798.573      24.0      3.38    -2.501                                        
  3798.585      24.0      4.21    -1.772                                        
  3798.587     607.0     4.671    -3.722               7.590                    
  3798.591      23.0      2.28    -4.694                                        
  3798.597      26.1      2.64    -4.029                                        
  3798.621      58.1     0.559     -1.11                                BIEMONT
  3798.631      24.0      4.10    -2.096                                        
  3798.637     607.0     3.858    -1.792               7.590                    
  3798.647     607.0     4.039    -4.425               7.590                    
  3798.649      23.0      1.71    -1.432                                        
  3798.662     607.0     3.858    -1.881               7.590                    
  3798.666     607.0     3.858    -3.524               7.590                    
  3798.667     607.0     3.849    -0.629               7.590                    
  3798.685      23.0      2.25    -3.334                                        
  3798.696      24.0      4.21    -1.921                                        
  3798.717     607.0     3.849    -4.539               7.590                    
  3798.734      21.0      1.97    -3.345                                        
  3798.785     607.0     2.190    -0.388               7.590                    
  3798.797     607.0     3.054    -3.996               7.590                    
  3798.816     607.0     3.437    -3.877               7.590                    
  3798.848     607.0     1.197    -0.078               7.590                    
  3798.852     607.0     3.437    -0.284               7.590                    
  3798.866     607.0     3.208    -3.949               7.590                    
  3798.869      25.0      4.27    -2.699                                FUDGE   
  3798.878     607.0     3.757    -0.290               7.590                    
  3798.881     607.0     2.190    -0.400               7.590                    
  3798.888     607.0     2.429    -0.389               7.590                    
  3798.898      44.0      0.15     -0.04                                LAWLER  
  3798.904     607.0     3.054     0.365               7.590                    
  3798.906     607.0     2.664    -0.384               7.590                    
  3798.911     607.0     2.190    -3.783               7.590                    
  3798.923     607.0     3.512    -1.095               7.590                    
  3798.928     607.0     4.754     0.013               7.590                    
  3798.930     607.0     1.197    -0.087               7.590                    
  3798.974     607.0     1.197    -3.690               7.590                    
  3798.984     607.0     3.208     0.475               7.590                    
  3798.990     607.0     1.012     0.180               7.590                    
  3798.992     607.0     2.429    -0.401               7.590                    
  3798.998     607.0     3.512    -1.119               7.590                    
  3799.004     607.0     3.437    -0.294               7.590                    
  3799.011     607.0     3.512    -3.918               7.590                    
  3799.019     607.0     2.664    -0.396               7.590                    
  3799.023     607.0     2.429    -3.809               7.590                    
  3799.032      58.1     0.445     -1.62                                BIEMONT
  3799.050     607.0     2.664    -3.827               7.590                    
  3799.069     607.0     3.783    -4.179               7.590                    
  3799.076     607.0     1.012     0.172               7.590                    
  3799.078     607.0     3.054     0.361               7.590                    
  3799.079     607.0     1.513    -0.283               7.590                    
  3799.087     607.0     3.783    -1.074               7.590                    
  3799.114     607.0     3.757    -0.295               7.590                    
  3799.136     607.0     1.012    -3.652               7.590                    
  3799.148     607.0     2.760    -4.014               7.590                    
  3799.151      26.0      2.99    -6.495                                        
  3799.151     607.0     3.208     0.471               7.590                    
  3799.159     607.0     1.513    -0.295               7.590                    
  3799.183     607.0     3.757    -4.421               7.590                    
  3799.186     607.0     2.491    -4.010               7.590                    
  3799.188      46.0      0.96    -0.990                                        
  3799.189     607.0     3.783    -1.092               7.590                    
  3799.192     607.0     1.513    -3.703               7.590                    
  3799.197      92.1      1.04    -0.392                                        
  3799.203     607.0     4.753     0.010               7.590                    
  3799.213      24.0      2.87    -1.639                                        
  3799.229      27.0      3.28    -5.540                                        
  3799.236      60.1      0.32     -1.10                                 LAWLER
  3799.242     607.0     2.760     0.245               7.590                    
  3799.252      24.0      3.56    -1.858                                        
  3799.252      25.0      2.14    -1.755                                        
  3799.259      23.0      2.68    -1.204                                        
  3799.259     607.0     4.541    -3.742               7.590                    
  3799.262      21.0      4.54    -3.455                                        
  3799.262      21.0      4.54    -2.173                                        
  3799.263     607.0     3.746    -1.129               7.590                    
  3799.266     607.0     2.491     0.121               7.590                    
  3799.284     607.0     2.858    -3.931               7.590                    
  3799.285     607.0     4.541    -0.254               7.590                    
  3799.318      45.0      0.71    -0.020                                        
  3799.319     607.0     4.754    -4.490               7.590                    
  3799.324     607.0     2.858    -0.281               7.590                    
  3799.344      58.1     0.811     -0.83                                BIEMONT
  3799.356      44.0      0.00     +0.02                                 LAWLER
  3799.357     607.0     3.746    -1.148               7.590                    
  3799.373     607.0     3.746    -4.124               7.590                    
  3799.412     607.0     2.760     0.240               7.590                    
  3799.426     607.0     2.491     0.116               7.590                    
  3799.458     607.0     4.708    -2.779               7.590                    
  3799.459     607.0     4.541    -0.265               7.590                    
  3799.462     607.0     1.947    -0.379               7.590                    
  3799.463     607.0     2.858    -0.290               7.590                    
  3799.496     607.0     4.100    -4.661               7.590                    
  3799.512     607.0     1.084     0.046               7.590                    
  3799.518      60.1      0.18    -0.810                                        
  3799.544      62.1      0.19     -0.92                                 LAWLER
  3799.547     607.0     4.100    -0.730               7.590                    
  3799.549     607.0     1.947    -0.392               7.590                    
  3799.558      26.0      0.96    -0.796      10.0                     OBRIAN   
  3799.571      23.0      1.87    -3.550                                        
  3799.571     607.0     4.430    -1.418               7.590                    
  3799.579     607.0     1.947    -3.749               7.590                    
  3799.589     607.0     0.932     0.309               7.590                    
  3799.596     607.0     1.084     0.037               7.590                    
  3799.648     607.0     1.084    -3.675               7.590                    
  3799.649      24.0      3.56    -2.350                                        
  3799.659     607.0     0.932     0.302               7.590                    
  3799.670     607.0     4.708    -2.787               7.590                    
  3799.672      24.0      2.92    -3.628                                        
  3799.701      23.0      1.95    -1.352                                        
  3799.704     607.0     1.716    -0.348               7.590                    
  3799.708      58.1     0.417     -1.26                                BIEMONT
  3799.726     607.0     0.932    -3.608               7.590                    
  3799.768     607.0     2.370    -3.958               7.590                    
  3799.774     607.0     4.100    -0.737               7.590                    
  3799.776     607.0     2.323    -3.992               7.590                    
  3799.786     607.0     1.716    -0.361               7.590                    
  3799.787     607.0     4.430    -1.426               7.590                    
  3799.791      22.1      0.61    -2.845                              adj-2.845
  3799.805      27.0      1.74    -2.696                                        
  3799.817     607.0     1.716    -3.718               7.590                    
  3799.818     607.0     2.370    -0.172               7.590                    
  3799.842     607.0     2.323     0.003               7.590                    
  3799.874      25.0      4.61    -2.904                                        
  3799.891     607.0     4.655    -4.151               7.590                    
  3799.899     607.0     4.655    -1.607               7.590                    
  3799.905      27.0      3.07    -5.277                                        
  3799.908      23.0      0.27    -0.669                                        
  3799.908      24.0      3.89    -1.717                                        
  3799.924     607.0     1.325    -0.199               7.590                    
  3799.926     607.0     2.502    -3.947               7.590                    
  3799.953     607.0     2.370    -0.180               7.590                    
  3799.965     607.0     4.655    -1.640               7.590                    
  3799.971     607.0     2.502    -0.226               7.590                    
  3799.976     607.0     2.294    -3.972               7.590                    
  3799.991     607.0     2.323    -0.004               7.590                    
  3800.003     607.0     1.325    -0.210               7.590                    
  3800.006      22.0      3.39    -3.679                                        
  3800.030      26.0      3.00     -2.70                                FAKE    
  3800.033     607.0     2.294    -0.097               7.590                    
  3800.041     607.0     1.325    -3.687               7.590                    
  3800.046     607.0     3.134    -3.874               7.590                    
  3800.105     607.0     2.502    -0.235               7.590                    
  3800.127      77.0      0.00    -1.442                                IVARSSON
  3800.153      27.1      2.99    -3.312                                        
  3800.169     607.0     3.134     0.573               7.590                    
  3800.172     607.0     2.294    -0.104               7.590                    
  3800.195     607.0     3.009    -3.992               7.590                    
  3800.228      22.0      2.47    -3.649                                        
  3800.263      44.0      1.06     -0.92                                 LAWLER
  3800.266     607.0     3.865    -3.673               7.590                    
  3800.272     607.0     3.865    -1.656               7.590                    
  3800.298      24.0      3.09    -4.049                                        
  3800.300     607.0     3.865    -1.719               7.590                    
  3800.301     607.0     3.009     0.361               7.590                    
  3800.300      26.0      3.50     -1.60                                FAKE    
  3800.320     607.0     3.134     0.569               7.590                    
  3800.322      58.1     0.560     -0.62                                BIEMONT
  3800.349     607.0     1.177    -0.087               7.590                    
  3800.367      72.0      0.00    -1.080                                        
  3800.370      62.1      0.43     -1.19                                 LAWLER
  3800.373      58.1     0.587     -0.87                                BIEMONT
  3800.393     607.0     4.442    -1.998               7.590                    
  3800.399      24.0      3.97    -3.442                                        
  3800.403     607.0     3.160    -3.946               7.590                    
  3800.430     607.0     1.177    -0.097               7.590                    
  3800.432     607.0     4.442    -2.061               7.590                    
  3800.436     607.0     4.442    -4.015               7.590                    
  3800.439     607.0     4.592    -0.523               7.590                    
  3800.473     607.0     1.177    -3.680               7.590                    
  3800.473     607.0     3.009     0.357               7.590                    
  3800.508     607.0     2.720    -4.010               7.590                    
  3800.520     607.0     3.160     0.471               7.590                    
  3800.530      25.0      4.36    -3.348                                        
  3800.553      21.0      2.00    -2.123                                        
  3800.556      25.0      3.84    -0.398                                FUDGE   
  3800.573     607.0     4.098    -3.939               7.590                    
  3800.584     607.0     4.098    -1.272               7.590                    
  3800.585      27.0      3.62    -2.437                                        
  3800.592      27.0      3.63    -4.585                                        
  3800.600     607.0     2.720     0.240               7.590                    
  3800.601     607.0     0.986     0.172               7.590                    
  3800.602     607.0     2.456    -4.005               7.590                    
  3800.620      24.0      0.94     -2.80                                    ADJ 
  3800.651     607.0     4.098    -1.301               7.590                    
  3800.662      24.0      4.11    -2.216                                        
  3800.680     607.0     2.456     0.116               7.590                    
  3800.686     607.0     0.986     0.164               7.590                    
  3800.686     607.0     3.160     0.467               7.590                    
  3800.720     607.0     1.497    -0.295               7.590                    
  3800.727     607.0     4.592    -0.528               7.590                    
  3800.738     607.0     4.214    -4.480               7.590                    
  3800.739     607.0     3.625    -3.843               7.590                    
  3800.730      40.1      0.53     -1.85                                    ADJ 
  3800.745     607.0     0.986    -3.644               7.590                    
  3800.769     607.0     2.720     0.235               7.590                    
  3800.772     607.0     3.625    -0.271               7.590                    
  3800.797     607.0     1.497    -0.308               7.590                    
  3800.798     607.0     4.592    -4.726               7.590                    
  3800.818     607.0     4.214    -0.231               7.590                    
  3800.830     607.0     1.497    -3.691               7.590                    
  3800.839     607.0     2.456     0.110               7.590                    
  3800.856     607.0     3.287    -3.721               7.590                    
  3800.862      39.1      3.56     0.000                                        
  3800.867      39.1      3.56     0.000                                        
  3800.868     607.0     3.287    -1.114               7.590                    
  3800.886      62.1      0.28     -0.65                                 LAWLER
  3800.919     607.0     3.287    -1.145               7.590                    
  3800.923      28.0      3.90    -2.390                                        
  3800.928     607.0     3.625    -0.281               7.590                    
  3800.950     607.0     4.301    -4.942               7.590                    
  3800.993     607.0     4.301    -1.126               7.590                    
  3801.007     607.0     4.378    -1.809               7.590                    
  3801.013     607.0     4.177    -1.457               7.590                    
  3801.020      50.0      1.07    -0.740                                 NIST   
  3801.036     607.0     1.061     0.037               7.590                    
  3801.077      22.0      1.88    -1.350                                        
  3801.082     607.0     3.262    -1.254               7.590                    
  3801.084     607.0     4.214    -0.235               7.590                    
  3801.124      60.1      0.56     -0.57                                 LAWLER
  3801.119     607.0     1.061     0.029               7.590                    
  3801.123     607.0     3.262    -1.298               7.590                    
  3801.131     607.0     3.262    -3.575               7.590                    
  3801.133     607.0     4.177    -1.473               7.590                    
  3801.134      25.0      4.61    -4.329                                        
  3801.136     607.0     4.378    -1.825               7.590                    
  3801.151     607.0     4.177    -4.595               7.590                    
  3801.154      26.0      3.43    -3.154                                        
  3801.159      22.0      2.41    -0.370                                        
  3801.165      23.0      0.02    -3.181                                        
  3801.170     607.0     1.061    -3.666               7.590                    
  3801.211     607.0     4.301    -1.133               7.590                    
  3801.228      27.0      2.87    -1.597                                        
  3801.270     607.0     3.111    -0.369               7.590                    
  3801.304     607.0     0.903     0.302               7.590                    
  3801.309      60.1      0.18     -1.28                                 LAWLER
  3801.324     607.0     2.293    -3.985               7.590                    
  3801.362      26.0      3.70    -1.988                                        
  3801.364     607.0     4.715    -4.044               7.590                    
  3801.378     607.0     4.715    -1.049               7.590                    
  3801.379     607.0     0.903     0.295               7.590                    
  3801.390     607.0     2.293    -0.004               7.590                    
  3801.399     607.0     3.111    -0.380               7.590                    
  3801.426      23.0      2.51    -7.944                                        
  3801.430     607.0     3.111    -3.835               7.590                    
  3801.441     607.0     1.308    -0.210               7.590                    
  3801.445     607.0     0.903    -3.601               7.590                    
  3801.489     607.0     4.715    -1.069               7.590                    
  3801.509     607.0     4.002    -4.377               7.590                    
  3801.518     607.0     1.308    -0.221               7.590                    
  3801.526      58.1     0.896      0.71                                BIEMONT
  3801.528     607.0     4.002    -1.205               7.590                    
  3801.537     607.0     2.293    -0.010               7.590                    
  3801.554     607.0     1.702    -0.361               7.590                    
  3801.555     607.0     1.308    -3.676               7.590                    
  3801.559     607.0     2.175    -0.400               7.590                    
  3801.564      25.0      4.27    -2.994                                        
  3801.581     607.0     2.964    -3.988               7.590                    
  3801.603      27.0      2.72    -4.185                                        
  3801.613      24.0      4.10    -2.595                                        
  3801.633     607.0     1.702    -0.374               7.590                    
  3801.636     607.0     4.488    -4.484               7.590                    
  3801.643     607.0     4.002    -1.221               7.590                    
  3801.652     607.0     2.175    -0.413               7.590                    
  3801.663     607.0     1.702    -3.705               7.590                    
  3801.679      26.0      2.83    -1.022                                OBRIAN  
  3801.681     607.0     1.933    -0.392               7.590                    
  3801.682      23.0      1.95    -4.741                                        
  3801.682     607.0     2.175    -3.771               7.590                    
  3801.687     607.0     2.964     0.357               7.590                    
  3801.691     607.0     2.660    -3.934               7.590                    
  3801.728     607.0     4.488    -0.130               7.590                    
  3801.734     607.0     2.660    -0.266               7.590                    
  3801.765     607.0     2.268    -3.965               7.590                    
  3801.766     607.0     1.933    -0.405               7.590                    
  3801.788      25.0      4.61    -3.806                                        
  3801.795     607.0     1.933    -3.736               7.590                    
  3801.802     607.0     3.084    -3.870               7.590                    
  3801.812      26.0      2.85    -1.568                                        
  3801.821     607.0     2.268    -0.104               7.590                    
  3801.832     607.0     1.158    -0.097               7.590                    
  3801.845     607.0     4.034    -4.578               7.590                    
  3801.854     607.0     2.680    -4.005               7.590                    
  3801.857     607.0     2.964     0.353               7.590                    
  3801.862      12.0      4.35    -2.523                                FUDGE   
  3801.867     607.0     2.660    -0.275               7.590                    
  3801.898      25.0      3.13    -0.808                                        
  3801.901     607.0     4.034    -0.584               7.590                    
  3801.911     607.0     1.158    -0.107               7.590                    
  3801.924     607.0     3.084     0.569               7.590                    
  3801.928     607.0     3.112    -3.942               7.590                    
  3801.942     607.0     2.346    -3.950               7.590                    
  3801.944      22.0      2.35    -1.003                                        
  3801.946     607.0     2.680     0.235               7.590                    
  3801.954     607.0     1.158    -3.670               7.590                    
  3801.958     607.0     2.268    -0.111               7.590                    
  3801.974     607.0     3.543    -3.985               7.590                    
  3801.980      26.0      3.33    -1.398                                FUDGE   
  3801.990     607.0     3.543    -1.030               7.590                    
  3801.992     607.0     2.346    -0.180               7.590                    
  3802.001     607.0     2.421    -4.000               7.590                    
  3802.008      26.0      3.00    -1.738                                        
  3802.011     607.0     4.488    -0.134               7.590                    
  3802.044     607.0     3.112     0.467               7.590                    
  3802.067      23.0      2.12    -5.445                                        
  3802.071     607.0     3.543    -1.050               7.590                    
  3802.074     607.0     3.084     0.565               7.590                    
  3802.078     607.0     2.421     0.110               7.590                    
  3802.113     607.0     2.680     0.231               7.590                    
  3802.124     607.0     2.346    -0.188               7.590                    
  3802.127      25.0      4.61    -2.777                                        
  3802.134     607.0     4.034    -0.590               7.590                    
  3802.166      27.0      3.19    -4.715                                        
  3802.198     607.0     0.960     0.164               7.590                    
  3802.209     607.0     3.112     0.464               7.590                    
  3802.217      25.0      2.94    -4.403                                        
  3802.235     607.0     2.421     0.105               7.590                    
  3802.278      26.0      3.30    -1.214                                OBRIAN  
  3802.278      92.1      0.28    -1.141                                        
  3802.281     607.0     0.960     0.157               7.590                    
  3802.286      60.1      0.00    -0.840                                        
  3802.302     607.0     3.932    -0.283               7.590                    
  3802.309     607.0     3.857    -1.881               7.590                    
  3802.330     607.0     3.857    -1.994               7.590                    
  3802.332     607.0     1.482    -0.308               7.590                    
  3802.333     607.0     3.857    -3.425               7.590                    
  3802.338     607.0     0.960    -3.637               7.590                    
  3802.394      21.0      4.19    -1.969                                        
  3802.394      21.0      4.19    -2.617                                        
  3802.401     607.0     2.414    -0.401               7.590                    
  3802.407      26.0      3.02    -6.638                                        
  3802.408     607.0     1.482    -0.321               7.590                    
  3802.430      27.0      3.13    -4.388                                        
  3802.439     607.0     1.482    -3.678               7.590                    
  3802.458     607.0     3.932    -0.294               7.590                    
  3802.482     607.0     4.300    -0.046               7.590                    
  3802.485     607.0     3.932    -3.749               7.590                    
