Eu II       3907.1          line list
  3905.137      24.0     3.963     -3.42                                        
  3905.145 106.00113     0.751     -5.93               3.470               Plez 
  3905.183      26.0     3.239     -2.61                                        
  3905.186      90.1     1.669     -0.34                                        
  3905.229      25.0     5.083     -0.54                                        
  3905.237 106.00112     0.072     -6.92               3.470               Plez 
  3905.290      27.0     4.069     -1.55                                        
  3905.300      26.0     2.196     -5.55                                        
  3905.334 106.00113     0.751     -4.39               3.470               Plez 
  3905.371 106.00112     1.091     -3.62               3.470               Plez 
  3905.371 106.00113     0.124     -4.03               3.470               Plez 
  3905.371 106.00113     0.733     -6.63               3.470               Plez 
  3905.380 106.00113     0.124     -1.30               3.470               Plez 
  3905.389 106.00112     1.091     -3.64               3.470               Plez 
  3905.391 106.00113     0.733     -6.60               3.470               Plez 
  3905.405      68.0     0.000     -0.27                                        
  3905.411 106.00112     1.091     -5.76               3.470               Plez 
  3905.452      25.1     5.563     -3.73                                        
  3905.492 106.00112     0.072     -6.92               3.470               Plez 
  3905.506   67.1165     0.079     -1.28                                LAWLER  
  3905.507   67.1165     0.079     -2.65                                LAWLER  
  3905.523      14.0     1.907     -1.09                                        
  3905.530      25.1     5.544     -4.06                                        
  3905.540 106.00113     1.091     -5.76               3.470               Plez 
  3905.573   67.1165     0.079     -2.65                                LAWLER  
  3905.575   67.1165     0.079     -1.36                                LAWLER  
  3905.575   67.1165     0.079     -2.42                                LAWLER  
  3905.585 106.00113     0.124     -1.25               3.470               Plez 
  3905.594 106.00113     0.124     -4.03               3.470               Plez 
  3905.597      66.1     1.777     -0.15                                        
  3905.620 106.00113     0.733     -8.87               3.470               Plez 
  3905.623      27.1     3.137     -5.33                                        
  3905.635   67.1165     0.079     -1.45                                LAWLER  
  3905.635   67.1165     0.079     -2.33                                LAWLER  
  3905.636      24.0     4.613     -3.06                                        
  3905.636   67.1165     0.079     -2.42                                LAWLER  
  3905.644      24.1     5.326     -0.90                                        
  3905.647      64.0     0.213     -0.44                                        
  3905.654      26.0     2.467     -4.96                                        
  3905.669 106.00112     0.124     -1.30               3.470               Plez 
  3905.687   67.1165     0.079     -2.31                                LAWLER  
  3905.689   67.1165     0.079     -1.53                                LAWLER  
  3905.690   67.1165     0.079     -2.33                                LAWLER  
  3905.702 106.00112     0.124     -4.03               3.470               Plez 
  3905.732   67.1165     0.079     -2.34                                LAWLER  
  3905.734   67.1165     0.079     -1.60                                LAWLER  
  3905.736   67.1165     0.079     -2.31                                LAWLER  
  3905.771 106.00113     1.091     -3.62               3.470               Plez 
  3905.771   67.1165     0.079     -2.44                                LAWLER  
  3905.773   67.1165     0.079     -1.67                                LAWLER  
  3905.775   67.1165     0.079     -2.34                                LAWLER  
  3905.782      25.0     4.357     -1.44                                        
  3905.785      22.0     2.493     -2.78                                        
  3905.803   67.1165     0.079     -2.66                                LAWLER  
  3905.805   67.1165     0.079     -1.73                                LAWLER  
  3905.807   67.1165     0.079     -2.44                                LAWLER  
  3905.831   67.1165     0.079     -1.76                                LAWLER  
  3905.833   67.1165     0.079     -2.66                                LAWLER  
  3905.852 106.00113     1.091     -3.64               3.470               Plez 
  3905.870 106.00112     0.124     -4.03               3.470               Plez 
  3905.870      60.1     0.204     -0.28                                 LAWLER 
  3905.873 106.00112     0.734     -8.87               3.470               Plez 
  3905.879      24.1     4.934     -3.62                                        
  3905.904 106.00112     0.124     -1.25               3.470               Plez 
  3905.913 106.00112     0.734     -6.60               3.470               Plez 
  3905.917 106.00112     0.734     -6.63               3.470               Plez 
  3905.923      26.0     4.183     -2.33                                        
  3905.942      66.0     1.753      0.66                                        
  3905.962 106.00112     0.728     -4.54               3.470               Plez 
  3905.968 106.00112     0.734     -8.95               3.470               Plez 
  3905.971      74.0     2.456     -0.32                                        
  3906.035      26.1     5.566     -1.83                                        
  3906.088      60.1     0.204     -1.08                                        
  3906.198 106.00112     0.728     -4.54               3.470               Plez 
  3906.212      25.0     3.769     -6.32                                        
  3906.258 106.00113     0.072     -6.92               3.470               Plez 
  3906.262 106.00112     0.729     -5.92               3.470               Plez 
  3906.285      27.0     0.513     -2.27                                        
  3906.305 106.00112     0.729     -4.49               3.470               Plez 
  3906.312      68.1     0.000      0.12                                 LAWLER 
  3906.313      25.1     4.820     -6.38                                        
  3906.351 106.00113     0.734     -8.95               3.470               Plez 
  3906.358      23.0     2.053     -3.61                                        
  3906.395      24.0     2.542     -3.02                                        
  3906.417      26.0     4.206     -2.22                                        
  3906.432      21.0     2.294     -1.44                                        
  3906.433 106.00112     1.142     -3.56               3.470               Plez 
  3906.435 106.00112     1.142     -3.54               3.470               Plez 
  3906.453      92.0     0.479      0.09                                        
  3906.462      42.0     2.595     -1.16                                        
  3906.470 106.00112     0.729     -5.92               3.470               Plez 
  3906.479      26.0     0.110     -2.24                                        
  3906.487      27.0     3.626     -3.41                                        
  3906.489      26.0     3.957     -1.96                                        
  3906.513 106.00112     0.729     -4.49               3.470               Plez 
  3906.513 106.00113     0.072     -6.92               3.470               Plez 
  3906.525 106.00112     1.142     -5.73               3.470               Plez 
  3906.530      26.0     2.725     -2.92                                        
  3906.540      21.1     4.846     -2.31                                        
  3906.551      24.0     3.461     -0.34                                        
  3906.569      25.0     4.191     -3.35                                        
  3906.578 106.00113     1.142     -5.73               3.470               Plez 
  3906.580      23.0     2.357     -2.81                                        
  3906.595 106.00113     0.734     -6.60               3.470               Plez 
  3906.638 106.00113     0.734     -6.63               3.470               Plez 
  3906.679 106.00113     0.728     -4.54               3.470               Plez 
  3906.725      25.0     3.850     -4.20                                        
  3906.747      26.0     3.298     -0.97                                        
  3906.748      23.0     1.050     -2.20                                        
  3906.764 106.00113     1.142     -3.54               3.470               Plez 
  3906.768      23.0     1.063     -3.50                                        
  3906.798      23.0     2.096     -2.24                                        
  3906.800      62.1     0.184     -2.06                                 LAWLER 
  3906.806      26.0     4.188     -1.74                                        
  3906.833 106.00113     0.729     -5.92               3.470               Plez 
  3906.833 106.00113     1.142     -3.56               3.470               Plez 
  3906.888      25.0     3.769     -5.24                                        
  3906.888      72.0     1.802     -0.88                                        
  3906.893 106.00113     0.734     -8.87               3.470               Plez 
  3906.896      41.0     1.094     -0.97                                        
  3906.907      42.0     2.596     -1.30                                        
  3906.916 106.00113     0.728     -4.54               3.470               Plez 
  3906.918      58.1     0.521     -0.83                                BIEMONT 
  3906.926      24.0     2.542     -3.16                                        
  3906.945      23.0     2.262     -0.41                                        
  3906.962      26.0     3.281     -1.48                                        
  3906.974      42.0     2.521     -1.74                                        
  3906.978      23.0     1.194     -1.45                                        
  3907.019 106.00113     0.729     -4.49               3.470               Plez 
  3907.040   63.1151     0.207     -0.37                                 LAWLER 
  3907.041 106.00113     0.729     -5.92               3.470               Plez 
  3907.074   63.1151     0.207     -0.54                                 LAWLER 
  3907.081      26.0     2.174     -5.99                                        
  3907.087   63.1151     0.207     -1.19                                 LAWLER 
  3907.089   63.1153     0.207     -0.37                                 LAWLER 
  3907.091      23.1     6.329     -3.86                                        
  3907.102   63.1151     0.207     -0.74                                 LAWLER 
  3907.105   63.1153     0.207     -0.54                                 LAWLER 
  3907.110   63.1153     0.207     -1.19                                 LAWLER 
  3907.113   63.1151     0.207     -1.02                                 LAWLER 
  3907.114      64.0     0.864     -0.36                                        
  3907.117   63.1153     0.207     -0.74                                 LAWLER 
  3907.122   63.1153     0.207     -1.02                                 LAWLER 
  3907.124   63.1151     0.207     -0.99                                 LAWLER 
  3907.126   63.1151     0.207     -2.28                                 LAWLER 
  3907.126   63.1153     0.207     -0.99                                 LAWLER 
  3907.127   63.1153     0.207     -2.28                                 LAWLER 
  3907.130   63.1153     0.207     -1.01                                 LAWLER 
  3907.132   63.1151     0.207     -1.01                                 LAWLER 
  3907.133   63.1153     0.207     -1.36                                 LAWLER 
  3907.135   63.1153     0.207     -1.92                                 LAWLER 
  3907.136   63.1153     0.207     -1.10                                 LAWLER 
  3907.139   63.1153     0.207     -1.26                                 LAWLER 
  3907.140   63.1153     0.207     -1.77                                 LAWLER 
  3907.141   63.1151     0.207     -1.36                                 LAWLER 
  3907.142   63.1151     0.207     -1.92                                 LAWLER 
  3907.142   63.1153     0.207     -1.81                                 LAWLER 
  3907.146   63.1151     0.207     -1.10                                 LAWLER 
  3907.153   63.1151     0.207     -1.77                                 LAWLER 
  3907.154   63.1151     0.207     -1.26                                 LAWLER 
  3907.159   63.1151     0.207     -1.80                                 LAWLER 
  3907.189      74.0     2.499     -0.58                                        
  3907.223      26.0     4.100     -3.85                                        
  3907.227 106.00113     0.729     -4.49               3.470               Plez 
  3907.246      24.0     4.614     -2.82                                        
  3907.288      58.1     1.106      0.32                                BIEMONT 
  3907.302      24.0     2.965     -3.16                                        
  3907.339      26.0     3.299     -3.37                                        
  3907.409      25.0     3.768     -6.52                                        
  3907.434      58.1     0.516     -0.75                                 LAWLER 
  3907.465      26.0     2.756     -1.89                                        
  3907.485 106.00113     0.033     -1.82               3.470               Plez 
  3907.488      21.0     0.000      0.25                                        
  3907.496 106.00112     0.388     -5.14               3.470               Plez 
  3907.520      23.1     3.121     -1.85                                        
  3907.528 106.00112     0.784     -8.55               3.470               Plez 
  3907.578 106.00113     0.033     -5.11               3.470               Plez 
  3907.588 106.00112     0.784     -6.25               3.470               Plez 
  3907.595      23.0     2.038     -2.06                                        
  3907.615 106.00112     0.388     -5.95               3.470               Plez 
  3907.627 106.00112     0.784     -6.23               3.470               Plez 
  3907.629      23.1     6.286     -3.77                                        
  3907.659      76.0     1.746     -1.76                                        
  3907.666      22.1     2.060     -4.72                                        
  3907.670      28.0     3.603     -2.07                                        
  3907.673 106.00112     0.388     -5.14               3.470               Plez 
  3907.673 106.00112     0.784     -8.62               3.470               Plez 
  3907.690      60.1     0.204     -0.92                                        
  3907.702      27.0     3.277     -4.89                                        
  3907.766 106.00112     0.033     -1.82               3.470               Plez 
  3907.778      24.0     3.842     -0.88                                        
  3907.782 106.00112     0.033     -5.11               3.470               Plez 
  3907.782      25.1     6.900     -5.18                                        
  3907.792 106.00112     0.388     -5.95               3.470               Plez 
  3907.820      25.0     3.769     -5.46                                        
  3907.821      25.0     3.132     -4.08                                        
  3907.840      60.1     0.559     -0.26                                 LAWLER 
  3907.921 106.00112     1.143     -3.54               3.470               Plez 
  3907.934      26.0     2.756     -1.11                                        
  3907.950 106.00113     0.033     -1.74               3.470               Plez 
  3907.954 106.00112     1.143     -3.56               3.470               Plez 
  3907.963 106.00112     1.143     -5.73               3.470               Plez 
  3907.991 106.00112     0.388     -5.02               3.470               Plez 
  3908.000 106.00113     0.784     -8.62               3.470               Plez 
  3908.017 106.00113     1.143     -5.73               3.470               Plez 
  3908.052      59.1     0.550      0.10                                        
  3908.089      58.1     0.600     -0.91                                BIEMONT 
  3908.090      22.0     2.266     -4.47                                        
  3908.142 106.00112     0.388     -5.02               3.470               Plez 
  3908.147      22.0     1.748     -4.14                                        
  3908.156 106.00112     0.709     -4.65               3.470               Plez 
  3908.205      75.0     3.365      0.19                                        
  3908.244      62.0     0.282     -1.45                                        
  3908.245      42.0     2.494     -1.41                                        
  3908.251 106.00113     1.143     -3.54               3.470               Plez 
  3908.267 106.00112     0.033     -1.74               3.470               Plez 
  3908.267 106.00113     0.784     -6.23               3.470               Plez 
  3908.270 106.00113     0.784     -6.25               3.470               Plez 
  3908.290 106.00112     0.227     -4.33               3.470               Plez 
  3908.290      59.1     0.371     -0.08                                LINOHFS 
  3908.292 106.00112     0.227     -5.99               3.470               Plez 
  3908.308      92.0     0.552     -0.34                                        
  3908.322      27.0     3.565     -1.18                                        
  3908.325 106.00112     0.709     -4.65               3.470               Plez 
  3908.328      24.0     2.980     -4.06                                        
  3908.336 106.00113     0.388     -5.14               3.470               Plez 
  3908.354 106.00113     1.143     -3.56               3.470               Plez 
  3908.382      24.0     3.426     -2.48                                        
  3908.404      58.1     0.857      0.07                                 LAWLER 
  3908.426      26.0     4.183     -4.17                                        
  3908.428      59.1     0.000      0.16                                        
  3908.441      68.1     1.634     -0.81                                        
  3908.457 106.00112     0.227     -4.29               3.470               Plez 
  3908.513 106.00113     0.388     -5.14               3.470               Plez 
  3908.515 106.00112     0.709     -5.90               3.470               Plez 
  3908.523 106.00113     0.784     -8.55               3.470               Plez 
  3908.524      27.0     3.407     -3.54                                        
  3908.524      28.0     4.164     -1.64                                        
  3908.536      27.0     3.684     -0.63                                        
  3908.536      58.1     0.459     -0.48                                 LAWLER 
  3908.539      27.0     2.135     -4.59                                        
  3908.545      26.1     2.702     -4.80                                        
  3908.555 106.00113     0.388     -5.95               3.470               Plez 
  3908.576 106.00112     0.709     -4.59               3.470               Plez 
  3908.590      41.0     1.661     -0.76                                        
  3908.599      25.0     5.130     -1.98                                        
  3908.601      25.0     4.243     -3.62                                        
  3908.605      42.1     3.019     -1.00                                        
  3908.611      25.0     3.769     -4.37                                        
  3908.645      23.0     1.802     -2.27                                        
  3908.662 106.00112     0.709     -5.90               3.470               Plez 
  3908.680      26.0     2.448     -3.53                                        
  3908.723 106.00112     0.709     -4.59               3.470               Plez 
  3908.732 106.00113     0.388     -5.95               3.470               Plez 
  3908.749      90.0     1.393     -0.28                                        
  3908.758      58.1     0.875     -0.39                                BIEMONT 
  3908.760      24.0     1.003     -1.05                                 SOBECK 
  3908.764      44.0     1.821     -0.63                                        
  3908.799 106.00113     0.388     -5.02               3.470               Plez 
  3908.842      26.0     4.206     -1.39                                        
  3908.873 106.00113     0.709     -4.65               3.470               Plez 
  3908.893      26.0     2.480     -4.26                                        
  3908.918      28.0     3.603     -0.57                                        
  3908.950 106.00113     0.388     -5.02               3.470               Plez 
  3908.952 106.00112     0.786     -8.55               3.470               Plez 
  3908.957      27.0     3.565     -1.72                                        
  3908.970      41.0     0.142     -1.18                                        
  3908.978 106.00112     0.786     -6.23               3.470               Plez 
  3909.004 106.00112     0.786     -6.25               3.470               Plez 
  3909.042 106.00113     0.709     -4.65               3.470               Plez 
  3909.042      58.1     1.041     -0.89                                        
  3909.044 106.00112     0.786     -8.62               3.470               Plez 
  3909.051 106.00112     0.228     -4.33               3.470               Plez 
  3909.053 106.00112     0.228     -5.99               3.470               Plez 
  3909.061      92.1     0.717     -1.06                                        
  3909.082      44.0     1.697      0.02                                        
