Nb II    3818.8       line list
  3815.003      28.0     3.676     -4.58                                        
  3815.009      58.1     0.265     -1.28                                BIEMONT 
  3815.021      45.0     1.997      0.37                                        
  3815.027      90.1     1.286     -1.30                                        
  3815.040      22.0     2.173     -2.33                                        
  3815.056      42.0     3.165     -0.92                                        
  3815.070      21.0     1.952     -1.15                               KURNOHFS 
  3815.168      28.0     3.539     -2.86                                        
  3815.211      21.0     1.968     -2.81                               KURNOHFS 
  3815.213      26.0     3.879     -2.82                                        
  3815.327      26.0     3.544     -2.13                                        
  3815.388      23.1     2.898     -0.40                                        
  3815.421      24.0     2.706      0.08                                        
  3815.430      23.1     5.836     -1.73                                        
  3815.474      24.0     3.885     -1.89                                        
  3815.484   27.0059     3.229     -6.34                                 KURHFS 
  3815.484   27.0059     3.229     -6.52                                 KURHFS 
  3815.496   27.0059     3.229     -6.22                                 KURHFS 
  3815.496   27.0059     3.229     -6.34                                 KURHFS 
  3815.503   23.0051     0.262     -2.06                                 KURHFS 
  3815.503   23.0051     0.262     -2.54                                 KURHFS 
  3815.503      41.0     0.086     -0.95                                        
  3815.511   27.0059     3.229     -6.22                                 KURHFS 
  3815.511   27.0059     3.229     -6.33                                 KURHFS 
  3815.511   27.0059     3.229     -6.54                                 KURHFS 
  3815.518   23.0051     0.262     -2.06                                 KURHFS 
  3815.518   23.0051     0.262     -2.21                                 KURHFS 
  3815.530   27.0059     3.229     -5.92                                 KURHFS 
  3815.530   27.0059     3.229     -6.33                                 KURHFS 
  3815.535      27.1     5.171     -5.41                                        
  3815.587      23.1     6.832     -2.49                                        
  3815.657      75.0     1.811     -1.78                                        
  3815.669      23.1     2.599     -4.08                                        
  3815.706      24.0     2.897     -9.76                                        
  3815.774      24.0     2.542     -1.75                                        
  3815.793      58.1     0.122     -0.58                                 LAWLER 
  3815.814      25.0     4.604     -2.26                                        
  3815.840      26.0     1.484      0.30                                        
  3815.853      58.1     0.807      0.07                                        
  3815.887      42.0     3.440     -1.27                                        
  3815.943      23.0     1.710     -1.19                               KURNOHFS 
  3815.970      26.0     4.188     -4.38                                        
  3815.982      26.0     4.214     -3.48                                        
  3816.090      26.1     7.483     -4.23                                        
  3816.101      22.0     1.748     -4.82                                        
  3816.110      24.0     2.980     -4.26                                        
  3816.116      25.1     7.376     -2.74                                        
  3816.171      24.0     2.543     -1.03                                        
  3816.190      22.0     0.825     -6.85                                        
  3816.210      24.0     2.543     -1.09                                        
  3816.211      66.0     1.672      0.94                                        
  3816.234      22.0     2.235     -2.67                                        
  3816.299   27.0059     1.954     -2.11                                 KURHFS 
  3816.308   27.0059     1.954     -1.64                                 KURHFS 
  3816.308   27.0059     1.954     -1.66                                 KURHFS 
  3816.308      58.1     0.736     -0.99                                        
  3816.315   27.0059     1.954     -1.64                                 KURHFS 
  3816.319   27.0059     1.954     -1.31                                 KURHFS 
  3816.324   27.0059     1.954     -1.78                                 KURHFS 
  3816.341      26.0     2.196     -1.46                                        
  3816.342      41.0     0.197     -1.52                                        
  3816.380      74.0     2.386     -0.35                                        
  3816.388      42.0     2.932     -1.66                                        
  3816.424      58.1     0.956     -0.41                                BIEMONT 
  3816.428      25.1     5.544     -3.54                                        
  3816.446   27.0059     1.954     -1.98                                 KURHFS 
  3816.446   27.0059     1.954     -1.98                                 KURHFS 
  3816.446   27.0059     1.954     -2.29                                 KURHFS 
  3816.453   27.0059     1.954     -1.82                                 KURHFS 
  3816.453   27.0059     1.954     -1.85                                 KURHFS 
  3816.453   27.0059     1.954     -2.16                                 KURHFS 
  3816.455      28.0     3.541     -2.73                                        
  3816.462   27.0059     1.954     -1.56                                 KURHFS 
  3816.462   27.0059     1.954     -1.81                                 KURHFS 
  3816.462   27.0059     1.954     -2.41                                 KURHFS 
  3816.471      24.0     4.183     -1.63                                        
  3816.473   27.0059     1.954     -1.35                                 KURHFS 
  3816.473   27.0059     1.954     -1.97                                 KURHFS 
  3816.473   27.0059     1.954     -2.84                                 KURHFS 
  3816.474      45.0     1.782      0.37                                        
  3816.602      24.0     3.889     -1.38                                        
  3816.640      64.1     0.032     -0.83                                 LAWLER 
  3816.684      28.0     4.415     -2.12                                        
  3816.698      56.1     5.693     -2.52                                        
  3816.722   25.0055     2.162     -2.99                                 KURHFS 
  3816.724   25.0055     2.162     -2.67                                 KURHFS 
  3816.724   25.0055     2.162     -3.04                                 KURHFS 
  3816.729   25.0055     2.162     -2.52                                 KURHFS 
  3816.729   25.0055     2.162     -2.85                                 KURHFS 
  3816.729   25.0055     2.162     -3.21                                 KURHFS 
  3816.735   25.0055     2.162     -2.44                                 KURHFS 
  3816.735   25.0055     2.162     -2.49                                 KURHFS 
  3816.735   25.0055     2.162     -3.59                                 KURHFS 
  3816.744   25.0055     2.162     -2.16                                 KURHFS 
  3816.744   25.0055     2.162     -2.64                                 KURHFS 
  3816.754   25.0055     2.162     -1.95                                 KURHFS 
  3816.760      66.1     0.930      0.04                                 LAWLER 
  3816.801      24.0     3.886     -1.66                                        
  3816.808   27.0059     2.135     -3.03                                 KURHFS 
  3816.812   27.0059     2.135     -2.75                                 KURHFS 
  3816.812   27.0059     2.135     -3.00                                 KURHFS 
  3816.820   27.0059     2.135     -2.56                                 KURHFS 
  3816.820   27.0059     2.135     -3.00                                 KURHFS 
  3816.820   27.0059     2.135     -3.06                                 KURHFS 
  3816.832   27.0059     2.135     -2.47                                 KURHFS 
  3816.832   27.0059     2.135     -2.62                                 KURHFS 
  3816.832   27.0059     2.135     -3.18                                 KURHFS 
  3816.834      24.0     3.844     -1.78                                        
  3816.846      62.0     0.282     -1.53                                        
  3816.849   27.0059     2.135     -2.36                                 KURHFS 
  3816.849   27.0059     2.135     -2.45                                 KURHFS 
  3816.849   27.0059     2.135     -3.40                                 KURHFS 
  3816.869   27.0059     2.135     -2.16                                 KURHFS 
  3816.869   27.0059     2.135     -2.50                                 KURHFS 
  3816.869   27.0059     2.135     -3.81                                 KURHFS 
  3816.894   27.0059     2.135     -2.00                                 KURHFS 
  3816.894   27.0059     2.135     -2.70                                 KURHFS 
  3816.920      26.0     3.036     -1.93                                        
  3816.922   27.0059     2.135     -1.86                                 KURHFS 
  3816.962      24.1     6.280     -2.68                                        
  3817.062      27.0     3.620     -3.52                               KURNOHFS 
  3817.173      42.0     3.441     -1.07                                        
  3817.191      72.1     2.194     -0.23                                        
  3817.211      22.0     2.266     -4.67                                        
  3817.247      77.0     0.783     -1.88                                        
  3817.264      25.1     6.900     -2.26                                        
  3817.293      44.0     1.927      0.29                                        
  3817.344      42.0     2.521     -2.02                                        
  3817.352      27.1     2.377     -7.13                                        
  3817.361      60.1     0.064     -1.04                                        
  3817.390      69.1     0.000     -1.51                                 LAWLER 
  3817.452      26.0     3.881     -2.26                                        
  3817.464      58.1     0.600     -0.31                                BIEMONT 
  3817.470      20.0     5.581     -4.82                                        
  3817.472      26.0     3.414     -3.50                                        
  3817.484      74.0     0.366     -1.27                                        
  3817.498      90.0     1.021     -0.26                                        
  3817.509      29.0     5.684     -1.93                                        
  3817.519      25.1     7.047     -4.08                                        
  3817.531      66.0     0.937      0.14                                        
  3817.543      23.1     5.784     -3.38                                        
  3817.545      22.0     2.229     -2.76                                        
  3817.572      26.0     4.183     -0.59                                        
  3817.594      40.1     0.526     -0.97                                        
  3817.639      26.0     3.329     -0.70                                        
  3817.642      22.0     2.101     -0.38                                        
  3817.664   23.0051     1.929     -4.58                                 KURHFS 
  3817.664   23.0051     1.929     -4.84                                 KURHFS 
  3817.664   23.0051     1.929     -4.87                                 KURHFS 
  3817.665      21.0     2.292     -1.44                               KURNOHFS 
  3817.666      20.0     5.581     -4.24                                        
  3817.671   23.0051     1.929     -4.39                                 KURHFS 
  3817.671   23.0051     1.929     -4.45                                 KURHFS 
  3817.671   23.0051     1.929     -4.84                                 KURHFS 
  3817.681   23.0051     1.929     -4.19                                 KURHFS 
  3817.681   23.0051     1.929     -4.30                                 KURHFS 
  3817.681   23.0051     1.929     -4.89                                 KURHFS 
  3817.694   23.0051     1.929     -4.00                                 KURHFS 
  3817.694   23.0051     1.929     -4.28                                 KURHFS 
  3817.694   23.0051     1.929     -5.01                                 KURHFS 
  3817.711   23.0051     1.929     -3.83                                 KURHFS 
  3817.711   23.0051     1.929     -4.33                                 KURHFS 
  3817.711   23.0051     1.929     -5.24                                 KURHFS 
  3817.721      22.0     2.248     -5.32                                        
  3817.730   23.0051     1.929     -3.69                                 KURHFS 
  3817.730   23.0051     1.929     -4.53                                 KURHFS 
  3817.730   23.0051     1.929     -5.64                                 KURHFS 
  3817.751      68.1     0.669     -1.07                                        
  3817.781      22.0     2.266     -4.88                                        
  3817.823   23.0051     0.069     -3.23                                 KURHFS 
  3817.823   23.0051     0.069     -3.43                                 KURHFS 
  3817.825   23.0051     0.069     -3.21                                 KURHFS 
  3817.825   23.0051     0.069     -3.22                                 KURHFS 
  3817.825   23.0051     0.069     -3.43                                 KURHFS 
  3817.829   23.0051     0.069     -3.08                                 KURHFS 
  3817.829   23.0051     0.069     -3.10                                 KURHFS 
  3817.829   23.0051     0.069     -3.21                                 KURHFS 
  3817.833   23.0051     0.069     -2.91                                 KURHFS 
  3817.833   23.0051     0.069     -3.06                                 KURHFS 
  3817.833   23.0051     0.069     -3.10                                 KURHFS 
  3817.839   23.0051     0.069     -2.74                                 KURHFS 
  3817.839   23.0051     0.069     -3.06                                 KURHFS 
  3817.839   23.0051     0.069     -3.07                                 KURHFS 
  3817.845   23.0051     0.069     -2.58                                 KURHFS 
  3817.845   23.0051     0.069     -3.07                                 KURHFS 
  3817.845   23.0051     0.069     -3.15                                 KURHFS 
  3817.845      24.0     2.542     -0.91                                        
  3817.853   23.0051     0.069     -2.44                                 KURHFS 
  3817.853   23.0051     0.069     -3.15                                 KURHFS 
  3817.853   23.0051     0.069     -3.36                                 KURHFS 
  3817.862   23.0051     0.069     -2.30                                 KURHFS 
  3817.862   23.0051     0.069     -3.36                                 KURHFS 
  3817.898   27.0059     2.540     -3.09                                 KURHFS 
  3817.898   27.0059     2.540     -3.27                                 KURHFS 
  3817.916   27.0059     2.540     -2.97                                 KURHFS 
  3817.916   27.0059     2.540     -3.09                                 KURHFS 
  3817.925   23.0051     2.262     -5.16                                 KURHFS 
  3817.926   23.0051     2.262     -5.16                                 KURHFS 
  3817.926   23.0051     2.262     -5.34                                 KURHFS 
  3817.927   23.0051     2.262     -5.00                                 KURHFS 
  3817.927   23.0051     2.262     -5.46                                 KURHFS 
  3817.927   23.0051     2.262     -5.59                                 KURHFS 
  3817.929   23.0051     2.262     -4.99                                 KURHFS 
  3817.929   23.0051     2.262     -5.03                                 KURHFS 
  3817.929   23.0051     2.262     -6.02                                 KURHFS 
  3817.932   23.0051     2.262     -4.74                                 KURHFS 
  3817.932   23.0051     2.262     -5.15                                 KURHFS 
  3817.933      22.0     1.878     -2.83                                        
  3817.935   23.0051     2.262     -4.53                                 KURHFS 
  3817.939   27.0059     2.540     -2.97                                 KURHFS 
  3817.939   27.0059     2.540     -3.08                                 KURHFS 
  3817.939   27.0059     2.540     -3.29                                 KURHFS 
  3817.957      42.0     3.221     -1.33                                        
  3817.968   27.0059     2.540     -2.67                                 KURHFS 
  3817.968   27.0059     2.540     -3.08                                 KURHFS 
  3817.973      23.0     1.375     -2.38                               KURNOHFS 
  3817.984      26.0     2.988     -5.52                                        
  3818.007      42.0     3.185     -1.43                                        
  3818.014      24.0     4.532     -3.18                                        
  3818.058      92.0     0.714     -0.01                                        
  3818.069      23.0     1.941     -3.46                               KURNOHFS 
  3818.076      23.0     2.579     -2.99                               KURNOHFS 
  3818.098      27.0     3.213     -4.93                               KURNOHFS 
  3818.145      28.0     3.541     -3.90                                        
  3818.150      28.0     3.477     -3.06                                        
  3818.153      26.0     4.175     -3.35                                        
  3818.186      45.0     1.142     -0.30                                        
  3818.197      27.1     2.679     -3.71                                        
  3818.199      22.0     2.254     -0.09                                        
  3818.224   23.0051     0.000     -1.34                                 KURHFS 
  3818.232   23.0051     0.000     -1.32                                 KURHFS 
  3818.232   23.0051     0.000     -1.79                                 KURHFS 
  3818.243   23.0051     0.000     -1.32                                 KURHFS 
  3818.243   23.0051     0.000     -1.46                                 KURHFS 
  3818.247   23.0051     0.040     -4.35                                 KURHFS 
  3818.248   23.0051     0.040     -4.07                                 KURHFS 
  3818.248   23.0051     0.040     -4.32                                 KURHFS 
  3818.250   23.0051     0.040     -3.88                                 KURHFS 
  3818.250   23.0051     0.040     -4.32                                 KURHFS 
  3818.250   23.0051     0.040     -4.37                                 KURHFS 
  3818.254   23.0051     0.040     -3.79                                 KURHFS 
  3818.254   23.0051     0.040     -3.93                                 KURHFS 
  3818.254   23.0051     0.040     -4.50                                 KURHFS 
  3818.257   23.0051     0.000     -0.99                                 KURHFS 
  3818.259   23.0051     0.040     -3.68                                 KURHFS 
  3818.259   23.0051     0.040     -3.77                                 KURHFS 
  3818.259   23.0051     0.040     -4.72                                 KURHFS 
  3818.265   23.0051     0.040     -3.48                                 KURHFS 
  3818.265   23.0051     0.040     -3.82                                 KURHFS 
  3818.265   23.0051     0.040     -5.13                                 KURHFS 
  3818.268      26.0     4.183     -0.73                                        
  3818.272   23.0051     0.040     -3.32                                 KURHFS 
  3818.272   23.0051     0.040     -4.01                                 KURHFS 
  3818.281   23.0051     0.040     -3.17                                 KURHFS 
  3818.329      24.0     3.847     -4.30                                        
  3818.332      26.0     4.183     -0.50                                        
  3818.344      39.1     0.129     -0.98                                BIEMONT 
  3818.353      28.0     3.938     -1.74                                        
  3818.363      62.0     0.185     -1.05                                        
  3818.383      26.0     4.206     -3.50                                        
  3818.439      24.0     2.543     -1.83                                        
  3818.463      92.1     0.217     -1.52                                        
  3818.479      24.0     2.543     -0.94                                        
  3818.524      24.0     3.963     -2.87                                        
  3818.591      24.0     3.110     -3.45                                        
  3818.615      26.0     3.412     -3.44                                        
  3818.662      42.0     2.593     -1.08                                        
  3818.686      90.0     0.615     -1.01                                        
  3818.687      78.0     1.253     -1.87                                        
  3818.688      58.1     0.560     -1.04                                 LAWLER 
  3818.712      68.1     0.636     -1.20                                        
  3818.715      26.0     3.299     -2.81                                        
  3818.740      24.1     4.741     -3.15                                        
  3818.751      64.1     1.405      0.24                                        
  3818.754      66.1     1.652     -0.20                                        
  3818.755      22.0     2.343     -1.57                                        
  3818.768      24.0     3.887     -1.74                                        
  3818.775      41.1     1.588     -0.14                              HANNAFORD 
  3818.776   27.0059     2.278     -4.32                                 KURHFS 
  3818.776   27.0059     2.278     -4.32                                 KURHFS 
  3818.776   27.0059     2.278     -4.62                                 KURHFS 
  3818.780   27.0059     2.278     -4.16                                 KURHFS 
  3818.780   27.0059     2.278     -4.19                                 KURHFS 
  3818.780   27.0059     2.278     -4.50                                 KURHFS 
  3818.781      28.1     6.388     -6.83                                        
  3818.787   27.0059     2.278     -3.90                                 KURHFS 
  3818.787   27.0059     2.278     -4.15                                 KURHFS 
  3818.787   27.0059     2.278     -4.75                                 KURHFS 
  3818.794      23.1     6.852     -2.88                                        
  3818.795   27.0059     2.278     -3.69                                 KURHFS 
  3818.795   27.0059     2.278     -4.31                                 KURHFS 
  3818.795   27.0059     2.278     -5.18                                 KURHFS 
  3818.829      25.0     4.657     -2.30                                        
  3818.855      60.1     1.271     -0.13                                        
  3818.910       6.0     7.679     -4.09                                        
  3818.945      23.0     2.682     -3.65                               KURNOHFS 
  3818.952      24.0     4.201     -2.55                                        
  3818.958      24.0     3.842     -2.46                                        
  3818.987      22.0     0.048     -4.54                                        
  3819.009      42.0     3.185     -1.19                                        
  3819.022      58.1     0.553     -0.45                                 LAWLER 
  3819.030      44.0     0.336     -0.96                                        
  3819.043   23.0051     2.294     -6.51                                 KURHFS 
  3819.043   23.0051     2.294     -6.58                                 KURHFS 
  3819.043   23.0051     2.294     -7.21                                 KURHFS 
  3819.044   23.0051     2.294     -6.31                                 KURHFS 
  3819.044   23.0051     2.294     -6.31                                 KURHFS 
  3819.044   23.0051     2.294     -7.05                                 KURHFS 
  3819.045   23.0051     2.294     -6.11                                 KURHFS 
  3819.045   23.0051     2.294     -6.21                                 KURHFS 
  3819.045   23.0051     2.294     -7.05                                 KURHFS 
  3819.046   23.0051     2.294     -5.94                                 KURHFS 
  3819.046   23.0051     2.294     -6.16                                 KURHFS 
  3819.046   23.0051     2.294     -7.15                                 KURHFS 
  3819.047   23.0051     2.294     -5.79                                 KURHFS 
  3819.047   23.0051     2.294     -6.17                                 KURHFS 
  3819.047   23.0051     2.294     -7.36                                 KURHFS 
  3819.049   23.0051     2.294     -5.67                                 KURHFS 
  3819.049   23.0051     2.294     -6.24                                 KURHFS 
  3819.049   23.0051     2.294     -7.75                                 KURHFS 
  3819.051   23.0051     2.294     -5.55                                 KURHFS 
  3819.051   23.0051     2.294     -6.45                                 KURHFS 
  3819.054   23.0051     2.294     -5.44                                 KURHFS 
  3819.103      26.0     3.632     -3.01                                        
  3819.140      41.0     0.619     -1.01                                        
  3819.163      27.0     3.213     -4.67                               KURNOHFS 
  3819.193      21.0     1.985     -0.39                               KURNOHFS 
  3819.252      92.0     0.530     -0.32                                        
  3819.256      22.0     1.967     -3.72                                        
  3819.347      72.0     1.746     -0.50                                        
  3819.361      21.0     2.294     -1.94                               KURNOHFS 
  3819.400   27.0059     3.295     -5.58                                 KURHFS 
  3819.400   27.0059     3.295     -5.58                                 KURHFS 
  3819.400   27.0059     3.295     -5.88                                 KURHFS 
  3819.402   27.0059     3.295     -5.41                                 KURHFS 
  3819.402   27.0059     3.295     -5.44                                 KURHFS 
  3819.402   27.0059     3.295     -5.75                                 KURHFS 
  3819.405   27.0059     3.295     -5.16                                 KURHFS 
  3819.405   27.0059     3.295     -5.41                                 KURHFS 
  3819.405   27.0059     3.295     -6.00                                 KURHFS 
  3819.409   27.0059     3.295     -4.94                                 KURHFS 
  3819.409   27.0059     3.295     -5.57                                 KURHFS 
  3819.409   27.0059     3.295     -6.43                                 KURHFS 
  3819.459      24.0     4.443     -0.01                                        
  3819.493      26.0     3.394     -1.30                                        
  3819.518      24.0     3.548     -2.26                                        
  3819.524      22.0     2.693     -2.98                                        
  3819.558   63.1151     0.000     -0.62                                 LAWLER 
  3819.565      24.0     2.706     -1.02                                        
  3819.575   63.1151     0.000     -0.51                                 LAWLER 
  3819.576   63.1151     0.000     -1.29                                 LAWLER 
  3819.595      27.0     3.620     -2.68                               KURNOHFS 
  3819.598   63.1151     0.000     -0.40                                 LAWLER 
  3819.601   63.1151     0.000     -1.10                                 LAWLER 
  3819.603   63.1151     0.000     -2.51                                 LAWLER 
  3819.624   63.1153     0.000     -0.62                                 LAWLER 
  3819.626      26.0     2.277     -3.31                                        
  3819.628   63.1151     0.000     -0.30                                 LAWLER 
  3819.632   63.1151     0.000     -1.04                                 LAWLER 
  3819.633   63.1153     0.000     -0.51                                 LAWLER 
  3819.633   63.1153     0.000     -1.29                                 LAWLER 
  3819.635   63.1151     0.000     -2.36                                 LAWLER 
  3819.644   63.1153     0.000     -2.51                                 LAWLER 
  3819.645   63.1153     0.000     -0.40                                 LAWLER 
  3819.645   63.1153     0.000     -1.10                                 LAWLER 
  3819.659   63.1153     0.000     -0.30                                 LAWLER 
  3819.660   63.1153     0.000     -1.04                                 LAWLER 
  3819.660   63.1153     0.000     -2.36                                 LAWLER 
  3819.665   63.1151     0.000     -0.20                                 LAWLER 
  3819.670   63.1151     0.000     -1.09                                 LAWLER 
  3819.673   63.1151     0.000     -2.44                                 LAWLER 
  3819.675   63.1153     0.000     -0.20                                 LAWLER 
  3819.678   63.1153     0.000     -1.09                                 LAWLER 
  3819.678   63.1153     0.000     -2.44                                 LAWLER 
  3819.692   63.1153     0.000     -0.11                                 LAWLER 
  3819.697   63.1153     0.000     -1.28                                 LAWLER 
  3819.699   63.1153     0.000     -2.78                                 LAWLER 
  3819.700      60.1     0.380     -0.80                                 LAWLER 
  3819.707   63.1151     0.000     -0.10                                 LAWLER 
  3819.714   63.1151     0.000     -1.28                                 LAWLER 
  3819.718   63.1151     0.000     -2.77                                 LAWLER 
  3819.752      21.1     7.375     -2.50                                        
  3819.763      44.0     1.418     -1.36                                        
  3819.778      42.0     3.440     -0.45                                        
  3819.792      40.1     1.207     -1.10                                        
  3819.822      24.0     3.847     -1.44                                        
  3819.866   27.0059     2.540     -3.29                                 KURHFS 
  3819.866   27.0059     2.540     -3.29                                 KURHFS 
  3819.866   27.0059     2.540     -3.60                                 KURHFS 
  3819.884   27.0059     2.540     -3.13                                 KURHFS 
  3819.884   27.0059     2.540     -3.16                                 KURHFS 
  3819.884   27.0059     2.540     -3.47                                 KURHFS 
  3819.889      24.0     2.985     -1.70                                        
  3819.907   27.0059     2.540     -2.87                                 KURHFS 
  3819.907   27.0059     2.540     -3.12                                 KURHFS 
  3819.907   27.0059     2.540     -3.72                                 KURHFS 
  3819.924   23.0051     0.300     -2.78                                 KURHFS 
  3819.924   23.0051     0.300     -2.85                                 KURHFS 
  3819.924   23.0051     0.300     -3.48                                 KURHFS 
  3819.928   23.0051     0.300     -2.58                                 KURHFS 
  3819.928   23.0051     0.300     -2.58                                 KURHFS 
  3819.928   23.0051     0.300     -3.32                                 KURHFS 
  3819.934   23.0051     0.300     -2.38                                 KURHFS 
  3819.934   23.0051     0.300     -2.48                                 KURHFS 
  3819.934   23.0051     0.300     -3.32                                 KURHFS 
  3819.936   27.0059     2.540     -2.66                                 KURHFS 
  3819.936   27.0059     2.540     -3.28                                 KURHFS 
  3819.936   27.0059     2.540     -4.15                                 KURHFS 
  3819.942   23.0051     0.300     -2.21                                 KURHFS 
  3819.942   23.0051     0.300     -2.43                                 KURHFS 
  3819.942   23.0051     0.300     -3.42                                 KURHFS 
  3819.952   23.0051     0.300     -2.06                                 KURHFS 
  3819.952   23.0051     0.300     -2.44                                 KURHFS 
  3819.952   23.0051     0.300     -3.62                                 KURHFS 
  3819.964   23.0051     0.300     -1.93                                 KURHFS 
  3819.964   23.0051     0.300     -2.51                                 KURHFS 
  3819.964   23.0051     0.300     -4.02                                 KURHFS 
  3819.968      24.0     2.542     -1.93                                        
  3819.978   23.0051     0.300     -1.82                                 KURHFS 
  3819.978   23.0051     0.300     -2.72                                 KURHFS 
  3819.994   23.0051     0.300     -1.71                                 KURHFS 
  3819.998      58.1     0.495     -1.44                                 LAWLER 
  3820.076      25.0     4.341     -2.17                                        
  3820.085      20.0     5.295     -2.39                                        
  3820.089   27.0059     3.565     -3.72                                 KURHFS 
  3820.092   27.0059     3.565     -3.44                                 KURHFS 
  3820.092   27.0059     3.565     -3.69                                 KURHFS 
  3820.098   27.0059     3.565     -3.25                                 KURHFS 
  3820.098   27.0059     3.565     -3.69                                 KURHFS 
  3820.098   27.0059     3.565     -3.74                                 KURHFS 
  3820.103      74.0     2.036     -1.00                                        
  3820.108   27.0059     3.565     -3.16                                 KURHFS 
  3820.108   27.0059     3.565     -3.31                                 KURHFS 
  3820.108   27.0059     3.565     -3.87                                 KURHFS 
  3820.121   27.0059     3.565     -3.05                                 KURHFS 
  3820.121   27.0059     3.565     -3.14                                 KURHFS 
  3820.121   27.0059     3.565     -4.09                                 KURHFS 
  3820.137   27.0059     3.565     -2.85                                 KURHFS 
  3820.137   27.0059     3.565     -3.19                                 KURHFS 
  3820.137   27.0059     3.565     -4.50                                 KURHFS 
  3820.156   27.0059     3.565     -2.69                                 KURHFS 
  3820.156   27.0059     3.565     -3.39                                 KURHFS 
  3820.178   27.0059     3.565     -2.55                                 KURHFS 
  3820.183   27.0059     3.512     -3.87                                 KURHFS 
  3820.183   27.0059     3.512     -3.94                                 KURHFS 
  3820.183   27.0059     3.512     -4.57                                 KURHFS 
  3820.191   27.0059     3.512     -3.67                                 KURHFS 
  3820.191   27.0059     3.512     -3.67                                 KURHFS 
  3820.191   27.0059     3.512     -4.41                                 KURHFS 
  3820.203   27.0059     3.512     -3.47                                 KURHFS 
  3820.203   27.0059     3.512     -3.57                                 KURHFS 
  3820.203   27.0059     3.512     -4.41                                 KURHFS 
  3820.218   27.0059     3.512     -3.30                                 KURHFS 
  3820.218   27.0059     3.512     -3.52                                 KURHFS 
  3820.218   27.0059     3.512     -4.51                                 KURHFS 
  3820.222      26.0     3.940     -3.23                                        
  3820.225      28.0     3.477     -3.30                                        
  3820.238   27.0059     3.512     -3.15                                 KURHFS 
  3820.238   27.0059     3.512     -3.53                                 KURHFS 
  3820.238   27.0059     3.512     -4.71                                 KURHFS 
  3820.260      23.1     5.791     -2.68                                        
  3820.262   27.0059     3.512     -3.02                                 KURHFS 
  3820.262   27.0059     3.512     -3.60                                 KURHFS 
  3820.262   27.0059     3.512     -5.11                                 KURHFS 
  3820.285   23.0051     1.063     -1.79                                 KURHFS 
  3820.285   23.0051     1.063     -2.63                                 KURHFS 
  3820.285   23.0051     1.063     -3.74                                 KURHFS 
  3820.289   23.0051     1.063     -1.93                                 KURHFS 
  3820.289   23.0051     1.063     -2.43                                 KURHFS 
  3820.289   23.0051     1.063     -3.33                                 KURHFS 
  3820.290   27.0059     3.512     -2.91                                 KURHFS 
  3820.290   27.0059     3.512     -3.81                                 KURHFS 
  3820.293   23.0051     1.063     -2.09                                 KURHFS 
  3820.293   23.0051     1.063     -2.38                                 KURHFS 
  3820.293   23.0051     1.063     -3.11                                 KURHFS 
  3820.295   23.0051     1.063     -2.29                                 KURHFS 
  3820.295   23.0051     1.063     -2.40                                 KURHFS 
  3820.295   23.0051     1.063     -2.98                                 KURHFS 
  3820.297   23.0051     1.063     -2.49                                 KURHFS 
  3820.297   23.0051     1.063     -2.54                                 KURHFS 
  3820.297   23.0051     1.063     -2.93                                 KURHFS 
  3820.299   23.0051     1.063     -2.68                                 KURHFS 
  3820.299   23.0051     1.063     -2.93                                 KURHFS 
  3820.299   23.0051     1.063     -2.96                                 KURHFS 
  3820.316      23.0     2.330     -3.48                               KURNOHFS 
  3820.316      24.0     2.965     -5.83                                        
  3820.321   27.0059     3.512     -2.80                                 KURHFS 
  3820.332      23.1     2.542     -2.60                                        
  3820.336      20.0     5.296     -1.90                                        
  3820.352      20.0     5.386     -4.34                                        
  3820.375      42.0     2.274     -1.39                                        
  3820.425      26.0     0.858      0.12                                        
  3820.476      24.0     2.542     -1.19                                        
  3820.530      26.0     4.188     -3.70                                        
  3820.638   27.0059     2.278     -4.53                                 KURHFS 
  3820.638   27.0059     2.278     -4.70                                 KURHFS 
  3820.643   27.0059     2.278     -4.40                                 KURHFS 
  3820.643   27.0059     2.278     -4.53                                 KURHFS 
  3820.649   27.0059     2.278     -4.40                                 KURHFS 
  3820.649   27.0059     2.278     -4.52                                 KURHFS 
  3820.649   27.0059     2.278     -4.72                                 KURHFS 
  3820.657   27.0059     2.278     -4.11                                 KURHFS 
  3820.657   27.0059     2.278     -4.52                                 KURHFS 
  3820.691      25.1     6.900     -5.67                                        
  3820.729      72.0     0.566     -0.46                                        
  3820.759   27.0059     2.135     -5.11                                 KURHFS 
  3820.763   27.0059     2.135     -4.83                                 KURHFS 
  3820.763   27.0059     2.135     -5.11                                 KURHFS 
  3820.763   27.0059     2.135     -6.13                                 KURHFS 
  3820.768      21.0     1.952     -1.87                               KURNOHFS 
  3820.772   27.0059     2.135     -4.69                                 KURHFS 
  3820.772   27.0059     2.135     -4.83                                 KURHFS 
  3820.772   27.0059     2.135     -5.43                                 KURHFS 
  3820.784   27.0059     2.135     -4.62                                 KURHFS 
  3820.784   27.0059     2.135     -4.69                                 KURHFS 
  3820.784   27.0059     2.135     -4.98                                 KURHFS 
  3820.801   27.0059     2.135     -4.62                                 KURHFS 
  3820.801   27.0059     2.135     -4.62                                 KURHFS 
  3820.801   27.0059     2.135     -4.65                                 KURHFS 
  3820.821   27.0059     2.135     -4.39                                 KURHFS 
  3820.821   27.0059     2.135     -4.62                                 KURHFS 
  3820.821   27.0059     2.135     -4.68                                 KURHFS 
  3820.846   27.0059     2.135     -4.17                                 KURHFS 
  3820.846   27.0059     2.135     -4.68                                 KURHFS 
  3820.846   27.0059     2.135     -4.89                                 KURHFS 
  3820.861   25.0055     3.132     -6.37                                 KURHFS 
  3820.864   25.0055     3.132     -6.04                                 KURHFS 
  3820.864   25.0055     3.132     -6.41                                 KURHFS 
  3820.868      58.1     0.608     -0.88                                BIEMONT 
  3820.870   25.0055     3.132     -5.89                                 KURHFS 
  3820.870   25.0055     3.132     -6.22                                 KURHFS 
  3820.870   25.0055     3.132     -6.59                                 KURHFS 
  3820.874      24.0     2.543     -1.16                                        
  3820.874   27.0059     2.135     -3.98                                 KURHFS 
  3820.874   27.0059     2.135     -4.89                                 KURHFS 
  3820.875      29.0     5.570     -1.27                                        
  3820.879   25.0055     3.132     -5.81                                 KURHFS 
  3820.879   25.0055     3.132     -5.87                                 KURHFS 
  3820.879   25.0055     3.132     -6.97                                 KURHFS 
  3820.890   25.0055     3.132     -5.54                                 KURHFS 
  3820.890   25.0055     3.132     -6.01                                 KURHFS 
  3820.905   25.0055     3.132     -5.33                                 KURHFS 
  3820.916      42.0     2.756     -1.00                                        
  3820.919      22.1     4.861     -2.52                                        
  3820.920      25.0     4.191     -3.25                                        
