Hf II    3505.      line list 
  3503.207      64.1     1.317    -0.404
  3503.246      23.0     1.798    -5.828
  3503.367      26.0     3.544    -6.922
  3503.380      24.1     4.981    -1.885
  3503.383      26.0     3.692    -4.812
  3503.384      24.0     2.980    -2.485
  3503.390      21.0     1.438    -3.242
  3503.466      26.1     1.723     -3.95                                    ADJ
  3503.467      23.0     2.573    -3.235
  3503.498      28.0     3.539    -4.693
  3503.503      42.0     1.419    -2.286
  3503.542      24.0     3.110    -4.059
  3503.615      90.1     1.712    -0.165
  3503.622      23.0     2.364    -1.985
  3503.650      21.0     1.447    -1.687
  3503.662      74.1     3.073    -1.120
  3503.685      26.0      3.50     -2.80                                   FAKE
  3503.722      27.0     2.135     -1.60                                    ADJ
  3503.739      25.0     2.185    -2.880
  3503.755      22.0     0.021    -3.038
  3503.769      23.0     1.929    -3.408
  3503.780      22.0     2.406    -2.625
  3503.786      90.0     0.902    -0.401
  3503.813      20.0     5.386    -3.806
  3503.868      73.0     1.236    -0.550
  3503.900      26.0      3.50     -2.60                                   FAKE
  3503.942      24.0     3.963    -3.391
  3503.976      58.1     0.792     -1.09                                BIEMONT
  3504.009      92.0     0.471     0.227
  3504.010      27.0     3.014    -5.980
  3504.049      23.0     1.349     -1.00                                    ADJ
  3504.081      58.1     1.078     -1.27                                BIEMONT
  3504.090      25.0     2.162    -3.760
  3504.170      25.0     4.191    -3.513
  3504.178      24.0     4.385    -3.197
  3504.230      26.0     3.926     -2.70                                    ADJ
  3504.272      22.0     2.091    -5.388
  3504.338      27.1     5.171    -4.230
  3504.411      42.0     2.258     0.125
  3504.430      20.0     5.045    -1.594
  3504.438      23.1     1.095     -0.50                                    ADJ
  3504.438      26.0     2.829     -2.00                                    ADJ
  3504.510      58.1     0.318     -1.75                                BIEMONT
  3504.538      66.1     1.169     -0.30                                 LAWLER
  3504.553      22.0     1.459     -2.30                                    ADJ
  3504.559      23.1     2.274     -2.80                                    ADJ
  3504.570      27.1     3.405    -4.988
  3504.584      28.0     3.541     -1.60                                    ADJ
  3504.622      42.0     2.258    -1.894
  3504.659      76.0     0.515    -1.636                                NILSSON
  3504.678      26.0     3.263     -1.80                                    ADJ
  3504.730      27.0     2.540     -0.90                                    ADJ
  3504.738      21.0     1.427    -2.160
  3504.768      22.0     1.886    -0.752
  3504.855      23.1     5.863    -4.655
  3504.861      26.0     2.277     -1.70                                    ADJ
  3504.896      22.1     1.890      0.10                                    ADJ
  3504.931      92.0     0.000    -0.569
  3504.940      26.0     2.829    -3.118
  3504.961      73.0     0.491    -1.390
  3505.055      26.0     3.015     -1.10                                    ADJ
  3505.067      68.1     0.886    -0.670
  3505.074      92.1     0.652    -0.485
  3505.137      27.0     3.114     -0.30                                    ADJ
  3505.154      23.0     0.286    -3.497
  3505.169      73.0     1.516    -0.780
  3505.171      58.1     1.041     -1.05                                BIEMONT
  3505.192      26.0     3.881    -3.884
  3505.209      72.1     1.036     -0.14                                 LAWLER
  3505.245      26.0      3.50     -3.00                                   FAKE
  3505.245   63.1151     0.207     -2.77
  3505.274   63.1153     0.207     -2.77
  3505.281      42.0     2.644    -1.157
  3505.283   63.1151     0.207     -2.94
  3505.283   63.1151     0.207     -3.59
  3505.290      22.0     2.470    -3.125
  3505.290   63.1153     0.207     -2.94
  3505.290   63.1153     0.207     -3.59
  3505.304   63.1153     0.207     -3.14
  3505.304   63.1153     0.207     -3.42
  3505.304   63.1153     0.207     -4.68
  3505.313      42.0     2.521    -0.428
  3505.314   63.1151     0.207     -3.14
  3505.314   63.1151     0.207     -3.42
  3505.314   63.1151     0.207     -4.68
  3505.315   63.1153     0.207     -3.39
  3505.315   63.1153     0.207     -3.41
  3505.315   63.1153     0.207     -4.32
  3505.318      21.0     2.336    -3.427
  3505.322   63.1153     0.207     -3.76
  3505.322   63.1153     0.207     -3.50
  3505.322   63.1153     0.207     -4.17
  3505.325      27.0     3.131     -1.20                                    ADJ
  3505.327   63.1153     0.207     -3.66
  3505.327   63.1153     0.207     -4.21
  3505.330      26.0      3.50     -1.70                                   FAKE
  3505.338   63.1151     0.207     -3.39
  3505.338   63.1151     0.207     -3.41
  3505.338   63.1151     0.207     -4.32
  3505.355   63.1151     0.207     -3.76
  3505.355   63.1151     0.207     -3.50
  3505.355   63.1151     0.207     -4.17
  3505.365   63.1151     0.207     -3.66
  3505.365   63.1151     0.207     -4.21
  3505.360      27.0     3.131     -0.35                                    ADJ
  3505.403      45.0     1.364    -0.980
  3505.413      25.0     4.329    -2.185
  3505.436      92.1     0.568    -0.897
  3505.449      66.1     0.927     0.101
  3505.454      27.0     3.189    -4.772
  3505.468      22.1     0.151     -4.00                                    ADJ
  3505.482      40.1     1.531     0.030
  3505.494      90.1     1.712    -0.167
  3505.495      25.0     4.662    -2.088
  3505.512      64.1     0.492     -0.05                                 LAWLER
  3505.564      42.0     2.274    -1.511
  3505.573      21.0     1.438    -1.774
  3505.624      24.0     4.172    -2.008
  3505.632      22.0     2.394    -3.628
  3505.637      22.0     1.878    -4.560
  3505.680      23.0     1.710    -0.598
  3505.662      40.1     0.164    -0.360                                BIEMONT
  3505.682      68.0     1.196     0.890
  3505.698      24.0     3.963    -2.444
  3505.811      41.0     1.169    -0.850
  3505.825      21.0     1.432    -7.667
  3505.873      25.0     2.177    -3.690
  3505.890      22.1     1.891     -1.85                                    ADJ
  3505.905      22.0     2.406    -4.059
  3506.041      40.1     1.235     -0.70                                    ADJ
  3506.056      25.0     4.709    -3.574
  3506.107      23.0     2.576    -1.502
  3506.118      26.0     3.879    -4.178
  3506.229      26.0     2.873    -2.130
  3506.237      25.0     3.761    -5.725
  3506.247      58.1     0.318     -1.15                                BIEMONT
  3506.312      27.0     0.513      0.10                                    ADJ
  3506.447      25.0     4.723    -2.800
  3506.485      25.0     4.329    -2.143
  3506.498      26.0     2.277    -1.190
  3506.501      40.1     1.184    -1.100
  3506.522      26.0     3.045    -4.583
  3506.541      24.0     2.542    -2.809
  3506.547      21.1     3.685    -3.126
  3506.555      23.1     3.325    -1.800
  3506.580      26.0     2.880    -1.975
  3506.600      24.1     4.753    -4.244
  3506.601      24.1     4.984    -2.841
  3506.608      27.0     2.925    -7.670
  3506.639      22.0     0.048    -1.860
  3506.710      23.0     1.892    -4.574
  3506.726      58.1     0.320     -1.38                                BIEMONT
  3506.767      26.1     4.728    -5.785
  3506.815      66.1     0.103     -0.60                                 LAWLER
  3506.836      23.0     1.711    -3.931
  3506.843      62.1     0.434    -1.272
  3506.852      90.1     1.888    -0.295
  3506.865      25.0     4.255    -4.022
  3506.892      25.0     4.341    -3.981
  3506.945      25.0     2.317    -4.466
  3506.952      20.0     3.907    -7.186
  3506.969      24.0     2.542    -2.443
  3506.973      22.0     2.133    -6.003
  3507.007      24.0     3.432    -2.801
  3507.017      42.0     1.419    -2.181
  3507.041      25.0     4.329    -2.674
  3507.053      92.0     0.077    -0.290
  3507.133      22.0     2.295    -3.624
  3507.140      26.0     3.651    -0.942
  3507.162      25.0     4.341    -3.417
  3507.175      24.0     3.548    -2.174
  3507.179      26.0     3.209    -4.883
  3507.200      26.0     2.830    -3.538
  3507.213      24.0     3.553    -2.854
