Dy II    3757.4      line list
  3754.001      22.0     2.101     -4.75                                        
  3754.025      22.0     2.287     -6.95                                        
  3754.031      90.0     1.021     -0.53                                        
  3754.102      26.0     4.100     -3.11                                        
  3754.126      45.0     1.731     -0.16                                        
  3754.130   23.0051     1.944     -2.75                                 KURHFS 
  3754.132   23.0051     1.944     -2.75                                 KURHFS 
  3754.132   23.0051     1.944     -2.92                                 KURHFS 
  3754.137   23.0051     1.944     -2.58                                 KURHFS 
  3754.137   23.0051     1.944     -3.05                                 KURHFS 
  3754.137   23.0051     1.944     -3.17                                 KURHFS 
  3754.143   23.0051     1.944     -2.58                                 KURHFS 
  3754.143   23.0051     1.944     -2.61                                 KURHFS 
  3754.143   23.0051     1.944     -3.60                                 KURHFS 
  3754.150   23.0051     1.944     -2.33                                 KURHFS 
  3754.150   23.0051     1.944     -2.74                                 KURHFS 
  3754.158   23.0051     1.944     -2.11                                 KURHFS 
  3754.165      23.0     2.860     -3.14                               KURNOHFS 
  3754.165   25.0055     3.850     -1.67                                 KURHFS 
  3754.175   23.0051     2.121     -6.43                                 KURHFS 
  3754.176   23.0051     2.121     -6.14                                 KURHFS 
  3754.176   23.0051     2.121     -6.40                                 KURHFS 
  3754.178   23.0051     2.121     -5.96                                 KURHFS 
  3754.178   23.0051     2.121     -6.40                                 KURHFS 
  3754.178   23.0051     2.121     -6.45                                 KURHFS 
  3754.181   25.0055     3.850     -2.03                                 KURHFS 
  3754.181   25.0055     3.850     -2.13                                 KURHFS 
  3754.182   23.0051     2.121     -5.87                                 KURHFS 
  3754.182   23.0051     2.121     -6.01                                 KURHFS 
  3754.182   23.0051     2.121     -6.58                                 KURHFS 
  3754.187   23.0051     2.121     -5.76                                 KURHFS 
  3754.187   23.0051     2.121     -5.84                                 KURHFS 
  3754.187   23.0051     2.121     -6.80                                 KURHFS 
  3754.192   25.0055     3.850     -2.03                                 KURHFS 
  3754.192   25.0055     3.850     -2.57                                 KURHFS 
  3754.194   23.0051     2.121     -5.56                                 KURHFS 
  3754.194   23.0051     2.121     -5.90                                 KURHFS 
  3754.194   23.0051     2.121     -7.21                                 KURHFS 
  3754.200   25.0055     3.850     -2.14                                 KURHFS 
  3754.202   23.0051     2.121     -5.39                                 KURHFS 
  3754.202   23.0051     2.121     -6.09                                 KURHFS 
  3754.205   23.0051     1.847     -5.05                                 KURHFS 
  3754.205   23.0051     1.847     -5.24                                 KURHFS 
  3754.205   23.0051     1.847     -5.31                                 KURHFS 
  3754.206   23.0051     1.847     -4.67                                 KURHFS 
  3754.206   23.0051     1.847     -4.84                                 KURHFS 
  3754.206   23.0051     1.847     -4.94                                 KURHFS 
  3754.206   23.0051     1.847     -5.05                                 KURHFS 
  3754.206   23.0051     1.847     -5.79                                 KURHFS 
  3754.206   23.0051     1.847     -5.94                                 KURHFS 
  3754.207   23.0051     1.847     -4.53                                 KURHFS 
  3754.207   23.0051     1.847     -4.90                                 KURHFS 
  3754.207   23.0051     1.847     -5.79                                 KURHFS 
  3754.208   23.0051     1.847     -4.40                                 KURHFS 
  3754.208   23.0051     1.847     -4.90                                 KURHFS 
  3754.208   23.0051     1.847     -5.88                                 KURHFS 
  3754.209   23.0051     1.847     -4.28                                 KURHFS 
  3754.209   23.0051     1.847     -4.97                                 KURHFS 
  3754.209   23.0051     1.847     -6.09                                 KURHFS 
  3754.210   23.0051     1.847     -4.18                                 KURHFS 
  3754.210   23.0051     1.847     -5.19                                 KURHFS 
  3754.210   23.0051     1.847     -6.49                                 KURHFS 
  3754.211   23.0051     2.121     -5.25                                 KURHFS 
  3754.273      45.0     1.731      0.05                                        
  3754.305   27.0059     2.540     -3.17                                 KURHFS 
  3754.305   27.0059     2.540     -3.17                                 KURHFS 
  3754.305   27.0059     2.540     -3.47                                 KURHFS 
  3754.308      92.1     0.000     -1.50                                        
  3754.313      26.0     3.981     -4.29                                        
  3754.322   27.0059     2.540     -3.00                                 KURHFS 
  3754.322   27.0059     2.540     -3.03                                 KURHFS 
  3754.322   27.0059     2.540     -3.34                                 KURHFS 
  3754.342      25.1     6.908     -2.20                                        
  3754.345   27.0059     2.540     -2.75                                 KURHFS 
  3754.345   27.0059     2.540     -2.99                                 KURHFS 
  3754.345   27.0059     2.540     -3.59                                 KURHFS 
  3754.349   23.0051     2.357     -2.71                                 KURHFS 
  3754.354   23.0051     2.357     -2.71                                 KURHFS 
  3754.354   23.0051     2.357     -2.89                                 KURHFS 
  3754.360   23.0051     2.357     -2.55                                 KURHFS 
  3754.360   23.0051     2.357     -3.01                                 KURHFS 
  3754.360   23.0051     2.357     -3.14                                 KURHFS 
  3754.369   23.0051     2.357     -2.54                                 KURHFS 
  3754.369   23.0051     2.357     -2.57                                 KURHFS 
  3754.369   23.0051     2.357     -3.56                                 KURHFS 
  3754.373   27.0059     2.540     -2.53                                 KURHFS 
  3754.373   27.0059     2.540     -3.15                                 KURHFS 
  3754.373   27.0059     2.540     -4.02                                 KURHFS 
  3754.380   23.0051     2.357     -2.29                                 KURHFS 
  3754.380   23.0051     2.357     -2.70                                 KURHFS 
  3754.394   23.0051     2.357     -2.07                                 KURHFS 
  3754.409      25.1     6.107     -5.04                                        
  3754.421      22.0     1.429     -1.69                                        
  3754.478      22.0     1.886     -4.99                                        
  3754.500      26.0     2.996     -1.34                                        
  3754.515      73.0     0.491     -1.71                                        
  3754.566      24.1     3.103     -2.19                                        
  3754.593      90.1     0.000     -2.03                                        
  3754.601      23.0     1.711     -3.17                               KURNOHFS 
  3754.653      26.0     3.571     -3.59                                        
  3754.663      27.0     2.716     -3.18                               KURNOHFS 
  3754.683      27.1     3.083     -1.92                                        
  3754.758      27.1     5.118     -3.57                                        
  3754.772      25.1     4.689     -3.58                                        
  3754.779      40.0     1.778     -0.14                                        
  3754.807      66.1     1.169     -0.74                                        
  3754.854      27.0     3.250     -4.65                               KURNOHFS 
  3754.870      62.1     0.188     -1.37                                 LAWLER 
  3754.894      26.0     3.692     -1.68                                        
  3754.977      22.0     2.115     -1.90                                        
  3754.993      24.0     2.965     -2.19                                        
  3755.078      73.0     1.146     -1.33                                        
  3755.082      23.1     6.182     -4.27                                        
  3755.089      44.0     1.138     -0.77                                        
  3755.099      42.0     3.199     -0.83                                        
  3755.109   23.0051     2.357     -4.16                                 KURHFS 
  3755.114   23.0051     2.357     -4.16                                 KURHFS 
  3755.114   23.0051     2.357     -4.34                                 KURHFS 
  3755.114      26.0     4.100     -1.90                                        
  3755.120   23.0051     2.357     -4.00                                 KURHFS 
  3755.120   23.0051     2.357     -4.46                                 KURHFS 
  3755.120   23.0051     2.357     -4.59                                 KURHFS 
  3755.123      24.1     3.103     -4.23                                        
  3755.129   23.0051     2.357     -3.99                                 KURHFS 
  3755.129   23.0051     2.357     -4.02                                 KURHFS 
  3755.129   23.0051     2.357     -5.01                                 KURHFS 
  3755.140   23.0051     2.357     -3.74                                 KURHFS 
  3755.140   23.0051     2.357     -4.15                                 KURHFS 
  3755.154   23.0051     2.357     -3.52                                 KURHFS 
  3755.160      42.0     3.387     -0.33                                        
  3755.201      25.1     6.860     -1.29                                        
  3755.212      90.0     1.387      0.20                                        
  3755.236      25.1     4.689     -4.64                                        
  3755.237      64.1     1.232     -0.63                                        
  3755.284      41.0     0.197     -2.13                                        
  3755.300      62.1     0.333     -0.65                                 LAWLER 
  3755.369   27.0059     2.079     -2.25                                 KURHFS 
  3755.369   27.0059     2.079     -2.50                                 KURHFS 
  3755.369   27.0059     2.079     -2.53                                 KURHFS 
  3755.382   27.0059     2.079     -2.06                                 KURHFS 
  3755.382   27.0059     2.079     -2.12                                 KURHFS 
  3755.382   27.0059     2.079     -2.50                                 KURHFS 
  3755.383   25.0055     3.841     -2.61                                 KURHFS 
  3755.397   25.0055     3.841     -2.82                                 KURHFS 
  3755.397   25.0055     3.841     -3.30                                 KURHFS 
  3755.401   27.0059     2.079     -1.86                                 KURHFS 
  3755.401   27.0059     2.079     -1.97                                 KURHFS 
  3755.401   27.0059     2.079     -2.56                                 KURHFS 
  3755.409   25.0055     3.841     -3.10                                 KURHFS 
  3755.409   25.0055     3.841     -3.15                                 KURHFS 
  3755.409   25.0055     3.841     -4.25                                 KURHFS 
  3755.417   25.0055     3.841     -3.17                                 KURHFS 
  3755.417   25.0055     3.841     -3.50                                 KURHFS 
  3755.417   25.0055     3.841     -3.87                                 KURHFS 
  3755.418      58.1     0.417     -0.84                                BIEMONT 
  3755.423   25.0055     3.841     -3.33                                 KURHFS 
  3755.423   25.0055     3.841     -3.70                                 KURHFS 
  3755.426   25.0055     3.841     -3.65                                 KURHFS 
  3755.427   27.0059     2.079     -1.66                                 KURHFS 
  3755.427   27.0059     2.079     -1.95                                 KURHFS 
  3755.427   27.0059     2.079     -2.68                                 KURHFS 
  3755.451      22.0     2.675     -3.07                                        
  3755.460   27.0059     2.079     -1.50                                 KURHFS 
  3755.460   27.0059     2.079     -2.00                                 KURHFS 
  3755.460   27.0059     2.079     -2.90                                 KURHFS 
  3755.482      92.1     0.717     -0.52                                        
  3755.490      42.1     3.111     -1.00                                        
  3755.499   27.0059     2.079     -1.36                                 KURHFS 
  3755.499   27.0059     2.079     -2.20                                 KURHFS 
  3755.499   27.0059     2.079     -3.31                                 KURHFS 
  3755.562      64.1     1.250     -0.61                                        
  3755.567      42.0     2.678     -1.96                                        
  3755.568      26.1     4.734     -2.46                                        
  3755.577      23.1     5.784     -2.21                                        
  3755.583      45.0     0.701     -2.37                                        
  3755.600      60.1     0.182     -0.84                                 LAWLER 
  3755.609   23.0051     2.113     -4.38                                 KURHFS 
  3755.609   23.0051     2.113     -4.60                                 KURHFS 
  3755.609   23.0051     2.113     -4.85                                 KURHFS 
  3755.609   23.0051     2.113     -4.85                                 KURHFS 
  3755.609   23.0051     2.113     -4.88                                 KURHFS 
  3755.609   23.0051     2.113     -5.01                                 KURHFS 
  3755.609   23.0051     2.113     -5.02                                 KURHFS 
  3755.609   23.0051     2.113     -5.02                                 KURHFS 
  3755.609   23.0051     2.113     -5.19                                 KURHFS 
  3755.609   23.0051     2.113     -5.32                                 KURHFS 
  3755.609   23.0051     2.113     -5.44                                 KURHFS 
  3755.609   23.0051     2.113     -5.87                                 KURHFS 
  3755.625      75.0     2.147     -0.80                                        
  3755.654   23.0051     2.284     -2.62                                 KURHFS 
  3755.654   23.0051     2.284     -2.68                                 KURHFS 
  3755.654   23.0051     2.284     -3.31                                 KURHFS 
  3755.659   23.0051     2.284     -2.42                                 KURHFS 
  3755.659   23.0051     2.284     -2.42                                 KURHFS 
  3755.659   23.0051     2.284     -3.16                                 KURHFS 
  3755.666   23.0051     2.284     -2.22                                 KURHFS 
  3755.666   23.0051     2.284     -2.31                                 KURHFS 
  3755.666   23.0051     2.284     -3.16                                 KURHFS 
  3755.667   23.0051     2.267     -2.67                                 KURHFS 
  3755.670   23.0051     2.267     -2.39                                 KURHFS 
  3755.670   23.0051     2.267     -2.64                                 KURHFS 
  3755.675   23.0051     2.267     -2.20                                 KURHFS 
  3755.675   23.0051     2.267     -2.64                                 KURHFS 
  3755.675   23.0051     2.267     -2.69                                 KURHFS 
  3755.676   23.0051     2.284     -2.05                                 KURHFS 
  3755.676   23.0051     2.284     -2.27                                 KURHFS 
  3755.676   23.0051     2.284     -3.26                                 KURHFS 
  3755.682   23.0051     2.267     -2.11                                 KURHFS 
  3755.682   23.0051     2.267     -2.25                                 KURHFS 
  3755.682   23.0051     2.267     -2.82                                 KURHFS 
  3755.688   23.0051     2.284     -1.90                                 KURHFS 
  3755.688   23.0051     2.284     -2.27                                 KURHFS 
  3755.688   23.0051     2.284     -3.46                                 KURHFS 
  3755.692   23.0051     2.267     -2.00                                 KURHFS 
  3755.692   23.0051     2.267     -2.09                                 KURHFS 
  3755.692   23.0051     2.267     -3.04                                 KURHFS 
  3755.702   23.0051     2.284     -1.77                                 KURHFS 
  3755.702   23.0051     2.284     -2.35                                 KURHFS 
  3755.702   23.0051     2.284     -3.86                                 KURHFS 
  3755.704   23.0051     2.267     -1.80                                 KURHFS 
  3755.704   23.0051     2.267     -2.14                                 KURHFS 
  3755.704   23.0051     2.267     -3.45                                 KURHFS 
  3755.718   23.0051     2.267     -1.64                                 KURHFS 
  3755.718   23.0051     2.267     -2.34                                 KURHFS 
  3755.718   23.0051     2.284     -1.66                                 KURHFS 
  3755.718   23.0051     2.284     -2.56                                 KURHFS 
  3755.718      58.1     0.696     -0.67                                BIEMONT 
  3755.735   23.0051     2.267     -1.50                                 KURHFS 
  3755.737   23.0051     2.284     -1.55                                 KURHFS 
  3755.763      41.0     1.393     -0.21                                        
  3755.789      58.1     0.857     -1.01                                 LAWLER 
  3755.821      24.0     2.706     -1.34                                        
  3755.834      42.0     2.913     -0.89                                        
  3755.929      44.0     1.588     -0.44                                        
  3756.030   23.0051     1.050     -1.49                                 KURHFS 
  3756.030   23.0051     1.050     -1.79                                 KURHFS 
  3756.030   23.0051     1.050     -1.79                                 KURHFS 
  3756.030   23.0051     1.050     -1.90                                 KURHFS 
  3756.030   23.0051     1.050     -1.90                                 KURHFS 
  3756.030   23.0051     1.050     -1.91                                 KURHFS 
  3756.030   23.0051     1.050     -1.91                                 KURHFS 
  3756.030   23.0051     1.050     -2.09                                 KURHFS 
  3756.030   23.0051     1.050     -2.10                                 KURHFS 
  3756.051      68.0     0.954      0.78                                        
  3756.068      26.0     2.174     -2.09                                        
  3756.115      25.1     6.828     -3.02                                        
  3756.152      23.1     6.037     -0.79                                        
  3756.155      22.0     2.173     -4.92                                        
  3756.249   27.0059     2.135     -4.61                                 KURHFS 
  3756.253   27.0059     2.135     -4.33                                 KURHFS 
  3756.253   27.0059     2.135     -4.61                                 KURHFS 
  3756.253   27.0059     2.135     -5.63                                 KURHFS 
  3756.261   27.0059     2.135     -4.19                                 KURHFS 
  3756.261   27.0059     2.135     -4.33                                 KURHFS 
  3756.261   27.0059     2.135     -4.93                                 KURHFS 
  3756.272   27.0059     2.135     -4.13                                 KURHFS 
  3756.272   27.0059     2.135     -4.19                                 KURHFS 
  3756.272   27.0059     2.135     -4.49                                 KURHFS 
  3756.276      22.0     2.290     -6.29                                        
  3756.288   27.0059     2.135     -4.12                                 KURHFS 
  3756.288   27.0059     2.135     -4.13                                 KURHFS 
  3756.288   27.0059     2.135     -4.16                                 KURHFS 
  3756.294      90.0     1.005     -0.59                                        
  3756.308   27.0059     2.135     -3.89                                 KURHFS 
  3756.308   27.0059     2.135     -4.12                                 KURHFS 
  3756.308   27.0059     2.135     -4.18                                 KURHFS 
  3756.332   27.0059     2.135     -3.67                                 KURHFS 
  3756.332   27.0059     2.135     -4.18                                 KURHFS 
  3756.332   27.0059     2.135     -4.39                                 KURHFS 
  3756.350      42.0     2.513     -2.02                                        
  3756.359   27.0059     2.135     -3.49                                 KURHFS 
  3756.359   27.0059     2.135     -4.39                                 KURHFS 
  3756.400      62.1     0.434     -0.77                                 LAWLER 
  3756.400      68.1     1.653     -0.58                                        
  3756.413      62.0     0.101     -0.50                                        
  3756.451      25.0     4.255     -1.14                                        
  3756.516      28.0     2.738     -4.76                                        
  3756.531      24.1     4.924     -2.99                                        
  3756.550      62.1     0.277     -1.02                                 LAWLER 
  3756.582      24.0     4.464     -3.88                                        
  3756.593      25.0     4.350     -2.59                                        
  3756.639      25.0     4.255     -0.52                                        
  3756.672      23.1     6.096     -1.87                                        
  3756.744      23.1     4.732     -1.78                                        
  3756.753      71.0     0.512     -1.40                                        
  3756.810      60.1     0.064     -1.29                                        
  3756.813      24.0     2.707     -2.74                                        
  3756.854      22.0     2.290     -6.54                                        
  3756.856      69.1     1.086     -0.46                                        
  3756.881   23.0051     2.364     -4.11                                 KURHFS 
  3756.882   23.0051     2.364     -3.82                                 KURHFS 
  3756.882   23.0051     2.364     -4.08                                 KURHFS 
  3756.883   23.0051     2.364     -3.63                                 KURHFS 
  3756.883   23.0051     2.364     -4.08                                 KURHFS 
  3756.883   23.0051     2.364     -4.13                                 KURHFS 
  3756.884   23.0051     2.364     -3.54                                 KURHFS 
  3756.884   23.0051     2.364     -3.69                                 KURHFS 
  3756.884   23.0051     2.364     -4.25                                 KURHFS 
  3756.884      23.0     2.579     -0.99                               KURNOHFS 
  3756.886   23.0051     2.364     -3.43                                 KURHFS 
  3756.886   23.0051     2.364     -3.52                                 KURHFS 
  3756.886   23.0051     2.364     -4.47                                 KURHFS 
  3756.888   23.0051     2.364     -3.23                                 KURHFS 
  3756.888   23.0051     2.364     -3.57                                 KURHFS 
  3756.888   23.0051     2.364     -4.88                                 KURHFS 
  3756.891   23.0051     2.364     -3.07                                 KURHFS 
  3756.891   23.0051     2.364     -3.77                                 KURHFS 
  3756.894   23.0051     2.364     -2.93                                 KURHFS 
  3756.921      92.1     0.583     -0.82                                        
  3756.929      40.1     0.359     -2.00                                        
  3756.935      25.1     5.832     -4.52                                        
  3756.937      26.0     3.571     -0.25                                        
  3756.966      24.1     4.747     -2.85                                        
  3756.979      21.0     4.494     -3.08                                        
  3757.051      66.0     0.937      0.97                                        
  3757.089      74.0     0.771     -2.22                                        
  3757.120      76.0     1.583     -1.33                                        
  3757.128      25.1     4.689     -4.33                                        
  3757.129      24.0     3.446     -4.07                                        
  3757.146      24.0     4.613     -1.98                                        
  3757.160      24.0     2.542     -1.04                                 SOBECK 
  3757.188      24.1     5.315     -2.46                                        
  3757.216      58.1     0.969     -0.23                                        
  3757.348      22.0     2.479     -2.53                                        
  3757.370      66.1     0.100     -0.17                                 LAWLER 
  3757.387   23.0051     1.948     -6.57                                 KURHFS 
  3757.389   23.0051     1.948     -6.31                                 KURHFS 
  3757.389   23.0051     1.948     -6.50                                 KURHFS 
  3757.393   23.0051     1.948     -6.10                                 KURHFS 
  3757.393   23.0051     1.948     -6.31                                 KURHFS 
  3757.393   23.0051     1.948     -7.20                                 KURHFS 
  3757.400   23.0051     1.948     -5.93                                 KURHFS 
  3757.400   23.0051     1.948     -6.20                                 KURHFS 
  3757.400   23.0051     1.948     -7.05                                 KURHFS 
  3757.408   23.0051     1.948     -5.79                                 KURHFS 
  3757.408   23.0051     1.948     -6.16                                 KURHFS 
  3757.408   23.0051     1.948     -7.05                                 KURHFS 
  3757.410   23.0051     1.349     -3.47                                 KURHFS 
  3757.411   23.0051     1.349     -3.18                                 KURHFS 
  3757.411   23.0051     1.349     -3.44                                 KURHFS 
  3757.415   23.0051     1.349     -3.00                                 KURHFS 
  3757.415   23.0051     1.349     -3.44                                 KURHFS 
  3757.415   23.0051     1.349     -3.49                                 KURHFS 
  3757.419   23.0051     1.948     -5.66                                 KURHFS 
  3757.419   23.0051     1.948     -6.16                                 KURHFS 
  3757.419   23.0051     1.948     -7.14                                 KURHFS 
  3757.421   23.0051     1.349     -2.90                                 KURHFS 
  3757.421   23.0051     1.349     -3.05                                 KURHFS 
  3757.421   23.0051     1.349     -3.61                                 KURHFS 
  3757.428   23.0051     1.349     -2.79                                 KURHFS 
  3757.428   23.0051     1.349     -2.88                                 KURHFS 
  3757.428   23.0051     1.349     -3.84                                 KURHFS 
  3757.431   23.0051     1.948     -5.54                                 KURHFS 
  3757.431   23.0051     1.948     -6.24                                 KURHFS 
  3757.431   23.0051     1.948     -7.35                                 KURHFS 
  3757.438   23.0051     1.349     -2.60                                 KURHFS 
  3757.438   23.0051     1.349     -2.94                                 KURHFS 
  3757.438   23.0051     1.349     -4.25                                 KURHFS 
  3757.440      65.1     0.439     -0.42                               LAWNOHFS 
  3757.446   23.0051     1.948     -5.44                                 KURHFS 
  3757.446   23.0051     1.948     -6.45                                 KURHFS 
  3757.446   23.0051     1.948     -7.75                                 KURHFS 
  3757.449   23.0051     1.349     -2.43                                 KURHFS 
  3757.449   23.0051     1.349     -3.13                                 KURHFS 
  3757.454      26.0     3.298     -1.13                                        
  3757.456      22.0     2.152     -2.48                                        
  3757.462   23.0051     1.349     -2.29                                 KURHFS 
  3757.480      24.0     3.884     -0.69                                        
  3757.530      62.1     0.434     -0.35                                 LAWLER 
  3757.540      28.0     3.676     -4.72                                        
  3757.580      65.1     0.515     -0.85                               LAWNOHFS 
  3757.593      25.1     4.689     -5.86                                        
  3757.660      24.0     2.542     -0.25                                 SOBECK 
  3757.688      22.1     1.565     -0.46                                        
  3757.694      90.0     1.304      0.15                                        
  3757.730      73.0     1.236     -1.80                                        
  3757.737      64.1     1.526      0.12                                        
  3757.767      40.1     1.825     -0.46                                        
  3757.810      60.1     0.471     -0.51                                 LAWLER 
  3757.830      24.0     3.009     -2.41                                        
  3757.855      58.1     0.318     -0.84                                 LAWLER 
  3757.905      24.1     6.277     -4.02                                        
  3757.919      74.0     0.598     -1.45                                        
  3757.946      64.0     0.066     -0.07                                        
  3757.965      26.0     3.265     -2.33                                        
  3757.966      23.1     6.097     -2.27                                        
  3758.000   27.0059     3.512     -3.50                                 KURHFS 
  3758.007   27.0059     3.512     -3.38                                 KURHFS 
  3758.007   27.0059     3.512     -3.95                                 KURHFS 
  3758.019   27.0059     3.512     -3.27                                 KURHFS 
  3758.019   27.0059     3.512     -3.74                                 KURHFS 
  3758.019   27.0059     3.512     -4.95                                 KURHFS 
  3758.025      27.0     2.868     -2.63                               KURNOHFS 
  3758.026      26.0     3.366     -1.64                                        
  3758.034   27.0059     3.512     -3.15                                 KURHFS 
  3758.034   27.0059     3.512     -3.65                                 KURHFS 
  3758.034   27.0059     3.512     -4.75                                 KURHFS 
  3758.050      24.0     2.543     -0.81                                 SOBECK 
  3758.053   27.0059     3.512     -3.05                                 KURHFS 
  3758.053   27.0059     3.512     -3.61                                 KURHFS 
  3758.053   27.0059     3.512     -4.72                                 KURHFS 
  3758.076   27.0059     3.512     -2.95                                 KURHFS 
  3758.076   27.0059     3.512     -3.63                                 KURHFS 
  3758.076   27.0059     3.512     -4.80                                 KURHFS 
  3758.097      24.0     2.708     -2.21                                        
  3758.103   27.0059     3.512     -2.86                                 KURHFS 
  3758.103   27.0059     3.512     -3.71                                 KURHFS 
  3758.103   27.0059     3.512     -4.99                                 KURHFS 
  3758.111      26.0     3.414     -1.77                                        
  3758.133   27.0059     3.512     -2.78                                 KURHFS 
  3758.133   27.0059     3.512     -3.93                                 KURHFS 
  3758.133   27.0059     3.512     -5.38                                 KURHFS 
  3758.171   27.0059     2.006     -4.39                                 KURHFS 
  3758.171   27.0059     2.006     -4.41                                 KURHFS 
  3758.171   27.0059     2.006     -4.54                                 KURHFS 
  3758.206   27.0059     2.006     -4.07                                 KURHFS 
  3758.206   27.0059     2.006     -4.39                                 KURHFS 
  3758.206   27.0059     2.006     -4.87                                 KURHFS 
  3758.215      23.1     2.489     -1.41                                        
  3758.219      23.1     1.684     -3.69                                        
  3758.233      26.0     0.957     -0.03                                        
  3758.240      69.1     0.029     -3.00                                 LAWLER 
  3758.282   23.0051     1.929     -3.10                                 KURHFS 
  3758.282   23.0051     1.929     -3.35                                 KURHFS 
  3758.289   23.0051     1.929     -2.90                                 KURHFS 
  3758.289   23.0051     1.929     -3.10                                 KURHFS 
  3758.289   23.0051     1.929     -5.01                                 KURHFS 
  3758.294      23.0     1.042     -1.10                               KURNOHFS 
  3758.299   23.0051     1.929     -2.84                                 KURHFS 
  3758.299   23.0051     1.929     -2.90                                 KURHFS 
  3758.299   23.0051     1.929     -3.76                                 KURHFS 
  3758.311   23.0051     1.929     -2.84                                 KURHFS 
  3758.311   23.0051     1.929     -2.87                                 KURHFS 
  3758.311   23.0051     1.929     -3.05                                 KURHFS 
  3758.320      22.0     1.878     -6.07                                        
  3758.320      64.1     0.425     -0.41                                 LAWLER 
  3758.327   23.0051     1.929     -2.64                                 KURHFS 
  3758.327   23.0051     1.929     -2.87                                 KURHFS 
  3758.327   23.0051     1.929     -3.05                                 KURHFS 
  3758.347   23.0051     1.929     -2.35                                 KURHFS 
  3758.347   23.0051     1.929     -3.05                                 KURHFS 
  3758.348      92.0     0.530      0.33                                        
  3758.353      28.0     3.477     -3.44                                        
  3758.460      62.1     0.000     -1.27                                        
  3758.467      90.0     0.317     -0.86                                        
  3758.502   23.0051     1.858     -2.17                                 KURHFS 
  3758.502   23.0051     1.858     -2.62                                 KURHFS 
  3758.502   23.0051     1.858     -3.62                                 KURHFS 
  3758.508   23.0051     1.858     -2.05                                 KURHFS 
  3758.508   23.0051     1.858     -2.41                                 KURHFS 
  3758.508   23.0051     1.858     -3.41                                 KURHFS 
  3758.515   23.0051     1.858     -1.93                                 KURHFS 
  3758.515   23.0051     1.858     -2.31                                 KURHFS 
  3758.515   23.0051     1.858     -3.38                                 KURHFS 
  3758.521      42.0     2.497     -0.64                                        
  3758.523   23.0051     1.858     -1.82                                 KURHFS 
  3758.523   23.0051     1.858     -2.28                                 KURHFS 
  3758.523   23.0051     1.858     -3.46                                 KURHFS 
  3758.534   23.0051     1.858     -1.72                                 KURHFS 
  3758.534   23.0051     1.858     -2.29                                 KURHFS 
  3758.534   23.0051     1.858     -3.66                                 KURHFS 
  3758.546   23.0051     1.858     -1.62                                 KURHFS 
  3758.546   23.0051     1.858     -2.38                                 KURHFS 
  3758.546   23.0051     1.858     -4.05                                 KURHFS 
  3758.561   23.0051     1.858     -1.53                                 KURHFS 
  3758.561   23.0051     1.858     -2.59                                 KURHFS 
  3758.576   23.0051     1.858     -1.45                                 KURHFS 
  3758.588      21.0     4.429     -2.60                                        
  3758.588      21.0     4.429     -3.56                                        
  3758.620      23.1     2.497     -2.86                                        
  3758.636      24.0     4.614     -0.50                                        
  3758.714      24.0     0.941     -4.80                                        
  3758.722      24.0     3.319     -3.08                                        
  3758.737   23.0051     1.866     -2.90                                 KURHFS 
  3758.737   23.0051     1.866     -3.62                                 KURHFS 
  3758.737   23.0051     1.866     -4.83                                 KURHFS 
  3758.746   23.0051     1.866     -2.81                                 KURHFS 
  3758.746   23.0051     1.866     -3.40                                 KURHFS 
  3758.746   23.0051     1.866     -4.60                                 KURHFS 
  3758.750   27.0059     3.710     -3.96                                 KURHFS 
  3758.750   27.0059     3.710     -4.21                                 KURHFS 
  3758.756   23.0051     1.866     -2.73                                 KURHFS 
  3758.756   23.0051     1.866     -3.31                                 KURHFS 
  3758.756   23.0051     1.866     -4.55                                 KURHFS 
  3758.757   27.0059     3.710     -3.76                                 KURHFS 
  3758.757   27.0059     3.710     -3.96                                 KURHFS 
  3758.757   27.0059     3.710     -5.87                                 KURHFS 
  3758.768   27.0059     3.710     -3.69                                 KURHFS 
  3758.768   27.0059     3.710     -3.76                                 KURHFS 
  3758.768   27.0059     3.710     -4.62                                 KURHFS 
  3758.769   23.0051     1.866     -2.64                                 KURHFS 
  3758.769   23.0051     1.866     -3.28                                 KURHFS 
  3758.769   23.0051     1.866     -4.62                                 KURHFS 
  3758.775      26.0     3.926     -2.39                                        
  3758.782   27.0059     3.710     -3.69                                 KURHFS 
  3758.782   27.0059     3.710     -3.73                                 KURHFS 
  3758.782   27.0059     3.710     -3.91                                 KURHFS 
  3758.784   23.0051     1.866     -2.56                                 KURHFS 
  3758.784   23.0051     1.866     -3.30                                 KURHFS 
  3758.784   23.0051     1.866     -4.80                                 KURHFS 
  3758.799   27.0059     3.710     -3.50                                 KURHFS 
  3758.799   27.0059     3.710     -3.73                                 KURHFS 
  3758.799   27.0059     3.710     -3.91                                 KURHFS 
  3758.800   23.0051     1.866     -2.48                                 KURHFS 
  3758.800   23.0051     1.866     -3.38                                 KURHFS 
  3758.800   23.0051     1.866     -5.19                                 KURHFS 
  3758.819   23.0051     1.866     -2.41                                 KURHFS 
  3758.819   23.0051     1.866     -3.61                                 KURHFS 
  3758.821   27.0059     3.710     -3.21                                 KURHFS 
  3758.821   27.0059     3.710     -3.91                                 KURHFS 
  3758.840   23.0051     1.866     -2.34                                 KURHFS 
  3758.918      23.0     1.891     -1.64                               KURNOHFS 
  3758.930      60.1     0.742      0.07                                 LAWLER 
  3758.970      62.1     0.543     -0.53                                 LAWLER 
  3758.990      66.1     1.220     -1.09                                 LAWLER 
  3759.010      64.1     0.000     -0.89                                 LAWLER 
  3759.027      25.0     4.255     -3.10                                        
  3759.030      23.1     5.772     -2.42                                        
  3759.064      26.0     2.829     -2.96                                        
  3759.070   57.1139     0.244     -0.73                                 LAWLER 
  3759.070   57.1139     0.244     -1.71                                 LAWLER 
  3759.074   57.1139     0.244     -1.71                                 LAWLER 
  3759.075   57.1139     0.244     -0.88                                 LAWLER 
  3759.075   57.1139     0.244     -1.50                                 LAWLER 
  3759.078   57.1139     0.244     -1.50                                 LAWLER 
  3759.079   57.1139     0.244     -1.06                                 LAWLER 
  3759.079   57.1139     0.244     -1.43                                 LAWLER 
  3759.082   57.1139     0.244     -1.43                                 LAWLER 
  3759.083   57.1139     0.244     -1.26                                 LAWLER 
  3759.083   57.1139     0.244     -1.43                                 LAWLER 
  3759.084      21.0     2.567     -1.13                               KURNOHFS 
  3759.085   57.1139     0.244     -1.43                                 LAWLER 
  3759.086   57.1139     0.244     -1.48                                 LAWLER 
  3759.086   57.1139     0.244     -1.48                                 LAWLER 
  3759.088   57.1139     0.244     -1.48                                 LAWLER 
  3759.088   57.1139     0.244     -1.59                                 LAWLER 
  3759.088   57.1139     0.244     -1.73                                 LAWLER 
  3759.090   57.1139     0.244     -1.59                                 LAWLER 
  3759.090   57.1139     0.244     -1.82                                 LAWLER 
  3759.090   57.1139     0.244     -1.96                                 LAWLER 
  3759.091      23.0     2.914     -1.86                               KURNOHFS 
  3759.091   57.1139     0.244     -1.82                                 LAWLER 
  3759.091   57.1139     0.244     -1.97                                 LAWLER 
  3759.155      26.0     3.632     -0.97                                        
  3759.178      28.0     3.676     -3.27                                        
  3759.247      24.0     2.913     -2.15                                        
  3759.262      90.0     1.005     -0.18                                        
  3759.296      22.1     0.607      0.20                                        
  3759.320      23.0     2.581     -3.99                               KURNOHFS 
  3759.365      25.0     4.791     -1.02                                        
  3759.464      26.1     4.734     -2.16                                        
  3759.482      29.0     5.501     -1.38                                        
  3759.485   23.0051     1.217     -4.08                                 KURHFS 
  3759.486   23.0051     1.217     -4.08                                 KURHFS 
  3759.486   23.0051     1.217     -4.26                                 KURHFS 
  3759.488   23.0051     1.217     -3.92                                 KURHFS 
  3759.488   23.0051     1.217     -4.38                                 KURHFS 
  3759.488   23.0051     1.217     -4.51                                 KURHFS 
  3759.490   23.0051     1.217     -3.91                                 KURHFS 
  3759.490   23.0051     1.217     -3.94                                 KURHFS 
  3759.490   23.0051     1.217     -4.93                                 KURHFS 
  3759.492   23.0051     1.217     -3.66                                 KURHFS 
  3759.492   23.0051     1.217     -4.07                                 KURHFS 
  3759.495   23.0051     1.217     -3.44                                 KURHFS 
  3759.508      28.0     3.477     -2.35                                        
  3759.532   23.0051     1.847     -5.35                                 KURHFS 
  3759.532   23.0051     1.847     -5.55                                 KURHFS 
  3759.532   23.0051     1.847     -5.61                                 KURHFS 
  3759.533   23.0051     1.847     -4.98                                 KURHFS 
  3759.533   23.0051     1.847     -5.15                                 KURHFS 
  3759.533   23.0051     1.847     -5.25                                 KURHFS 
  3759.533   23.0051     1.847     -5.35                                 KURHFS 
  3759.533   23.0051     1.847     -6.09                                 KURHFS 
  3759.533   23.0051     1.847     -6.25                                 KURHFS 
  3759.534   23.0051     1.847     -4.83                                 KURHFS 
  3759.534   23.0051     1.847     -5.20                                 KURHFS 
  3759.534   23.0051     1.847     -6.09                                 KURHFS 
  3759.535   23.0051     1.847     -4.59                                 KURHFS 
  3759.535   23.0051     1.847     -4.70                                 KURHFS 
  3759.535   23.0051     1.847     -5.21                                 KURHFS 
  3759.535   23.0051     1.847     -5.28                                 KURHFS 
  3759.535   23.0051     1.847     -6.19                                 KURHFS 
  3759.535   23.0051     1.847     -6.39                                 KURHFS 
  3759.537   23.0051     1.847     -4.48                                 KURHFS 
  3759.537   23.0051     1.847     -5.49                                 KURHFS 
  3759.537   23.0051     1.847     -6.79                                 KURHFS 
  3759.550   25.0055     2.886     -4.19                                 KURHFS 
  3759.550   25.0055     2.886     -5.18                                 KURHFS 
  3759.553   25.0055     2.886     -4.36                                 KURHFS 
  3759.553   25.0055     2.886     -5.00                                 KURHFS 
  3759.553   25.0055     2.886     -5.18                                 KURHFS 
  3759.553      41.0     0.049     -1.35                                        
  3759.556   25.0055     2.886     -4.55                                 KURHFS 
  3759.556   25.0055     2.886     -4.97                                 KURHFS 
  3759.556   25.0055     2.886     -5.00                                 KURHFS 
  3759.558   25.0055     2.886     -4.74                                 KURHFS 
  3759.558   25.0055     2.886     -4.97                                 KURHFS 
  3759.558   25.0055     2.886     -5.03                                 KURHFS 
  3759.560   25.0055     2.886     -4.91                                 KURHFS 
  3759.560   25.0055     2.886     -5.03                                 KURHFS 
  3759.560   25.0055     2.886     -5.23                                 KURHFS 
  3759.561   25.0055     2.886     -4.98                                 KURHFS 
  3759.561   25.0055     2.886     -5.23                                 KURHFS 
  3759.581      26.0     3.428     -1.58                                        
  3759.605      27.0     3.527     -7.65                               KURNOHFS 
  3759.605      42.0     3.300     -0.57                                        
  3759.645   27.0059     2.540     -2.48                                 KURHFS 
  3759.662   27.0059     2.540     -2.46                                 KURHFS 
  3759.662   27.0059     2.540     -2.94                                 KURHFS 
  3759.685   27.0059     2.540     -2.46                                 KURHFS 
  3759.685   27.0059     2.540     -2.61                                 KURHFS 
  3759.710      24.0     3.011     -4.43                                        
  3759.713   27.0059     2.540     -2.14                                 KURHFS 
  3759.740      73.0     0.000     -2.37                                        
  3759.747   23.0051     1.852     -3.38                                 KURHFS 
  3759.747   23.0051     1.852     -3.57                                 KURHFS 
  3759.749   23.0051     1.852     -3.35                                 KURHFS 
  3759.749   23.0051     1.852     -3.36                                 KURHFS 
  3759.749   23.0051     1.852     -3.57                                 KURHFS 
  3759.753   23.0051     1.852     -3.23                                 KURHFS 
  3759.753   23.0051     1.852     -3.25                                 KURHFS 
  3759.753   23.0051     1.852     -3.35                                 KURHFS 
  3759.758   23.0051     1.852     -3.06                                 KURHFS 
  3759.758   23.0051     1.852     -3.21                                 KURHFS 
  3759.758   23.0051     1.852     -3.25                                 KURHFS 
  3759.758      26.0     4.151     -2.46                                        
  3759.764   23.0051     1.852     -2.89                                 KURHFS 
  3759.764   23.0051     1.852     -3.21                                 KURHFS 
  3759.764   23.0051     1.852     -3.22                                 KURHFS 
  3759.768      25.0     4.255     -1.44                                        
  3759.772   23.0051     1.852     -2.73                                 KURHFS 
  3759.772   23.0051     1.852     -3.22                                 KURHFS 
  3759.772   23.0051     1.852     -3.29                                 KURHFS 
  3759.780   23.0051     1.852     -2.58                                 KURHFS 
  3759.780   23.0051     1.852     -3.29                                 KURHFS 
  3759.780   23.0051     1.852     -3.51                                 KURHFS 
  3759.785      42.0     2.494     -2.08                                        
  3759.790   23.0051     1.852     -2.45                                 KURHFS 
  3759.790   23.0051     1.852     -3.51                                 KURHFS 
  3759.790      60.1     0.630     -0.45                                 LAWLER 
  3759.837      44.0     0.927     -0.50                                        
  3759.880      22.0     2.693     -2.40                                        
  3759.897      23.0     2.614     -1.02                               KURNOHFS 
  3759.904      25.0     5.108     -3.34                                        
  3759.966      24.0     3.320     -3.94                                        
  3759.979      64.0     0.000     -1.25                                        
  3760.031      23.0     2.676     -6.60                               KURNOHFS 
  3760.058      27.0     3.168     -4.17                               KURNOHFS 
