Tb II    3899.2      line list
  3896.008      24.0     3.085     -4.40                                        
  3896.020      65.1     0.426     -0.41                               LAWNOHFS 
  3896.036      26.0     2.174     -8.22                                        
  3896.041      24.1     7.910     -2.83                                        
  3896.053   23.0051     2.262     -7.94                                 KURHFS 
  3896.053   23.0051     2.262     -8.19                                 KURHFS 
  3896.054   23.0051     2.262     -7.74                                 KURHFS 
  3896.054   23.0051     2.262     -7.94                                 KURHFS 
  3896.054   23.0051     2.262     -9.84                                 KURHFS 
  3896.056   23.0051     2.262     -7.67                                 KURHFS 
  3896.056   23.0051     2.262     -7.74                                 KURHFS 
  3896.056   23.0051     2.262     -8.60                                 KURHFS 
  3896.058   23.0051     2.262     -7.67                                 KURHFS 
  3896.058   23.0051     2.262     -7.70                                 KURHFS 
  3896.058   23.0051     2.262     -7.88                                 KURHFS 
  3896.061   23.0051     2.262     -7.48                                 KURHFS 
  3896.061   23.0051     2.262     -7.70                                 KURHFS 
  3896.061   23.0051     2.262     -7.88                                 KURHFS 
  3896.064   23.0051     2.262     -7.19                                 KURHFS 
  3896.064   23.0051     2.262     -7.88                                 KURHFS 
  3896.066      26.0     4.281     -1.19                                        
  3896.103      26.1     2.640     -4.04                                        
  3896.106      75.0     2.537     -0.47                                        
  3896.136   23.0051     1.080     -1.67                                 KURHFS 
  3896.136   23.0051     1.080     -2.57                                 KURHFS 
  3896.140      60.1     0.380     -0.85                                 LAWLER 
  3896.142   23.0051     1.080     -1.86                                 KURHFS 
  3896.142   23.0051     1.080     -2.37                                 KURHFS 
  3896.142   23.0051     1.080     -2.57                                 KURHFS 
  3896.147   23.0051     1.080     -2.08                                 KURHFS 
  3896.147   23.0051     1.080     -2.31                                 KURHFS 
  3896.147   23.0051     1.080     -2.37                                 KURHFS 
  3896.150      21.1     7.434     -3.20                                        
  3896.150      28.0     3.541     -4.29                                        
  3896.151   23.0051     1.080     -2.31                                 KURHFS 
  3896.151   23.0051     1.080     -2.31                                 KURHFS 
  3896.151   23.0051     1.080     -2.34                                 KURHFS 
  3896.154   23.0051     1.080     -2.31                                 KURHFS 
  3896.154   23.0051     1.080     -2.38                                 KURHFS 
  3896.154   23.0051     1.080     -2.67                                 KURHFS 
  3896.155      23.1     1.399     -1.80                                        
  3896.156   23.0051     1.080     -2.38                                 KURHFS 
  3896.156   23.0051     1.080     -2.52                                 KURHFS 
  3896.156   23.0051     1.080     -3.12                                 KURHFS 
  3896.158   23.0051     1.080     -2.52                                 KURHFS 
  3896.158   23.0051     1.080     -2.80                                 KURHFS 
  3896.158   23.0051     1.080     -3.82                                 KURHFS 
  3896.159   23.0051     1.080     -2.80                                 KURHFS 
  3896.234      68.1     0.055     -0.12                                 LAWLER 
  3896.255      25.0     3.761     -5.68                               KURNOHFS 
  3896.281      25.0     4.675     -1.58                                        
  3896.292      25.0     4.662     -1.84                                        
  3896.292      25.0     4.662     -1.93                                        
  3896.349      26.0     3.684     -3.45                                        
  3896.385      42.0     2.513     -1.81                                        
  3896.388      22.0     1.738     -4.55                                        
  3896.410      64.1     0.662     -1.63                                 LAWLER 
  3896.472      24.0     2.542     -4.89                                        
  3896.481      26.0     3.981     -1.77                                        
  3896.530   27.0059     2.079     -5.08                                 KURHFS 
  3896.530   27.0059     2.079     -5.33                                 KURHFS 
  3896.535      40.0     0.071     -1.53                                        
  3896.544   27.0059     2.079     -4.88                                 KURHFS 
  3896.544   27.0059     2.079     -5.08                                 KURHFS 
  3896.544   27.0059     2.079     -6.99                                 KURHFS 
  3896.565   27.0059     2.079     -4.82                                 KURHFS 
  3896.565   27.0059     2.079     -4.88                                 KURHFS 
  3896.565   27.0059     2.079     -5.74                                 KURHFS 
  3896.593   27.0059     2.079     -4.82                                 KURHFS 
  3896.593   27.0059     2.079     -4.85                                 KURHFS 
  3896.593   27.0059     2.079     -5.03                                 KURHFS 
  3896.593      42.0     2.834     -1.67                                        
  3896.599      28.0     4.085     -2.83                                        
  3896.617      69.0     0.000     -1.30                                        
  3896.628   27.0059     2.079     -4.62                                 KURHFS 
  3896.628   27.0059     2.079     -4.85                                 KURHFS 
  3896.628   27.0059     2.079     -5.03                                 KURHFS 
  3896.633      26.0     3.651     -5.82                                        
  3896.633      58.1     0.327     -1.59                                 LAWLER 
  3896.637      24.0     3.435     -1.96                                        
  3896.660      24.0     3.887     -1.85                                        
  3896.671   27.0059     2.079     -4.33                                 KURHFS 
  3896.671   27.0059     2.079     -5.03                                 KURHFS 
  3896.725      25.0     4.191     -2.08                                        
  3896.726      25.0     4.357     -2.41                                        
  3896.745      26.1     6.514     -4.77                                        
  3896.760      28.0     3.793     -0.84                                        
  3896.775      92.1     0.568     -0.60                                        
  3896.782      23.0     1.891     -0.01                               KURNOHFS 
  3896.802      58.1     0.559     -0.27                                 LAWLER 
  3896.839      24.0     4.385     -3.42                                        
  3896.850      42.0     2.621     -1.34                                        
  3896.896      22.0     2.248     -5.25                                        
  3896.928      25.0     3.761     -4.05                               KURNOHFS 
  3896.970      62.1     0.040     -0.67                                 LAWLER 
  3897.000      24.0     2.542     -5.89                                        
  3897.045      22.1     4.861     -3.67                                        
  3897.055      22.0     2.266     -5.28                                        
  3897.066      26.0     3.544     -4.25                                        
  3897.071   23.0051     2.262     -3.24                                 KURHFS 
  3897.071   23.0051     2.262     -3.49                                 KURHFS 
  3897.071   23.0051     2.262     -3.52                                 KURHFS 
  3897.072   23.0051     2.262     -3.05                                 KURHFS 
  3897.072   23.0051     2.262     -3.11                                 KURHFS 
  3897.072   23.0051     2.262     -3.49                                 KURHFS 
  3897.074   23.0051     2.262     -2.85                                 KURHFS 
  3897.074   23.0051     2.262     -2.96                                 KURHFS 
  3897.074   23.0051     2.262     -3.54                                 KURHFS 
  3897.076   23.0051     2.262     -2.65                                 KURHFS 
  3897.076   23.0051     2.262     -2.94                                 KURHFS 
  3897.076   23.0051     2.262     -3.67                                 KURHFS 
  3897.078   23.0051     2.262     -2.49                                 KURHFS 
  3897.078   23.0051     2.262     -2.99                                 KURHFS 
  3897.078   23.0051     2.262     -3.89                                 KURHFS 
  3897.082   23.0051     2.262     -2.35                                 KURHFS 
  3897.082   23.0051     2.262     -3.19                                 KURHFS 
  3897.082   23.0051     2.262     -4.30                                 KURHFS 
  3897.110   27.0059     3.629     -2.70                                 KURHFS 
  3897.114   27.0059     3.629     -2.41                                 KURHFS 
  3897.114   27.0059     3.629     -2.67                                 KURHFS 
  3897.121   27.0059     3.629     -2.22                                 KURHFS 
  3897.121   27.0059     3.629     -2.67                                 KURHFS 
  3897.121   27.0059     3.629     -2.72                                 KURHFS 
  3897.133   27.0059     3.629     -2.13                                 KURHFS 
  3897.133   27.0059     3.629     -2.28                                 KURHFS 
  3897.133   27.0059     3.629     -2.84                                 KURHFS 
  3897.148   27.0059     3.629     -2.02                                 KURHFS 
  3897.148   27.0059     3.629     -2.11                                 KURHFS 
  3897.148   27.0059     3.629     -3.06                                 KURHFS 
  3897.167   27.0059     3.629     -1.82                                 KURHFS 
  3897.167   27.0059     3.629     -2.16                                 KURHFS 
  3897.167   27.0059     3.629     -3.47                                 KURHFS 
  3897.190   27.0059     3.629     -1.66                                 KURHFS 
  3897.190   27.0059     3.629     -2.36                                 KURHFS 
  3897.216   27.0059     3.629     -1.52                                 KURHFS 
  3897.240      44.0     1.130     -1.26                                        
  3897.249      59.1     1.038     -0.02                                        
  3897.258      92.0     0.870      0.18                                        
  3897.260      62.1     0.659     -1.34                                 LAWLER 
  3897.310      22.0     1.995     -1.17                                        
  3897.324      64.0     0.896     -0.32                                        
  3897.347      22.0     2.493     -2.64                                        
  3897.414      24.0     2.543     -3.35                                        
  3897.423      58.1     1.273     -0.50                                        
  3897.449      26.0     2.947     -1.25                                        
  3897.467   25.0055     3.132     -5.85                                 KURHFS 
  3897.470   25.0055     3.132     -5.59                                 KURHFS 
  3897.470   25.0055     3.132     -5.85                                 KURHFS 
  3897.470   25.0055     3.132     -6.62                                 KURHFS 
  3897.476   25.0055     3.132     -5.49                                 KURHFS 
  3897.476   25.0055     3.132     -5.59                                 KURHFS 
  3897.476   25.0055     3.132     -5.92                                 KURHFS 
  3897.485   25.0055     3.132     -5.47                                 KURHFS 
  3897.485   25.0055     3.132     -5.49                                 KURHFS 
  3897.485   25.0055     3.132     -5.49                                 KURHFS 
  3897.492   27.0059     3.710     -4.69                                 KURHFS 
  3897.492   27.0059     3.710     -4.95                                 KURHFS 
  3897.497   25.0055     3.132     -5.14                                 KURHFS 
  3897.497   25.0055     3.132     -5.49                                 KURHFS 
  3897.497   25.0055     3.132     -5.65                                 KURHFS 
  3897.499   27.0059     3.710     -4.50                                 KURHFS 
  3897.499   27.0059     3.710     -4.69                                 KURHFS 
  3897.499   27.0059     3.710     -6.60                                 KURHFS 
  3897.501      42.0     3.300     -1.05                                        
  3897.511   27.0059     3.710     -4.43                                 KURHFS 
  3897.511   27.0059     3.710     -4.50                                 KURHFS 
  3897.511   27.0059     3.710     -5.36                                 KURHFS 
  3897.512   25.0055     3.132     -4.88                                 KURHFS 
  3897.512   25.0055     3.132     -5.65                                 KURHFS 
  3897.526   27.0059     3.710     -4.43                                 KURHFS 
  3897.526   27.0059     3.710     -4.46                                 KURHFS 
  3897.526   27.0059     3.710     -4.64                                 KURHFS 
  3897.545   27.0059     3.710     -4.24                                 KURHFS 
  3897.545   27.0059     3.710     -4.46                                 KURHFS 
  3897.545   27.0059     3.710     -4.64                                 KURHFS 
  3897.568   27.0059     3.710     -3.94                                 KURHFS 
  3897.568   27.0059     3.710     -4.64                                 KURHFS 
  3897.575      22.0     2.015     -0.98                                        
  3897.604      25.1     5.376     -1.70                                        
  3897.632      60.1     0.204     -0.58                                        
  3897.635      40.0     1.821     -0.10                                        
  3897.651   23.0051     2.255     -1.65                                 KURHFS 
  3897.651   23.0051     2.255     -1.91                                 KURHFS 
  3897.656   23.0051     2.255     -1.45                                 KURHFS 
  3897.656   23.0051     2.255     -1.65                                 KURHFS 
  3897.656   23.0051     2.255     -3.56                                 KURHFS 
  3897.665   23.0051     2.255     -1.39                                 KURHFS 
  3897.665   23.0051     2.255     -1.45                                 KURHFS 
  3897.665   23.0051     2.255     -2.31                                 KURHFS 
  3897.675      24.0     3.426     -2.31                                        
  3897.676   23.0051     2.255     -1.39                                 KURHFS 
  3897.676   23.0051     2.255     -1.42                                 KURHFS 
  3897.676   23.0051     2.255     -1.60                                 KURHFS 
  3897.689   23.0051     2.255     -1.19                                 KURHFS 
  3897.689   23.0051     2.255     -1.42                                 KURHFS 
  3897.689   23.0051     2.255     -1.60                                 KURHFS 
  3897.706   23.0051     2.255     -0.90                                 KURHFS 
  3897.706   23.0051     2.255     -1.60                                 KURHFS 
  3897.794      22.0     2.238     -3.40                                        
  3897.849      23.1     1.127     -4.51                                        
  3897.866      79.0     5.224     -0.29                                        
  3897.890      26.0     2.690     -0.74                                        
  3897.902      28.0     4.086     -3.11                                        
  3897.971   23.0051     2.314     -0.81                                 KURHFS 
  3897.972   23.0051     2.314     -0.73                                 KURHFS 
  3897.972   23.0051     2.314     -1.54                                 KURHFS 
  3897.973   23.0051     2.314     -0.64                                 KURHFS 
  3897.973   23.0051     2.314     -1.32                                 KURHFS 
  3897.973   23.0051     2.314     -2.75                                 KURHFS 
  3897.975   23.0051     2.314     -0.56                                 KURHFS 
  3897.975   23.0051     2.314     -1.23                                 KURHFS 
  3897.975   23.0051     2.314     -2.52                                 KURHFS 
  3897.977   23.0051     2.314     -0.48                                 KURHFS 
  3897.977   23.0051     2.314     -1.19                                 KURHFS 
  3897.977   23.0051     2.314     -2.47                                 KURHFS 
  3897.977      26.0     3.692     -3.65                                        
  3897.979   23.0051     2.314     -0.40                                 KURHFS 
  3897.979   23.0051     2.314     -1.21                                 KURHFS 
  3897.979   23.0051     2.314     -2.54                                 KURHFS 
  3897.981   23.0051     2.314     -0.33                                 KURHFS 
  3897.981   23.0051     2.314     -1.30                                 KURHFS 
  3897.981   23.0051     2.314     -2.72                                 KURHFS 
  3897.984   23.0051     2.314     -0.26                                 KURHFS 
  3897.984   23.0051     2.314     -1.52                                 KURHFS 
  3897.984   23.0051     2.314     -3.10                                 KURHFS 
  3898.009      26.0     1.010     -2.04                                        
  3898.045      24.0     3.553     -4.26                                        
  3898.056      25.1     5.563     -1.50                                        
  3898.059      12.0     7.170     -0.22                                        
  3898.100   23.0051     1.349     -2.84                                 KURHFS 
  3898.102   23.0051     1.349     -2.58                                 KURHFS 
  3898.102   23.0051     1.349     -2.77                                 KURHFS 
  3898.106   23.0051     1.349     -2.37                                 KURHFS 
  3898.106   23.0051     1.349     -2.58                                 KURHFS 
  3898.106   23.0051     1.349     -3.47                                 KURHFS 
  3898.112   23.0051     1.349     -2.20                                 KURHFS 
  3898.112   23.0051     1.349     -2.47                                 KURHFS 
  3898.112   23.0051     1.349     -3.31                                 KURHFS 
  3898.120   23.0051     1.349     -2.06                                 KURHFS 
  3898.120   23.0051     1.349     -2.42                                 KURHFS 
  3898.120   23.0051     1.349     -3.31                                 KURHFS 
  3898.128      26.0     3.684     -5.08                                        
  3898.130   23.0051     1.349     -1.93                                 KURHFS 
  3898.130   23.0051     1.349     -2.43                                 KURHFS 
  3898.130   23.0051     1.349     -3.41                                 KURHFS 
  3898.142   23.0051     1.349     -1.81                                 KURHFS 
  3898.142   23.0051     1.349     -2.50                                 KURHFS 
  3898.142   23.0051     1.349     -3.62                                 KURHFS 
  3898.156   23.0051     1.349     -1.71                                 KURHFS 
  3898.156   23.0051     1.349     -2.71                                 KURHFS 
  3898.156   23.0051     1.349     -4.01                                 KURHFS 
  3898.156      25.0     4.350     -3.34                                        
  3898.222      26.0     4.470     -3.71                                        
  3898.243      26.0     4.227     -3.66                                        
  3898.263      58.1     0.470     -0.34                                 LAWLER 
  3898.269   27.0059     3.277     -6.17                                 KURHFS 
  3898.269   27.0059     3.277     -6.42                                 KURHFS 
  3898.269   27.0059     3.277     -6.45                                 KURHFS 
  3898.274   27.0059     3.277     -5.98                                 KURHFS 
  3898.274   27.0059     3.277     -6.03                                 KURHFS 
  3898.274   27.0059     3.277     -6.42                                 KURHFS 
  3898.276      41.1     1.696     -0.41                                        
  3898.280   27.0059     3.277     -5.78                                 KURHFS 
  3898.280   27.0059     3.277     -5.89                                 KURHFS 
  3898.280   27.0059     3.277     -6.47                                 KURHFS 
  3898.289   27.0059     3.277     -5.58                                 KURHFS 
  3898.289   27.0059     3.277     -5.86                                 KURHFS 
  3898.289   27.0059     3.277     -6.60                                 KURHFS 
  3898.300   27.0059     3.277     -5.42                                 KURHFS 
  3898.300   27.0059     3.277     -5.92                                 KURHFS 
  3898.300   27.0059     3.277     -6.82                                 KURHFS 
  3898.313   27.0059     3.277     -5.27                                 KURHFS 
  3898.313   27.0059     3.277     -6.11                                 KURHFS 
  3898.313   27.0059     3.277     -7.23                                 KURHFS 
  3898.344      25.0     4.191     -0.51                                        
  3898.361      44.0     1.002     -1.62                                        
  3898.367      21.1     4.832     -2.43                                        
  3898.420   27.0059     1.881     -2.71                                 KURHFS 
  3898.432   27.0059     1.881     -2.71                                 KURHFS 
  3898.432   27.0059     1.881     -2.88                                 KURHFS 
  3898.437      90.0     0.355     -1.30                                        
  3898.449   27.0059     1.881     -2.54                                 KURHFS 
  3898.449   27.0059     1.881     -3.01                                 KURHFS 
  3898.449   27.0059     1.881     -3.13                                 KURHFS 
  3898.455      26.0     4.206     -3.45                                        
  3898.460   23.0051     2.252     -1.66                                 KURHFS 
  3898.460   23.0051     2.252     -1.83                                 KURHFS 
  3898.464   23.0051     2.252     -1.53                                 KURHFS 
  3898.464   23.0051     2.252     -1.66                                 KURHFS 
  3898.468   23.0051     2.252     -1.53                                 KURHFS 
  3898.468   23.0051     2.252     -1.64                                 KURHFS 
  3898.468   23.0051     2.252     -1.85                                 KURHFS 
  3898.471   27.0059     1.881     -2.53                                 KURHFS 
  3898.471   27.0059     1.881     -2.57                                 KURHFS 
  3898.471   27.0059     1.881     -3.56                                 KURHFS 
  3898.473   23.0051     2.252     -1.23                                 KURHFS 
  3898.473   23.0051     2.252     -1.64                                 KURHFS 
  3898.487   25.0055     3.133     -5.45                                 KURHFS 
  3898.487   25.0055     3.133     -5.48                                 KURHFS 
  3898.487   25.0055     3.133     -6.23                                 KURHFS 
  3898.489      22.0     0.000     -2.26                                        
  3898.491   25.0055     3.133     -5.20                                 KURHFS 
  3898.491   25.0055     3.133     -5.28                                 KURHFS 
  3898.491   25.0055     3.133     -6.15                                 KURHFS 
  3898.498   25.0055     3.133     -4.97                                 KURHFS 
  3898.498   25.0055     3.133     -5.21                                 KURHFS 
  3898.498   25.0055     3.133     -6.28                                 KURHFS 
  3898.500   27.0059     1.881     -2.28                                 KURHFS 
  3898.500   27.0059     1.881     -2.69                                 KURHFS 
  3898.507   25.0055     3.133     -4.79                                 KURHFS 
  3898.507   25.0055     3.133     -5.23                                 KURHFS 
  3898.507   25.0055     3.133     -6.63                                 KURHFS 
  3898.510      90.0     1.393     -0.43                                        
  3898.518   25.0055     3.133     -4.63                                 KURHFS 
  3898.518   25.0055     3.133     -5.41                                 KURHFS 
  3898.522      28.0     3.793     -1.34                                        
  3898.530      66.1     0.590      0.23                                 LAWLER 
  3898.531   25.0055     3.133     -4.49                                 KURHFS 
  3898.534   27.0059     1.881     -2.07                                 KURHFS 
  3898.542      26.0     3.684     -5.86                                        
  3898.545      41.0     0.267     -1.30                                        
  3898.553      23.1     5.875     -3.46                                        
  3898.592      57.0     0.000     -1.24                                        
  3898.602      26.1     7.552     -1.64                                        
  3898.670      58.1     0.529     -1.53                                 LAWLER 
  3898.865      22.0     1.429     -3.55                                        
  3898.874      24.0     4.102     -3.77                                        
  3898.941      58.1     0.232     -0.80                                        
  3898.984      27.0     4.172     -0.50                                        
  3898.986      23.0     3.111     -2.08                               KURNOHFS 
  3899.001      24.0     3.889     -2.37                                        
  3899.029      26.0     2.452     -1.77                                        
  3899.032      68.0     1.158      0.57                                        
  3899.120   65.1159     0.373     -1.85                                 LAWLER 
  3899.138      23.1     1.803     -0.93                                        
  3899.139   65.1159     0.373     -1.73                                 LAWLER 
  3899.142   65.1159     0.373     -0.38                                 LAWLER 
  3899.155      23.1     1.684     -5.56                                        
  3899.163   65.1159     0.373     -1.85                                 LAWLER 
  3899.167   65.1159     0.373     -0.33                                 LAWLER 
  3899.189      24.0     2.965     -4.81                                        
  3899.189   65.1159     0.373     -1.85                                 LAWLER 
  3899.197   65.1159     0.373     -0.27                                 LAWLER 
  3899.225   65.1159     0.373     -1.73                                 LAWLER 
  3899.233   65.1159     0.373     -0.20                                 LAWLER 
  3899.234      41.0     1.893     -0.28                                        
  3899.241      23.0     1.798     -2.02                               KURNOHFS 
  3899.261      58.1     1.012     -0.34                                BIEMONT 
  3899.268   65.1159     0.373     -1.85                                 LAWLER 
  3899.270      92.0     0.530     -0.06                                        
  3899.299      23.1     5.808     -3.36                                        
  3899.313      25.0     4.270     -0.49                                        
  3899.333   23.0051     1.852     -2.85                                 KURHFS 
  3899.333   23.0051     1.852     -2.91                                 KURHFS 
  3899.333   23.0051     1.852     -3.55                                 KURHFS 
  3899.336   23.0051     1.852     -2.65                                 KURHFS 
  3899.336   23.0051     1.852     -2.65                                 KURHFS 
  3899.336   23.0051     1.852     -3.39                                 KURHFS 
  3899.340   23.0051     1.852     -2.45                                 KURHFS 
  3899.340   23.0051     1.852     -2.55                                 KURHFS 
  3899.340   23.0051     1.852     -3.39                                 KURHFS 
  3899.345   23.0051     1.852     -2.28                                 KURHFS 
  3899.345   23.0051     1.852     -2.50                                 KURHFS 
  3899.345   23.0051     1.852     -3.49                                 KURHFS 
  3899.352   23.0051     1.852     -2.13                                 KURHFS 
  3899.352   23.0051     1.852     -2.50                                 KURHFS 
  3899.352   23.0051     1.852     -3.69                                 KURHFS 
  3899.360   23.0051     1.852     -2.00                                 KURHFS 
  3899.360   23.0051     1.852     -2.58                                 KURHFS 
  3899.360   23.0051     1.852     -4.09                                 KURHFS 
  3899.369   23.0051     1.852     -1.89                                 KURHFS 
  3899.369   23.0051     1.852     -2.79                                 KURHFS 
  3899.380   23.0051     1.852     -1.78                                 KURHFS 
  3899.382      58.1     0.683     -1.09                                        
  3899.441      24.1     6.479     -3.92                                        
  3899.453      26.0     2.829     -4.49                                        
  3899.460      12.0     7.170     -1.39                                        
  3899.460      25.0     4.675     -3.96                                        
  3899.472      92.1     0.578     -0.90                                        
  3899.520      22.0     2.235     -2.69                                        
  3899.520      26.0     4.257     -3.59                                        
  3899.549      59.1     0.216     -1.19                                        
  3899.613      23.0     2.096     -2.25                               KURNOHFS 
  3899.661      22.0     2.015     -0.84                                        
  3899.692      25.0     3.376     -2.30                               KURNOHFS 
  3899.692      25.0     3.376     -2.41                               KURNOHFS 
  3899.702      22.0     0.000     -2.62                                        
  3899.707      26.0     0.087     -1.53                                        
  3899.716      23.0     2.503     -5.72                               KURNOHFS 
  3899.728      92.1     0.284     -0.78                                        
  3899.797      25.0     3.376     -2.53                               KURNOHFS 
  3899.801      27.0     3.168     -3.19                               KURNOHFS 
  3899.809      23.0     2.073     -2.32                               KURNOHFS 
  3899.833      42.0     2.916     -1.93                                        
  3899.870      24.0     3.426     -1.02                                        
  3899.940   27.0059     0.101     -7.63                                 KURHFS 
  3899.940   27.0059     0.101     -7.63                                 KURHFS 
  3899.941   27.0059     0.101     -7.22                                 KURHFS 
  3899.941   27.0059     0.101     -7.22                                 KURHFS 
  3899.942   27.0059     0.101     -7.00                                 KURHFS 
  3899.942   27.0059     0.101     -7.00                                 KURHFS 
  3899.943   27.0059     0.101     -6.87                                 KURHFS 
  3899.943   27.0059     0.101     -6.87                                 KURHFS 
  3899.945   27.0059     0.101     -6.82                                 KURHFS 
  3899.945   27.0059     0.101     -6.82                                 KURHFS 
  3899.947   27.0059     0.101     -6.85                                 KURHFS 
  3899.947   27.0059     0.101     -6.85                                 KURHFS 
  3899.949   27.0059     0.101     -6.57                                 KURHFS 
  3899.949   27.0059     0.101     -6.57                                 KURHFS 
  3899.950   27.0059     0.101     -6.38                                 KURHFS 
  3899.950   27.0059     0.101     -6.38                                 KURHFS 
  3899.951   27.0059     0.101     -6.29                                 KURHFS 
  3899.951   27.0059     0.101     -6.29                                 KURHFS 
  3899.952   27.0059     0.101     -6.26                                 KURHFS 
  3899.952   27.0059     0.101     -6.26                                 KURHFS 
  3899.953   27.0059     0.101     -6.32                                 KURHFS 
  3899.953   27.0059     0.101     -6.32                                 KURHFS 
  3899.954   27.0059     0.101     -6.82                                 KURHFS 
  3899.954   27.0059     0.101     -6.82                                 KURHFS 
  3899.955   27.0059     0.101     -6.51                                 KURHFS 
  3899.955   27.0059     0.101     -6.51                                 KURHFS 
  3899.957   27.0059     0.101     -6.43                                 KURHFS 
  3899.957   27.0059     0.101     -6.43                                 KURHFS 
  3899.960   27.0059     0.101     -6.18                                 KURHFS 
  3899.960   27.0059     0.101     -6.18                                 KURHFS 
  3899.964   27.0059     0.101     -5.98                                 KURHFS 
  3899.964   27.0059     0.101     -5.98                                 KURHFS 
  3899.968   27.0059     0.101     -5.82                                 KURHFS 
  3899.968   27.0059     0.101     -5.82                                 KURHFS 
  3899.972   27.0059     0.101     -5.67                                 KURHFS 
  3900.018      22.0     1.738     -5.06                                        
  3900.087      26.0     3.940     -3.17                                        
  3900.132      90.1     1.545     -1.25                                        
  3900.159   23.0051     2.276     -1.21                                 KURHFS 
  3900.159   23.0051     2.276     -1.40                                 KURHFS 
  3900.159   23.0051     2.276     -1.47                                 KURHFS 
  3900.160   23.0051     2.276     -1.00                                 KURHFS 
  3900.160   23.0051     2.276     -1.21                                 KURHFS 
  3900.160   23.0051     2.276     -2.10                                 KURHFS 
  3900.161   23.0051     2.276     -0.83                                 KURHFS 
  3900.161   23.0051     2.276     -1.10                                 KURHFS 
  3900.161   23.0051     2.276     -1.95                                 KURHFS 
  3900.163   23.0051     2.276     -0.69                                 KURHFS 
  3900.163   23.0051     2.276     -1.05                                 KURHFS 
  3900.163   23.0051     2.276     -1.95                                 KURHFS 
  3900.165   23.0051     2.276     -0.56                                 KURHFS 
  3900.165   23.0051     2.276     -1.06                                 KURHFS 
  3900.165   23.0051     2.276     -2.04                                 KURHFS 
  3900.167   23.0051     2.276     -0.44                                 KURHFS 
  3900.167   23.0051     2.276     -1.13                                 KURHFS 
  3900.167   23.0051     2.276     -2.25                                 KURHFS 
  3900.169   23.0051     2.276     -0.34                                 KURHFS 
  3900.169   23.0051     2.276     -1.34                                 KURHFS 
  3900.169   23.0051     2.276     -2.64                                 KURHFS 
  3900.199      58.1     1.013     -0.58                                        
  3900.220      60.1     0.471      0.10                                 LAWLER 
  3900.392      76.0     0.340     -2.55                                        
  3900.414      26.0     4.280     -3.88                                        
  3900.439      26.0     3.692     -1.39                                        
  3900.495      24.0     3.885     -2.65                                        
  3900.500      40.0     0.000     -1.19                                        
  3900.510      63.0     1.638      0.11                                        
  3900.515      26.0     3.239     -0.92                                        
  3900.551      22.1     1.130     -0.45                                        
  3900.577      90.0     1.090     -0.54                                        
  3900.627      72.1     3.833      0.30                                        
  3900.723      78.0     4.227      0.49                                        
  3900.755   27.0059     3.710     -2.46                                 KURHFS 
  3900.763   27.0059     3.710     -2.46                                 KURHFS 
  3900.763   27.0059     3.710     -2.63                                 KURHFS 
  3900.774   27.0059     3.710     -2.29                                 KURHFS 
  3900.774   27.0059     3.710     -2.76                                 KURHFS 
  3900.774   27.0059     3.710     -2.88                                 KURHFS 
  3900.780      69.1     1.086     -0.66                                 LAWLER 
  3900.789   27.0059     3.710     -2.29                                 KURHFS 
  3900.789   27.0059     3.710     -2.32                                 KURHFS 
  3900.789   27.0059     3.710     -3.31                                 KURHFS 
  3900.808   27.0059     3.710     -2.04                                 KURHFS 
  3900.808   27.0059     3.710     -2.45                                 KURHFS 
  3900.831   27.0059     3.710     -1.82                                 KURHFS 
  3900.834   23.0051     2.284     -6.51                                 KURHFS 
  3900.834   23.0051     2.284     -6.58                                 KURHFS 
  3900.834   23.0051     2.284     -7.21                                 KURHFS 
  3900.839   23.0051     2.284     -6.32                                 KURHFS 
  3900.839   23.0051     2.284     -6.32                                 KURHFS 
  3900.839   23.0051     2.284     -7.06                                 KURHFS 
  3900.847   23.0051     2.284     -6.11                                 KURHFS 
  3900.847   23.0051     2.284     -6.21                                 KURHFS 
  3900.847   23.0051     2.284     -7.06                                 KURHFS 
  3900.855      70.0     2.442      0.29                                        
  3900.857   23.0051     2.284     -5.94                                 KURHFS 
  3900.857   23.0051     2.284     -6.16                                 KURHFS 
  3900.857   23.0051     2.284     -7.15                                 KURHFS 
  3900.870   23.0051     2.284     -5.80                                 KURHFS 
  3900.870   23.0051     2.284     -6.17                                 KURHFS 
  3900.870   23.0051     2.284     -7.36                                 KURHFS 
  3900.876      23.1     6.291     -4.17                                        
  3900.878      90.1     0.908     -0.79                                        
  3900.880      62.1     0.248     -1.34                                 LAWLER 
  3900.885   23.0051     2.284     -5.67                                 KURHFS 
  3900.885   23.0051     2.284     -6.24                                 KURHFS 
  3900.885   23.0051     2.284     -7.75                                 KURHFS 
  3900.894      75.0     1.761     -1.25                                        
  3900.903   23.0051     2.284     -5.55                                 KURHFS 
  3900.903   23.0051     2.284     -6.45                                 KURHFS 
  3900.923   23.0051     2.284     -5.45                                 KURHFS 
  3900.959      22.0     0.021     -1.69                                        
  3901.003   27.0059     3.626     -3.63                                 KURHFS 
  3901.003   27.0059     3.626     -3.70                                 KURHFS 
  3901.003   27.0059     3.626     -4.33                                 KURHFS 
  3901.008   27.0059     3.626     -3.44                                 KURHFS 
  3901.008   27.0059     3.626     -3.44                                 KURHFS 
  3901.008   27.0059     3.626     -4.18                                 KURHFS 
  3901.011      25.0     4.341     -2.48                                        
  3901.016   27.0059     3.626     -3.23                                 KURHFS 
  3901.016   27.0059     3.626     -3.33                                 KURHFS 
  3901.016   27.0059     3.626     -4.18                                 KURHFS 
  3901.026   27.0059     3.626     -3.06                                 KURHFS 
  3901.026   27.0059     3.626     -3.29                                 KURHFS 
  3901.026   27.0059     3.626     -4.28                                 KURHFS 
  3901.030      26.0     3.600     -7.86                                        
  3901.039   27.0059     3.626     -2.92                                 KURHFS 
  3901.039   27.0059     3.626     -3.29                                 KURHFS 
  3901.039   27.0059     3.626     -4.48                                 KURHFS 
  3901.048      62.0     0.387     -1.38                                        
  3901.055   27.0059     3.626     -2.79                                 KURHFS 
  3901.055   27.0059     3.626     -3.37                                 KURHFS 
  3901.055   27.0059     3.626     -4.88                                 KURHFS 
  3901.074   27.0059     3.626     -2.67                                 KURHFS 
  3901.074   27.0059     3.626     -3.58                                 KURHFS 
  3901.096   27.0059     3.626     -2.57                                 KURHFS 
  3901.107      26.0     4.151     -4.36                                        
  3901.145   23.0051     2.294     -0.92                                 KURHFS 
  3901.145   23.0051     2.294     -1.04                                 KURHFS 
  3901.145   23.0051     2.294     -1.49                                 KURHFS 
  3901.146   23.0051     2.294     -0.80                                 KURHFS 
  3901.146   23.0051     2.294     -1.28                                 KURHFS 
  3901.146   23.0051     2.294     -2.49                                 KURHFS 
  3901.148   23.0051     2.294     -0.69                                 KURHFS 
  3901.148   23.0051     2.294     -1.19                                 KURHFS 
  3901.148   23.0051     2.294     -2.29                                 KURHFS 
  3901.149   23.0051     2.294     -0.59                                 KURHFS 
  3901.149   23.0051     2.294     -1.15                                 KURHFS 
  3901.149   23.0051     2.294     -2.26                                 KURHFS 
  3901.151   23.0051     2.294     -0.49                                 KURHFS 
  3901.151   23.0051     2.294     -1.17                                 KURHFS 
  3901.151   23.0051     2.294     -2.34                                 KURHFS 
  3901.152      90.1     1.514     -0.98                                        
  3901.154   23.0051     2.294     -0.40                                 KURHFS 
  3901.154   23.0051     2.294     -1.25                                 KURHFS 
  3901.154   23.0051     2.294     -2.53                                 KURHFS 
  3901.156   23.0051     2.294     -0.32                                 KURHFS 
  3901.156   23.0051     2.294     -1.47                                 KURHFS 
  3901.156   23.0051     2.294     -2.92                                 KURHFS 
  3901.222      24.0     4.407     -2.67                                        
  3901.244      44.0     0.148     -1.53                                        
  3901.247      22.0     1.501     -1.53                                        
  3901.300      58.1     0.736     -0.66                                        
  3901.305      26.0     4.217     -2.52                                        
  3901.320      23.1     1.686     -3.44                                        
  3901.379      25.0     5.108     -3.17                                        
  3901.381      66.0     1.672      0.54                                        
  3901.419      25.0     4.350     -3.58                                        
  3901.509      21.0     1.968     -2.54                               KURNOHFS 
  3901.523      23.1     4.732     -4.09                                        
  3901.626   23.0051     2.364     -5.98                                 KURHFS 
  3901.627   23.0051     2.364     -5.70                                 KURHFS 
  3901.627   23.0051     2.364     -5.98                                 KURHFS 
  3901.627   23.0051     2.364     -7.00                                 KURHFS 
  3901.628   23.0051     2.364     -5.56                                 KURHFS 
  3901.628   23.0051     2.364     -5.70                                 KURHFS 
  3901.628   23.0051     2.364     -6.30                                 KURHFS 
  3901.629   23.0051     2.364     -5.50                                 KURHFS 
  3901.629   23.0051     2.364     -5.56                                 KURHFS 
  3901.629   23.0051     2.364     -5.86                                 KURHFS 
  3901.631   23.0051     2.364     -5.49                                 KURHFS 
  3901.631   23.0051     2.364     -5.50                                 KURHFS 
  3901.631   23.0051     2.364     -5.53                                 KURHFS 
  3901.633   23.0051     2.364     -5.26                                 KURHFS 
  3901.633   23.0051     2.364     -5.49                                 KURHFS 
  3901.633   23.0051     2.364     -5.56                                 KURHFS 
  3901.636   23.0051     2.364     -5.04                                 KURHFS 
  3901.636   23.0051     2.364     -5.56                                 KURHFS 
  3901.636   23.0051     2.364     -5.76                                 KURHFS 
  3901.640   23.0051     2.364     -4.86                                 KURHFS 
  3901.640   23.0051     2.364     -5.76                                 KURHFS 
  3901.646      58.1     1.205     -0.49                                        
  3901.678      23.0     3.129     -2.49                               KURNOHFS 
  3901.681      23.1     5.829     -4.71                                        
  3901.691      26.0     4.281     -3.04                                        
  3901.714      76.0     1.083     -1.66                                        
  3901.719      23.1     6.160     -3.26                                        
  3901.724      26.0     4.206     -3.32                                        
  3901.769      42.0     1.530     -1.09                                        
  3901.801      24.0     4.398     -3.67                                        
  3901.826      74.0     2.351     -0.73                                        
  3901.845      60.1     0.630      0.31                                        
  3901.881      24.0     3.886     -2.32                                        
  3901.909      23.0     1.710     -3.11                               KURNOHFS 
  3901.926      27.0     2.875     -3.32                               KURNOHFS 
  3901.954   23.0051     3.113     -3.82                                 KURHFS 
  3901.954   23.0051     3.113     -4.66                                 KURHFS 
  3901.954   23.0051     3.113     -5.77                                 KURHFS 
  3901.957   23.0051     3.113     -3.96                                 KURHFS 
  3901.957   23.0051     3.113     -4.46                                 KURHFS 
  3901.957   23.0051     3.113     -5.36                                 KURHFS 
  3901.959   23.0051     3.113     -4.12                                 KURHFS 
  3901.959   23.0051     3.113     -4.41                                 KURHFS 
  3901.959   23.0051     3.113     -5.14                                 KURHFS 
  3901.961   23.0051     3.113     -4.32                                 KURHFS 
  3901.961   23.0051     3.113     -4.43                                 KURHFS 
  3901.961   23.0051     3.113     -5.01                                 KURHFS 
  3901.962   23.0051     3.113     -4.52                                 KURHFS 
  3901.962   23.0051     3.113     -4.58                                 KURHFS 
  3901.962   23.0051     3.113     -4.96                                 KURHFS 
  3901.963   23.0051     3.113     -4.71                                 KURHFS 
  3901.963   23.0051     3.113     -4.96                                 KURHFS 
  3901.963   23.0051     3.113     -4.99                                 KURHFS 
