Ce II    3999.2       line list
  3996.062      90.1     1.902      0.01                                        
  3996.083      25.0     4.270     -1.23                                        
  3996.111      28.0     4.150     -1.16                                        
  3996.114      22.1     5.028     -3.07                                        
  3996.114   23.0051     2.357     -4.63                                 KURHFS 
  3996.114   23.0051     2.357     -4.89                                 KURHFS 
  3996.119   23.0051     2.357     -4.43                                 KURHFS 
  3996.119   23.0051     2.357     -4.63                                 KURHFS 
  3996.119   23.0051     2.357     -6.54                                 KURHFS 
  3996.121      26.1     4.612     -6.29                                        
  3996.127   23.0051     2.357     -4.37                                 KURHFS 
  3996.127   23.0051     2.357     -4.43                                 KURHFS 
  3996.127   23.0051     2.357     -5.30                                 KURHFS 
  3996.137   23.0051     2.357     -4.37                                 KURHFS 
  3996.137   23.0051     2.357     -4.40                                 KURHFS 
  3996.137   23.0051     2.357     -4.58                                 KURHFS 
  3996.146      24.0     4.398     -2.52                                        
  3996.149   23.0051     2.357     -4.17                                 KURHFS 
  3996.149   23.0051     2.357     -4.40                                 KURHFS 
  3996.149   23.0051     2.357     -4.58                                 KURHFS 
  3996.149      45.0     1.483     -0.62                                        
  3996.164   23.0051     2.357     -3.88                                 KURHFS 
  3996.164   23.0051     2.357     -4.58                                 KURHFS 
  3996.165      73.0     0.749     -1.31                                        
  3996.245      42.0     2.258     -2.23                                        
  3996.260      26.0     3.289     -2.38                                        
  3996.279      24.0     3.432     -1.55                                        
  3996.279      26.0     2.988     -2.79                                        
  3996.310      64.1     1.126     -0.10                                 LAWLER 
  3996.345      26.1     5.952     -2.93                                        
  3996.369      42.0     2.913     -2.09                                        
  3996.379   23.0051     1.929     -3.73                                 KURHFS 
  3996.379   23.0051     1.929     -3.98                                 KURHFS 
  3996.379   23.0051     1.929     -4.01                                 KURHFS 
  3996.387   23.0051     1.929     -3.54                                 KURHFS 
  3996.387   23.0051     1.929     -3.60                                 KURHFS 
  3996.387   23.0051     1.929     -3.98                                 KURHFS 
  3996.398   23.0051     1.929     -3.34                                 KURHFS 
  3996.398   23.0051     1.929     -3.45                                 KURHFS 
  3996.398   23.0051     1.929     -4.03                                 KURHFS 
  3996.412   23.0051     1.929     -3.14                                 KURHFS 
  3996.412   23.0051     1.929     -3.43                                 KURHFS 
  3996.412   23.0051     1.929     -4.16                                 KURHFS 
  3996.430   23.0051     1.929     -2.98                                 KURHFS 
  3996.430   23.0051     1.929     -3.48                                 KURHFS 
  3996.430   23.0051     1.929     -4.38                                 KURHFS 
  3996.452   23.0051     1.929     -2.84                                 KURHFS 
  3996.452   23.0051     1.929     -3.68                                 KURHFS 
  3996.452   23.0051     1.929     -4.79                                 KURHFS 
  3996.475      58.1     0.529     -1.19                                 LAWLER 
  3996.494      26.0     3.684     -5.59                                        
  3996.508      44.0     1.122     -2.06                                        
  3996.510      69.1     0.000     -1.20                                 LAWLER 
  3996.550      26.0     3.881     -4.24                                        
  3996.568      78.0     1.921     -1.32                                        
  3996.588   21.0045     0.000     -1.86                                 KURHFS 
  3996.588   21.0045     0.000     -1.86                                 KURHFS 
  3996.588   21.0045     0.000     -2.16                                 KURHFS 
  3996.592   21.0045     0.000     -1.70                                 KURHFS 
  3996.592   21.0045     0.000     -1.72                                 KURHFS 
  3996.592   21.0045     0.000     -2.04                                 KURHFS 
  3996.598   21.0045     0.000     -1.44                                 KURHFS 
  3996.598   21.0045     0.000     -1.69                                 KURHFS 
  3996.598   21.0045     0.000     -2.29                                 KURHFS 
  3996.605   21.0045     0.000     -1.23                                 KURHFS 
  3996.605   21.0045     0.000     -1.85                                 KURHFS 
  3996.605   21.0045     0.000     -2.72                                 KURHFS 
  3996.635      22.0     2.101     -1.35                                        
  3996.690      66.1     0.590     -0.26                                 LAWLER 
  3996.785      26.0     4.151     -1.32                                        
  3996.802      76.0     0.000     -3.46                                        
  3996.853      24.0     4.183     -1.91                                        
  3996.876      23.0     2.563     -5.60                               KURNOHFS 
  3996.917      66.0     0.000     -1.69                                        
  3996.919   27.0059     3.565     -6.80                                 KURHFS 
  3996.923   27.0059     3.565     -6.52                                 KURHFS 
  3996.923   27.0059     3.565     -6.80                                 KURHFS 
  3996.923   27.0059     3.565     -7.82                                 KURHFS 
  3996.930   27.0059     3.565     -6.38                                 KURHFS 
  3996.930   27.0059     3.565     -6.52                                 KURHFS 
  3996.930   27.0059     3.565     -7.12                                 KURHFS 
  3996.940   27.0059     3.565     -6.31                                 KURHFS 
  3996.940   27.0059     3.565     -6.38                                 KURHFS 
  3996.940   27.0059     3.565     -6.67                                 KURHFS 
  3996.955   27.0059     3.565     -6.30                                 KURHFS 
  3996.955   27.0059     3.565     -6.31                                 KURHFS 
  3996.955   27.0059     3.565     -6.34                                 KURHFS 
  3996.962      24.0     4.436     -4.06                                        
  3996.964      26.0     3.692     -0.84                                        
  3996.972   27.0059     3.565     -6.08                                 KURHFS 
  3996.972   27.0059     3.565     -6.30                                 KURHFS 
  3996.972   27.0059     3.565     -6.37                                 KURHFS 
  3996.974   27.0059     3.565     -2.83                                 KURHFS 
  3996.977   27.0059     3.565     -2.57                                 KURHFS 
  3996.977   27.0059     3.565     -2.77                                 KURHFS 
  3996.984   27.0059     3.565     -2.37                                 KURHFS 
  3996.984   27.0059     3.565     -2.57                                 KURHFS 
  3996.984   27.0059     3.565     -3.47                                 KURHFS 
  3996.993   27.0059     3.565     -5.86                                 KURHFS 
  3996.993   27.0059     3.565     -6.37                                 KURHFS 
  3996.993   27.0059     3.565     -6.57                                 KURHFS 
  3996.995   27.0059     3.565     -2.20                                 KURHFS 
  3996.995   27.0059     3.565     -2.47                                 KURHFS 
  3996.995   27.0059     3.565     -3.31                                 KURHFS 
  3997.009   27.0059     3.565     -2.05                                 KURHFS 
  3997.009   27.0059     3.565     -2.42                                 KURHFS 
  3997.009   27.0059     3.565     -3.31                                 KURHFS 
  3997.018   27.0059     3.565     -5.67                                 KURHFS 
  3997.018   27.0059     3.565     -6.57                                 KURHFS 
  3997.026   27.0059     3.565     -1.92                                 KURHFS 
  3997.026   27.0059     3.565     -2.43                                 KURHFS 
  3997.026   27.0059     3.565     -3.41                                 KURHFS 
  3997.040      59.1     0.371     -0.21                                LINOHFS 
  3997.048   27.0059     3.565     -1.81                                 KURHFS 
  3997.048   27.0059     3.565     -2.50                                 KURHFS 
  3997.048   27.0059     3.565     -3.61                                 KURHFS 
  3997.072   27.0059     3.565     -1.70                                 KURHFS 
  3997.072   27.0059     3.565     -2.71                                 KURHFS 
  3997.072   27.0059     3.565     -4.01                                 KURHFS 
  3997.081      92.0     0.868     -0.07                                        
  3997.112      24.0     3.011     -3.41                                        
  3997.120      23.1     1.475     -1.20                                        
  3997.127      74.0     2.351     -0.67                                        
  3997.199      26.0     3.600     -4.77                                        
  3997.240      26.0     3.600     -5.46                                        
  3997.269      58.1     0.721     -1.64                                 LAWLER 
  3997.341      27.0     2.875     -2.56                               KURNOHFS 
  3997.392      26.0     2.725     -0.39                                        
  3997.400      60.1     0.630     -0.80                                 LAWLER 
  3997.469      90.1     1.377     -1.16                                        
  3997.473      26.0     3.239     -4.53                                        
  3997.475      58.1     0.811     -0.72                                BIEMONT 
  3997.483      26.0     3.239     -2.32                                        
  3997.647      24.0     3.119     -5.74                                        
  3997.667      24.0     4.443     -1.85                                        
  3997.670      58.1     1.012     -0.40                                BIEMONT 
  3997.713      58.1     1.041     -0.24                                BIEMONT 
  3997.761      24.0     3.011     -2.68                                        
  3997.763      25.0     4.243     -0.95                                        
  3997.768      60.1     1.519     -0.12                                        
  3997.770      64.1     1.059     -0.52                                 LAWLER 
  3997.782      21.0     1.864     -4.24                               KURNOHFS 
  3997.830   27.0059     3.772     -3.92                                 KURHFS 
  3997.830   27.0059     3.772     -3.92                                 KURHFS 
  3997.830   27.0059     3.772     -4.22                                 KURHFS 
  3997.833   27.0059     1.048     -2.39                                 KURHFS 
  3997.833   27.0059     1.048     -2.65                                 KURHFS 
  3997.833   27.0059     1.048     -2.68                                 KURHFS 
  3997.841   27.0059     3.772     -3.75                                 KURHFS 
  3997.841   27.0059     3.772     -3.78                                 KURHFS 
  3997.841   27.0059     3.772     -4.09                                 KURHFS 
  3997.845   27.0059     1.048     -2.20                                 KURHFS 
  3997.845   27.0059     1.048     -2.26                                 KURHFS 
  3997.845   27.0059     1.048     -2.65                                 KURHFS 
  3997.856   27.0059     3.772     -3.50                                 KURHFS 
  3997.856   27.0059     3.772     -3.75                                 KURHFS 
  3997.856   27.0059     3.772     -4.34                                 KURHFS 
  3997.863   27.0059     1.048     -2.00                                 KURHFS 
  3997.863   27.0059     1.048     -2.11                                 KURHFS 
  3997.863   27.0059     1.048     -2.70                                 KURHFS 
  3997.866      90.1     1.204     -0.90                                        
  3997.867      26.0     3.298     -2.76                                        
  3997.875   27.0059     3.772     -3.28                                 KURHFS 
  3997.875   27.0059     3.772     -3.91                                 KURHFS 
  3997.875   27.0059     3.772     -4.77                                 KURHFS 
  3997.887   27.0059     1.048     -1.80                                 KURHFS 
  3997.887   27.0059     1.048     -2.09                                 KURHFS 
  3997.887   27.0059     1.048     -2.82                                 KURHFS 
  3997.917   27.0059     1.048     -1.64                                 KURHFS 
  3997.917   27.0059     1.048     -2.14                                 KURHFS 
  3997.917   27.0059     1.048     -3.04                                 KURHFS 
  3997.919      24.0     2.706     -3.08                                        
  3997.920      60.1     1.724      0.47                                        
  3997.936      24.0     4.437     -2.68                                        
  3997.952   27.0059     1.048     -1.50                                 KURHFS 
  3997.952   27.0059     1.048     -2.34                                 KURHFS 
  3997.952   27.0059     1.048     -3.45                                 KURHFS 
  3998.014      29.0     5.720     -2.13                                        
  3998.028      26.0     4.151     -2.13                                        
  3998.052      26.0     2.690     -0.84                                        
  3998.060      66.1     0.100     -2.25                                 LAWLER 
  3998.166      74.0     2.658     -0.36                                        
  3998.241      92.1     1.411      0.04                                        
  3998.248      22.0     2.316     -3.92                                        
  3998.275      24.0     3.548     -4.04                                        
  3998.276      42.0     2.756     -1.42                                        
  3998.342      62.0     0.498     -0.18                                        
  3998.358      26.0     3.940     -2.76                                        
  3998.379      24.0     4.096     -3.54                                        
  3998.386      23.0     3.111     -2.21                               KURNOHFS 
  3998.390      65.1     1.103     -0.29                               LAWNOHFS 
  3998.391      23.0     2.357     -4.64                               KURNOHFS 
  3998.430      24.0     4.398     -4.47                                        
  3998.459      26.0     3.299     -3.60                                        
  3998.503   27.0059     1.048     -4.62                                 KURHFS 
  3998.507   27.0059     1.048     -4.42                                 KURHFS 
  3998.508   27.0059     1.048     -4.87                                 KURHFS 
  3998.515   27.0059     1.048     -4.35                                 KURHFS 
  3998.515   27.0059     1.048     -6.52                                 KURHFS 
  3998.519   27.0059     1.048     -4.62                                 KURHFS 
  3998.525   27.0059     1.048     -5.28                                 KURHFS 
  3998.526   27.0059     1.048     -4.38                                 KURHFS 
  3998.532   27.0059     1.048     -4.42                                 KURHFS 
  3998.539   27.0059     1.048     -4.56                                 KURHFS 
  3998.541   27.0059     1.048     -4.57                                 KURHFS 
  3998.549   27.0059     1.048     -4.35                                 KURHFS 
  3998.556   27.0059     1.048     -4.16                                 KURHFS 
  3998.568   27.0059     1.048     -4.38                                 KURHFS 
  3998.576   27.0059     1.048     -3.87                                 KURHFS 
  3998.591   27.0059     1.048     -4.57                                 KURHFS 
  3998.631   27.0059     3.710     -2.58                                 KURHFS 
  3998.636      22.0     0.048     -0.06                                        
  3998.639   27.0059     3.710     -2.58                                 KURHFS 
  3998.639   27.0059     3.710     -2.76                                 KURHFS 
  3998.651   27.0059     3.710     -2.42                                 KURHFS 
  3998.651   27.0059     3.710     -2.88                                 KURHFS 
  3998.651   27.0059     3.710     -3.01                                 KURHFS 
  3998.658   23.0051     1.866     -0.80                                 KURHFS 
  3998.658   23.0051     1.866     -1.53                                 KURHFS 
  3998.658   23.0051     1.866     -2.74                                 KURHFS 
  3998.660      27.0     4.143     -0.29                                        
  3998.667   27.0059     3.710     -2.41                                 KURHFS 
  3998.667   27.0059     3.710     -2.45                                 KURHFS 
  3998.667   27.0059     3.710     -3.44                                 KURHFS 
  3998.668   23.0051     1.866     -0.72                                 KURHFS 
  3998.668   23.0051     1.866     -1.31                                 KURHFS 
  3998.668   23.0051     1.866     -2.51                                 KURHFS 
  3998.680   23.0051     1.866     -0.63                                 KURHFS 
  3998.680   23.0051     1.866     -1.22                                 KURHFS 
  3998.680   23.0051     1.866     -2.46                                 KURHFS 
  3998.687   27.0059     3.710     -2.16                                 KURHFS 
  3998.687   27.0059     3.710     -2.57                                 KURHFS 
  3998.692      27.0     3.407     -5.94                               KURNOHFS 
  3998.694   23.0051     1.866     -0.55                                 KURHFS 
  3998.694   23.0051     1.866     -1.18                                 KURHFS 
  3998.694   23.0051     1.866     -2.53                                 KURHFS 
  3998.700      22.0     2.486     -2.67                                        
  3998.710   23.0051     1.866     -0.47                                 KURHFS 
  3998.710   23.0051     1.866     -1.20                                 KURHFS 
  3998.710   23.0051     1.866     -2.71                                 KURHFS 
  3998.711   27.0059     3.710     -1.95                                 KURHFS 
  3998.729   23.0051     1.866     -0.39                                 KURHFS 
  3998.729   23.0051     1.866     -1.29                                 KURHFS 
  3998.729   23.0051     1.866     -3.09                                 KURHFS 
  3998.751   23.0051     1.866     -0.32                                 KURHFS 
  3998.751   23.0051     1.866     -1.51                                 KURHFS 
  3998.756      74.0     2.351     -0.47                                        
  3998.764      26.0     3.637     -5.24                                        
  3998.775   23.0051     1.866     -0.25                                 KURHFS 
  3998.775      23.0     2.372     -1.79                               KURNOHFS 
  3998.812   23.0051     2.357     -5.67                                 KURHFS 
  3998.812   23.0051     2.357     -5.92                                 KURHFS 
  3998.812   23.0051     2.357     -5.95                                 KURHFS 
  3998.817   23.0051     2.357     -5.48                                 KURHFS 
  3998.817   23.0051     2.357     -5.54                                 KURHFS 
  3998.817   23.0051     2.357     -5.92                                 KURHFS 
  3998.825   23.0051     2.357     -5.28                                 KURHFS 
  3998.825   23.0051     2.357     -5.39                                 KURHFS 
  3998.825   23.0051     2.357     -5.97                                 KURHFS 
  3998.835   23.0051     2.357     -5.08                                 KURHFS 
  3998.835   23.0051     2.357     -5.37                                 KURHFS 
  3998.835   23.0051     2.357     -6.10                                 KURHFS 
  3998.847   23.0051     2.357     -4.92                                 KURHFS 
  3998.847   23.0051     2.357     -5.42                                 KURHFS 
  3998.847   23.0051     2.357     -6.32                                 KURHFS 
  3998.863   23.0051     2.357     -4.78                                 KURHFS 
  3998.863   23.0051     2.357     -5.62                                 KURHFS 
  3998.863   23.0051     2.357     -6.73                                 KURHFS 
  3998.870      24.0     4.444     -0.31                                        
  3998.933      76.0     2.465     -0.87                                        
  3998.937      66.0     0.000     -1.92                                        
  3998.941      24.1     2.704     -4.53                                        
  3998.954      40.1     0.558     -0.39                                        
  3998.968      22.0     2.133     -0.34                                        
  3998.985      24.1     2.704     -4.95                                        
  3999.028      28.0     3.676     -0.46                                        
  3999.043      24.0     2.707     -3.85                                        
  3999.067      68.0     1.068     -0.18                                        
  3999.081      24.0     3.963     -2.31                                        
  3999.090   27.0059     3.663     -2.32                                 KURHFS 
  3999.095   27.0059     3.663     -2.54                                 KURHFS 
  3999.095   27.0059     3.663     -2.94                                 KURHFS 
  3999.100   27.0059     3.663     -2.78                                 KURHFS 
  3999.100   27.0059     3.663     -2.82                                 KURHFS 
  3999.100   27.0059     3.663     -3.81                                 KURHFS 
  3999.104   27.0059     3.663     -2.79                                 KURHFS 
  3999.104   27.0059     3.663     -3.26                                 KURHFS 
  3999.104   27.0059     3.663     -3.38                                 KURHFS 
  3999.107   27.0059     3.663     -2.96                                 KURHFS 
  3999.107   27.0059     3.663     -3.13                                 KURHFS 
  3999.109   27.0059     3.663     -2.96                                 KURHFS 
  3999.122   27.0059     3.710     -2.39                                 KURHFS 
  3999.122   27.0059     3.710     -2.64                                 KURHFS 
  3999.130   27.0059     3.710     -2.19                                 KURHFS 
  3999.130   27.0059     3.710     -2.39                                 KURHFS 
  3999.130   27.0059     3.710     -4.30                                 KURHFS 
  3999.142   27.0059     3.710     -2.13                                 KURHFS 
  3999.142   27.0059     3.710     -2.19                                 KURHFS 
  3999.142   27.0059     3.710     -3.05                                 KURHFS 
  3999.158   27.0059     3.710     -2.13                                 KURHFS 
  3999.158   27.0059     3.710     -2.16                                 KURHFS 
  3999.158   27.0059     3.710     -2.34                                 KURHFS 
  3999.161      22.0     2.304     -4.94                                        
  3999.165      68.1     0.636     -1.24                                        
  3999.178   27.0059     3.710     -1.93                                 KURHFS 
  3999.178   27.0059     3.710     -2.16                                 KURHFS 
  3999.178   27.0059     3.710     -2.34                                 KURHFS 
  3999.180      92.0     0.471     -0.46                                        
  3999.181      41.0     1.629     -0.26                                        
  3999.188      28.0     4.161     -2.96                                        
  3999.199      58.1     0.608     -0.89                                BIEMONT 
  3999.202      23.1     3.755     -1.76                                        
  3999.202   27.0059     3.710     -1.64                                 KURHFS 
  3999.202   27.0059     3.710     -2.34                                 KURHFS 
  3999.237      58.1     0.295      0.06                                 LAWLER 
  3999.280      73.0     0.752     -1.61                                        
  3999.342      22.0     2.504     -3.28                                        
  3999.343      22.0     2.101     -0.48                                        
  3999.390      22.0     2.091     -2.77                                        
  3999.513      24.0     3.110     -3.83                                        
  3999.526      26.0     2.829     -5.22                                        
  3999.575      25.0     4.255     -2.13                                        
  3999.615      26.0     3.298     -3.65                                        
  3999.723      28.0     4.085     -1.69                                        
  3999.858      24.0     3.695     -3.55                                        
  3999.865   23.0051     0.017     -4.61                                 KURHFS 
  3999.866   23.0051     0.017     -4.36                                 KURHFS 
  3999.869   23.0051     0.017     -4.36                                 KURHFS 
  3999.870   23.0051     0.017     -6.26                                 KURHFS 
  3999.871   23.0051     0.017     -4.16                                 KURHFS 
  3999.875   23.0051     0.017     -4.16                                 KURHFS 
  3999.876   23.0051     0.017     -5.02                                 KURHFS 
  3999.878   23.0051     0.017     -4.09                                 KURHFS 
  3999.883   23.0051     0.017     -4.09                                 KURHFS 
  3999.885   23.0051     0.017     -4.30                                 KURHFS 
  3999.888   23.0051     0.017     -4.12                                 KURHFS 
  3999.894   23.0051     0.017     -4.12                                 KURHFS 
  3999.896   23.0051     0.017     -3.90                                 KURHFS 
  3999.899   23.0051     0.017     -4.31                                 KURHFS 
  3999.906   23.0051     0.017     -4.31                                 KURHFS 
  3999.906   23.0051     0.017     -4.31                                 KURHFS 
  3999.909   23.0051     0.017     -3.61                                 KURHFS 
  3999.909   23.0051     0.017     -3.61                                 KURHFS 
  4000.004      65.1     0.790     -0.21                                        
  4000.017      26.0     2.829     -3.15                                        
  4000.033      25.1     7.754     -1.21                                        
  4000.040   23.0051     1.182     -6.01                                 KURHFS 
  4000.040   23.0051     1.182     -6.33                                 KURHFS 
  4000.040   23.0051     1.182     -6.81                                 KURHFS 
  4000.043      22.0     2.091     -2.09                                        
  4000.044   59.1141     0.204     -3.88                                 LI/LAW 
  4000.048   23.0051     1.182     -6.33                                 KURHFS 
  4000.048   23.0051     1.182     -6.35                                 KURHFS 
  4000.048   23.0051     1.182     -6.48                                 KURHFS 
  4000.059   59.1141     0.204     -2.46                                 LI/LAW 
  4000.065   59.1141     0.204     -3.71                                 LI/LAW 
  4000.070   59.1141     0.204     -1.56                                 LI/LAW 
  4000.077      23.0     2.573     -1.04                               KURNOHFS 
  4000.083   59.1141     0.204     -2.27                                 LI/LAW 
  4000.091   59.1141     0.204     -3.78                                 LI/LAW 
  4000.098      26.0     4.183     -3.20                                        
  4000.098   59.1141     0.204     -1.47                                 LI/LAW 
  4000.113   59.1141     0.204     -2.22                                 LI/LAW 
  4000.123   59.1141     0.204     -4.10                                 LI/LAW 
  4000.131   59.1141     0.204     -1.39                                 LI/LAW 
  4000.148   59.1141     0.204     -2.26                                 LI/LAW 
  4000.170   59.1141     0.204     -1.31                                 LI/LAW 
  4000.183      64.0     0.841     -0.42                                        
  4000.188      24.0     4.183     -2.54                                        
  4000.189   59.1141     0.204     -2.46                                 LI/LAW 
  4000.213   59.1141     0.204     -1.23                                 LI/LAW 
  4000.235      26.0     3.299     -4.03                                        
  4000.248      26.0     4.280     -2.84                                        
  4000.253      26.0     3.263     -1.62                                        
  4000.263   59.1141     0.204     -1.15                                 LI/LAW 
  4000.281      90.0     1.290     -0.38                                        
  4000.322      24.0     3.977     -3.56                                        
  4000.377      42.0     2.595     -1.39                                        
  4000.417      68.1     0.636     -2.18                                 LAWLER 
  4000.446      23.1     3.800     -4.25                                        
  4000.450      66.1     0.100      0.04                                 LAWLER 
  4000.457      26.0     2.988     -1.63                                        
  4000.479      24.0     4.398     -2.34                                        
  4000.490      60.1     0.204     -0.84                                 LAWLER 
  4000.492      42.0     3.075     -0.48                                        
  4000.512      20.0     4.621     -3.27                                        
  4000.512      26.1     9.646     -4.15                                        
  4000.594      24.1     4.984     -4.91                                        
  4000.595      24.0     4.204     -2.14                                        
  4000.604      41.1     1.832     -1.07                                        
  4000.670      24.0     3.077     -4.42                                        
  4000.677      58.1     1.212     -1.08                                        
  4000.693      24.0     4.204     -1.63                                        
  4000.693   27.0059     3.629     -5.03                                 KURHFS 
  4000.697   27.0059     3.629     -4.74                                 KURHFS 
  4000.697   27.0059     3.629     -5.00                                 KURHFS 
  4000.705   27.0059     3.629     -4.55                                 KURHFS 
  4000.705   27.0059     3.629     -5.00                                 KURHFS 
  4000.705   27.0059     3.629     -5.05                                 KURHFS 
  4000.717   27.0059     3.629     -4.46                                 KURHFS 
  4000.717   27.0059     3.629     -4.61                                 KURHFS 
  4000.717   27.0059     3.629     -5.17                                 KURHFS 
  4000.731      22.0     2.332     -5.65                                        
  4000.733   27.0059     3.629     -4.35                                 KURHFS 
  4000.733   27.0059     3.629     -4.44                                 KURHFS 
  4000.733   27.0059     3.629     -5.39                                 KURHFS 
  4000.753      21.1     7.490     -5.37                                        
  4000.753   27.0059     3.629     -4.15                                 KURHFS 
  4000.753   27.0059     3.629     -4.49                                 KURHFS 
  4000.753   27.0059     3.629     -5.80                                 KURHFS 
  4000.777   27.0059     3.629     -3.99                                 KURHFS 
  4000.777   27.0059     3.629     -4.69                                 KURHFS 
  4000.801      58.1     0.674     -1.61                                        
  4000.805   27.0059     3.629     -3.85                                 KURHFS 
  4000.949      22.0     0.848     -7.69                                        
  4001.003      25.0     4.350     -1.45                                        
  4001.047      58.1     0.708     -0.74                                 LAWLER 
  4001.048      25.0     3.769     -1.46                               KURNOHFS 
  4001.058      90.0     0.966     -0.40                                        
  4001.063      24.0     4.446     -2.78                                        
  4001.089      40.0     0.154     -2.09                                        
  4001.105      26.0     3.637     -2.76                                        
  4001.116      23.1     5.533     -3.00                                        
  4001.120      23.1     1.554     -6.10                                        
  4001.142      41.0     1.531     -0.63                                        
  4001.150      23.1     3.756     -3.22                                        
  4001.175      26.0     3.639     -4.01                                        
  4001.250      64.1     0.522     -0.78                                 LAWLER 
  4001.280      92.0     0.870     -0.07                                        
  4001.366      74.0     1.507     -1.25                                        
  4001.418      26.0     3.045     -5.75                                        
  4001.437      24.0     3.887      0.26                                        
  4001.450      21.0     2.606     -3.40                               KURNOHFS 
  4001.490       6.0     7.679     -4.26                                        
  4001.563      58.1     0.621     -0.59                                 LAWLER 
  4001.610      62.0     0.282     -2.09                                        
  4001.625      26.1     8.985     -3.82                                        
  4001.653   23.0051     1.194     -2.23                                 KURHFS 
  4001.653   23.0051     1.194     -2.23                                 KURHFS 
  4001.653   23.0051     1.194     -2.54                                 KURHFS 
  4001.656   23.0051     1.194     -2.07                                 KURHFS 
  4001.656   23.0051     1.194     -2.10                                 KURHFS 
  4001.656   23.0051     1.194     -2.41                                 KURHFS 
  4001.660   23.0051     1.194     -1.81                                 KURHFS 
  4001.660   23.0051     1.194     -2.06                                 KURHFS 
  4001.660   23.0051     1.194     -2.66                                 KURHFS 
  4001.661      26.0     2.174     -1.88                                        
  4001.665   23.0051     1.194     -1.60                                 KURHFS 
  4001.665   23.0051     1.194     -2.22                                 KURHFS 
  4001.665   23.0051     1.194     -3.09                                 KURHFS 
  4001.712      21.0     4.524     -2.42                                        
  4001.724      58.1     0.459     -0.83                                 LAWLER 
  4001.734      90.1     0.510     -2.02                                        
  4001.742      42.0     2.621     -2.28                                        
  4001.858      22.0     1.995     -4.92                                        
