Er II    3729.5       line list 
  3727.529      26.0     3.414    -1.801
  3727.650      20.0     5.581    -3.596
  3727.666      23.1     6.840    -1.315
  3727.670      23.0     2.113    -3.885
  3727.674      26.0     2.586    -1.494
  3727.679      42.0     2.075    -0.461
  3727.711      40.1     1.742    -0.300
  3727.747      25.1     4.934    -4.418
  3727.779      23.1     6.058    -2.141
  3727.800      22.0     2.493    -4.280
  3727.819      26.0     2.996     -0.85                                    ADJ
  3727.837      20.0     5.581    -3.176
  3727.868      21.0     2.108    -2.840
  3727.903      90.0     0.355    -0.874
  3727.948      23.0     2.965    -4.582
  3727.969      23.0     1.954    -5.212
  3727.979      25.0     3.768    -1.860
  3727.996      66.0     1.238     0.677
  3728.019      58.1     0.703     -0.37                                BIEMONT
  3728.025      44.0     0.000     0.260
  3728.044      26.0     3.414     -2.10                                    ADJ
  3728.082      23.0     1.941    -1.906
  3728.095      22.0     1.738    -3.664
  3728.110      22.0     1.738    -3.955
  3728.126      23.0     1.941    -6.317
  3728.126      60.1     0.182     -0.50                                 LAWLER
  3728.150      62.0     0.101    -1.305
  3728.180      58.1     0.326     -0.84                                BIEMONT
  3728.267      24.0     3.548     -1.80                                    ADJ
  3728.268      23.0     1.871    -3.401
  3728.296      42.0     2.932    -0.792
  3728.336      23.0     2.614    -2.863
  3728.342      23.1     2.508     -0.80                                    ADJ
  3728.342      42.0     2.079    -1.869
  3728.394      26.1     1.963    -5.760
  3728.397      42.0     1.530    -2.555
  3728.407      23.0     2.364    -2.525
  3728.417      58.1     0.676     +0.20                                BIEMONT
  3728.423      22.0     2.152    -3.549
  3728.472      62.1     0.659     -0.04                                 LAWLER
  3728.497      42.0     2.678    -0.385
  3728.645      23.0     2.357    -5.304
  3728.670      26.0     3.879    -2.015
  3728.672      26.0     2.557     -1.80                                    ADJ
  3728.683      22.0     1.442    -4.433
  3728.708      25.1     5.369    -2.702
  3728.773      42.0     1.334    -3.018
  3728.776      25.0     4.709    -1.630
  3728.808      20.0     2.707    -9.513
  3728.822      20.0     2.707    -8.340
  3728.830      27.0     2.628    -3.174
  3728.834      24.0     3.884    -1.927
  3728.845      27.0     3.684    -5.771
  3728.860      25.0     2.918     -1.30                                    ADJ
  3728.869      22.0     2.266    -3.482
  3728.916      28.0     3.838     -0.90                                    ADJ
  3728.924      22.0     2.159    -2.568
  3728.934      62.1     0.248    -1.685
  3728.945      22.0     2.304    -3.898
  3728.947      24.1     2.704    -4.326
  3728.962      23.1     2.508    -7.454
  3728.965      26.0     3.881     -1.35                                    ADJ
  3728.971      24.0     3.373    -2.888
  3729.002      58.1     0.529    -1.154
  3729.030      23.0     1.852    -0.707
  3729.043      26.0     4.073     -2.60                                    ADJ
  3729.093      72.0     2.597     0.590
  3729.129      27.0     3.126     -1.50                                    ADJ
  3729.233      76.0     2.189    -0.930
  3729.234      24.0     3.885    -2.658
  3729.264      26.0     3.632    -8.438
  3729.338      26.0     3.045     -3.00                                    ADJ
  3729.415      20.0     5.449    -2.828
  3729.416      23.0     2.129    -3.573
  3729.482      25.1     5.394     -3.00                                    ADJ
  3729.503      26.0     4.073     -6.00                                    ADJ
  3729.529      68.1     0.000     -0.59                                 LAWLER
  3729.527      22.0     1.878    -7.637
  3729.539      25.0     4.329     -2.00                                    ADJ
  3729.589      21.0     2.109    -1.377
  3729.723      40.1     0.466     -1.65                                    ADJ
  3729.730      63.1     1.379    -1.500
  3729.731      21.0     2.318    -1.532
  3729.754      62.1     0.543     -0.88                                 LAWLER
  3729.770      22.0     2.316    -4.052
  3729.805      24.0     3.886    -2.799
  3729.810      22.0     0.000     -0.42                                    ADJ
  3729.816      21.0     2.336    -1.065
  3729.916      58.1     0.417     -1.14                                BIEMONT
  3729.922      25.0     3.769    -1.978
  3729.923      27.0     3.949    -3.369
  3730.013      28.0     3.938     -1.00                                    ADJ
  3730.058      25.1     5.414    -1.945
  3730.063      25.1     5.468    -2.471
  3730.175      23.0     1.063     -1.50                                    ADJ
  3730.178      27.0     3.131    -4.655
  3730.217      27.0     3.126    -6.870
  3730.256      22.0     1.995    -3.196
  3730.262      25.0     4.723    -1.526
  3730.306      26.0     3.412     -1.75                                    ADJ
  3730.334      58.1     1.455     0.208
  3730.355      26.0     4.073     -1.80                                    ADJ
  3730.369      90.0     0.788    -0.375
  3730.396      26.0     3.045     -0.70                                    ADJ
  3730.420      74.0     2.456    -0.130
  3730.431      44.0     0.259    -0.020
  3730.461      26.0     2.996     -1.50                                    ADJ
  3730.463      21.1     3.818    -4.037
  3730.475      27.0     1.881    -0.623
  3730.482      22.0     2.159    -3.568
  3730.500      25.1     4.934    -4.285
  3730.501      24.0     3.886    -2.593
  3730.515      26.0     4.073    -2.430
  3730.518      26.0     4.183     -1.50                                    ADJ
  3730.520      22.0     1.872    -3.768
  3730.556      42.0     2.497    -1.606
  3730.566      26.0     4.073     -2.00                                    ADJ
  3730.577      60.1     0.380     -0.50                                    ADJ
  3730.584      26.0     4.073     -2.60                                    ADJ
  3730.594      23.0     2.262    -1.774
  3730.658      23.1     2.555    -4.319
  3730.705      24.0     2.985    -4.054
  3730.727      62.0     0.282    -0.694
  3730.745      76.0     1.746    -1.250
  3730.749      90.1     1.902    -0.024
  3730.746      28.0     0.275     -3.90                                    ADJ
  3730.771      22.0     2.238    -0.870
  3730.778      21.0     2.000    -2.258
  3730.801      24.0     0.000    -2.780
  3730.803      26.0     3.881    -1.812
  3730.805      69.1     1.110    -0.839
  3730.850      64.1     0.382     -0.23                                 LAWLER
  3730.855      22.0     1.459    -3.104
  3730.909      26.0     3.926    -1.992
  3730.946      24.0     2.706    -3.389
  3730.952      26.0     2.607     -1.30                                    ADJ
  3730.999      25.0     4.229    -1.060
  3731.012      73.0     0.000    -1.850
  3731.032      23.0     2.246    -1.621
  3731.043      22.0     1.979    -3.279
  3731.080      24.0     3.553    -2.009
  3731.084      23.0     2.113    -4.410
  3731.100      24.1     4.753    -4.971
  3731.124      26.0     3.926    -3.472
  3731.144      25.1     6.806    -2.901
  3731.144      21.0     1.942    -3.308
  3731.163      26.0     3.692     -2.30                                    ADJ
  3731.211      60.1     0.000     -1.30                                 LAWLER
  3731.245      26.0     3.234    -3.014
  3731.255      58.0     0.159    -0.617
  3731.260      40.1     1.742    -0.020
  3731.261      27.0     2.041     -3.00                                    ADJ
  3731.263      62.1     0.104     -0.33                                 LAWLER
  3731.265      68.1     0.891    -0.207
  3731.338      24.0     3.885    -1.282
  3731.378      26.0     2.607     -1.55                                    ADJ
  3731.444      92.0     0.000    -0.897
  3731.467      27.0     1.739    -2.907
  3731.468      24.0     3.553    -1.289
  3731.474      23.0     1.944    -5.396
