Pr II    3965.2       line list
  3960.993      27.0     2.628     -2.97                               KURNOHFS 
  3961.008      76.0     1.840     -0.92                                        
  3961.012      24.0     4.446     -0.47                                        
  3961.033      75.0     1.713     -1.63                                        
  3961.139      26.0     2.856     -1.79                                        
  3961.139      28.0     3.594     -4.20                                        
  3961.206      68.0     1.158      0.35                                        
  3961.256      22.0     1.738     -5.34                                        
  3961.257      24.0     3.008     -4.68                                        
  3961.259      20.0     2.707     -8.08                                        
  3961.276      59.1     1.038     -0.59                                        
  3961.364      27.0     3.213     -4.80                               KURNOHFS 
  3961.393      26.0     3.069     -5.02                                        
  3961.400      24.0     3.885     -3.31                                        
  3961.469   21.0045     1.432     -3.71                                 KURHFS 
  3961.471   21.0045     1.432     -3.71                                 KURHFS 
  3961.471   21.0045     1.432     -3.88                                 KURHFS 
  3961.472      27.0     2.875     -2.52                               KURNOHFS 
  3961.473   21.0045     1.432     -3.54                                 KURHFS 
  3961.473   21.0045     1.432     -4.01                                 KURHFS 
  3961.473   21.0045     1.432     -4.13                                 KURHFS 
  3961.477   21.0045     1.432     -3.53                                 KURHFS 
  3961.477   21.0045     1.432     -3.57                                 KURHFS 
  3961.477   21.0045     1.432     -4.56                                 KURHFS 
  3961.481   21.0045     1.432     -3.28                                 KURHFS 
  3961.481   21.0045     1.432     -3.69                                 KURHFS 
  3961.486   21.0045     1.432     -3.07                                 KURHFS 
  3961.507      42.1     3.140     -1.00                                        
  3961.512      20.0     2.707     -5.54                                        
  3961.520      13.0     0.014     -0.32                                        
  3961.540      66.1     1.460     -0.66                                 LAWLER 
  3961.648      58.1     0.521     -1.39                                 LAWLER 
  3961.709      27.1     3.116     -4.15                                        
  3961.757      26.0     4.188     -3.34                                        
  3961.785      27.0     4.143     -2.27                                        
  3961.796      24.0     3.665     -2.60                                        
  3961.810      62.1     0.543     -1.29                                 LAWLER 
  3961.821      22.1     4.965     -4.47                                        
  3961.841      25.1     5.832     -6.64                                        
  3961.861      26.0     2.988     -6.97                                        
  3961.901      26.0     4.280     -3.32                                        
  3961.906      26.0     3.544     -2.06                                        
  3961.974      16.0     6.520     -2.11                                        
  3961.984      42.0     3.263     -1.51                                        
  3962.014      27.0     3.213     -3.36                               KURNOHFS 
  3962.056      58.1     0.674     -0.45                                BIEMONT 
  3962.078      58.1     0.969     -0.36                                        
  3962.101      42.0     3.901     -0.69                                        
  3962.106      64.1     0.556     -1.56                                        
  3962.119      28.0     3.844     -0.50                                        
  3962.128      24.0     4.096     -3.40                                        
  3962.132      62.0     0.185     -0.90                                        
  3962.142      28.0     3.655     -0.69                                        
  3962.184      24.0     2.708     -2.44                                        
  3962.200      60.1     0.320     -0.57                                 LAWLER 
  3962.216      25.0     4.751     -2.91                                        
  3962.250      62.1     0.434     -1.56                                 LAWLER 
  3962.320      26.0     3.045     -4.86                                        
  3962.322      25.0     4.357     -1.82                                        
  3962.326      74.0     2.107     -0.64                                        
  3962.335      24.0     3.977     -3.80                                        
  3962.352      26.0     3.263     -1.73                                        
  3962.419      90.0     0.457     -1.19                                        
  3962.420      26.0     3.239     -3.81                                        
  3962.450      59.1     0.216     -0.47                                        
  3962.478      16.0     6.520     -2.28                                        
  3962.482      75.0     2.023     -0.38                                        
  3962.534      27.0     3.620     -5.29                               KURNOHFS 
  3962.587      66.0     1.238      0.65                                        
  3962.644      26.0     3.639     -2.43                                        
  3962.732      26.0     4.257     -2.23                                        
  3962.771      25.0     4.723     -2.29                                        
  3962.779      24.0     4.385     -1.77                                        
  3962.782      77.0     1.514     -2.10                                        
  3962.817      24.0     4.452     -0.43                                        
  3962.827      26.0     3.981     -4.54                                        
  3962.830      24.0     3.886     -3.66                                        
  3962.851      22.0     0.000     -1.17                                        
  3962.869      26.0     3.263     -3.39                                        
  3962.870      16.0     6.520     -2.50                                        
  3962.980      62.1     0.434     -1.05                                 LAWLER 
  3963.018      62.1     0.040     -0.81                                        
  3963.100      26.0     3.281     -0.70                                        
  3963.100      60.1     0.471      0.23                                 LAWLER 
  3963.165      66.0     1.753      0.64                                        
  3963.167      24.0     3.645     -1.93                                        
  3963.198      21.0     1.849     -3.36                               KURNOHFS 
  3963.220      90.1     1.902     -0.67                                        
  3963.223      62.0     0.185     -2.08                                        
  3963.267      75.0     2.059     -1.11                                        
  3963.300      24.0     3.847     -4.34                                        
  3963.350      22.0     1.045     -2.74                                        
  3963.361      68.1     0.846     -0.98                                        
  3963.362      25.0     5.108     -3.47                                        
  3963.365      58.1     0.608     -1.09                                 LAWLER 
  3963.368      24.0     3.077     -2.83                                        
  3963.430      26.0     3.271     -2.21                                        
  3963.434      25.0     4.191     -1.36                                        
  3963.468      90.1     1.286     -1.53                                        
  3963.486      22.0     2.101     -1.59                                        
  3963.522      42.0     3.300     -0.98                                        
  3963.530      25.0     4.191     -2.40                                        
  3963.604      63.0     1.976     -0.06                                        
  3963.619      76.0     0.515     -1.51                                        
  3963.645      64.1     1.405     -0.12                                        
  3963.690      24.0     2.542      0.62                                 SOBECK 
  3963.725      23.0     2.682     -4.47                               KURNOHFS 
  3963.770      21.0     4.494     -3.32                                        
  3963.786      40.0     2.022      0.07                                        
  3963.806      66.1     1.652     -0.41                                        
  3963.888      25.0     4.662     -3.34                                        
  3963.900   27.0059     3.629     -4.74                                 KURHFS 
  3963.904   27.0059     3.629     -4.46                                 KURHFS 
  3963.904   27.0059     3.629     -4.74                                 KURHFS 
  3963.904   27.0059     3.629     -5.76                                 KURHFS 
  3963.910      60.1     0.630     -0.37                                 LAWLER 
  3963.912   27.0059     3.629     -4.32                                 KURHFS 
  3963.912   27.0059     3.629     -4.46                                 KURHFS 
  3963.912   27.0059     3.629     -5.06                                 KURHFS 
  3963.924   27.0059     3.629     -4.26                                 KURHFS 
  3963.924   27.0059     3.629     -4.32                                 KURHFS 
  3963.924   27.0059     3.629     -4.62                                 KURHFS 
  3963.939   27.0059     3.629     -4.25                                 KURHFS 
  3963.939   27.0059     3.629     -4.26                                 KURHFS 
  3963.939   27.0059     3.629     -4.29                                 KURHFS 
  3963.959   27.0059     3.629     -4.02                                 KURHFS 
  3963.959   27.0059     3.629     -4.25                                 KURHFS 
  3963.959   27.0059     3.629     -4.32                                 KURHFS 
  3963.980      24.0     3.665     -2.07                                        
  3963.981      42.0     3.300     -0.84                                        
  3963.983   27.0059     3.629     -3.80                                 KURHFS 
  3963.983   27.0059     3.629     -4.32                                 KURHFS 
  3963.983   27.0059     3.629     -4.52                                 KURHFS 
  3963.991      26.0     3.015     -6.09                                        
  3964.005      24.0     3.011     -2.20                                        
  3964.010   27.0059     3.629     -3.62                                 KURHFS 
  3964.010   27.0059     3.629     -4.52                                 KURHFS 
  3964.031      26.0     4.280     -3.94                                        
  3964.080      62.1     0.040     -2.26                                 LAWLER 
  3964.103      74.1     2.750     -1.56                                        
  3964.165      29.0     5.684     -1.70                                        
  3964.169      28.0     3.652     -1.01                                        
  3964.170      60.1     0.380     -1.13                                 LAWLER 
  3964.182      58.1     1.580      0.25                                        
  3964.183      22.0     1.979     -4.16                                        
  3964.207      92.0     0.774      0.32                                        
  3964.260      59.1     0.216     -0.23                                LINOHFS 
  3964.269      22.0     0.021     -1.18                                        
  3964.327      24.1     2.704     -4.67                                        
  3964.328      24.0     4.385     -3.69                                        
  3964.345      24.0     2.985     -4.02                                        
  3964.388      24.1     4.981     -5.80                                        
  3964.429      21.0     2.562     -3.69                               KURNOHFS 
  3964.433   27.0059     3.710     -3.02                                 KURHFS 
  3964.433   27.0059     3.710     -3.28                                 KURHFS 
  3964.441   27.0059     3.710     -2.82                                 KURHFS 
  3964.441   27.0059     3.710     -3.02                                 KURHFS 
  3964.441   27.0059     3.710     -4.93                                 KURHFS 
  3964.453   27.0059     3.710     -2.76                                 KURHFS 
  3964.453   27.0059     3.710     -2.82                                 KURHFS 
  3964.453   27.0059     3.710     -3.69                                 KURHFS 
  3964.469   27.0059     3.710     -2.76                                 KURHFS 
  3964.469   27.0059     3.710     -2.79                                 KURHFS 
  3964.469   27.0059     3.710     -2.97                                 KURHFS 
  3964.481      24.0     2.542     -5.03                                        
  3964.487      23.0     2.123     -1.05                               KURNOHFS 
  3964.488   27.0059     3.710     -2.56                                 KURHFS 
  3964.488   27.0059     3.710     -2.79                                 KURHFS 
  3964.488   27.0059     3.710     -2.97                                 KURHFS 
  3964.496      58.1     0.322     -0.65                                 LAWLER 
  3964.505      68.0     0.624     -0.45                                        
  3964.512   27.0059     3.710     -2.27                                 KURHFS 
  3964.512   27.0059     3.710     -2.97                                 KURHFS 
  3964.515      26.0     2.843     -1.55                                        
  3964.577      24.1     2.704     -4.96                                        
  3964.579      26.1     2.776     -3.93                                        
  3964.626   23.0051     1.847     -5.96                                 KURHFS 
  3964.626   23.0051     1.847     -6.10                                 KURHFS 
  3964.626   23.0051     1.847     -6.10                                 KURHFS 
  3964.626   23.0051     1.847     -6.38                                 KURHFS 
  3964.626   23.0051     1.847     -6.38                                 KURHFS 
  3964.626   23.0051     1.847     -6.70                                 KURHFS 
  3964.626   23.0051     1.847     -7.40                                 KURHFS 
  3964.627   23.0051     1.847     -5.89                                 KURHFS 
  3964.627   23.0051     1.847     -5.90                                 KURHFS 
  3964.627   23.0051     1.847     -5.90                                 KURHFS 
  3964.627   23.0051     1.847     -5.92                                 KURHFS 
  3964.627   23.0051     1.847     -5.96                                 KURHFS 
  3964.627   23.0051     1.847     -6.25                                 KURHFS 
  3964.628   23.0051     1.847     -5.66                                 KURHFS 
  3964.628   23.0051     1.847     -5.89                                 KURHFS 
  3964.628   23.0051     1.847     -5.95                                 KURHFS 
  3964.629   23.0051     1.847     -5.44                                 KURHFS 
  3964.629   23.0051     1.847     -5.95                                 KURHFS 
  3964.629   23.0051     1.847     -6.16                                 KURHFS 
  3964.631   23.0051     1.847     -5.25                                 KURHFS 
  3964.631   23.0051     1.847     -6.16                                 KURHFS 
  3964.643      24.0     3.011     -2.60                                        
  3964.660      41.0     1.169     -1.33                                        
  3964.664      92.1     0.888     -0.62                                        
  3964.731   59.1141     0.055     -0.92                                 IV/LAW 
  3964.731   59.1141     0.055     -0.97                                 LI/LAW 
  3964.738      24.0     4.443     -1.00                                        
  3964.751   59.1141     0.055     -0.84                                 IV/LAW 
  3964.751   59.1141     0.055     -0.89                                 LI/LAW 
  3964.766   59.1141     0.055     -1.83                                 IV/LAW 
  3964.766   59.1141     0.055     -1.88                                 LI/LAW 
  3964.777   59.1141     0.055     -0.75                                 IV/LAW 
  3964.777   59.1141     0.055     -0.81                                 LI/LAW 
  3964.796   59.1141     0.055     -1.63                                 IV/LAW 
  3964.796   59.1141     0.055     -1.69                                 LI/LAW 
  3964.803      24.0     3.102     -2.94                                        
  3964.809      75.0     2.968     -0.57                                        
  3964.810   59.1141     0.055     -0.67                                 IV/LAW 
  3964.810   59.1141     0.055     -0.72                                 LI/LAW 
  3964.811   59.1141     0.055     -3.24                                 IV/LAW 
  3964.811   59.1141     0.055     -3.30                                 LI/LAW 
  3964.832   59.1141     0.055     -1.58                                 IV/LAW 
  3964.832   59.1141     0.055     -1.63                                 LI/LAW 
  3964.834      44.0     0.000     -1.90                                        
  3964.849   59.1141     0.055     -0.59                                 IV/LAW 
  3964.849   59.1141     0.055     -0.64                                 LI/LAW 
  3964.851   59.1141     0.055     -3.08                                 IV/LAW 
  3964.851   59.1141     0.055     -3.13                                 LI/LAW 
  3964.855      25.1     6.653     -4.10                                        
  3964.865      90.1     1.286     -1.28                                        
  3964.875   59.1141     0.055     -1.63                                 IV/LAW 
  3964.875   59.1141     0.055     -1.68                                 LI/LAW 
  3964.895   59.1141     0.055     -0.52                                 IV/LAW 
  3964.895   59.1141     0.055     -0.57                                 LI/LAW 
  3964.897   59.1141     0.055     -3.15                                 IV/LAW 
  3964.897   59.1141     0.055     -3.20                                 LI/LAW 
  3964.897      63.1     1.278     -1.41                                        
  3964.901   23.0051     2.314     -4.21                                 KURHFS 
  3964.901   23.0051     2.314     -4.78                                 KURHFS 
  3964.902   23.0051     2.314     -4.18                                 KURHFS 
  3964.902   23.0051     2.314     -4.55                                 KURHFS 
  3964.902   23.0051     2.314     -4.78                                 KURHFS 
  3964.903   23.0051     2.314     -4.10                                 KURHFS 
  3964.903   23.0051     2.314     -4.46                                 KURHFS 
  3964.903   23.0051     2.314     -4.55                                 KURHFS 
  3964.905   23.0051     2.314     -3.99                                 KURHFS 
  3964.905   23.0051     2.314     -4.42                                 KURHFS 
  3964.905   23.0051     2.314     -4.46                                 KURHFS 
  3964.907   23.0051     2.314     -3.88                                 KURHFS 
  3964.907   23.0051     2.314     -4.42                                 KURHFS 
  3964.907   23.0051     2.314     -4.44                                 KURHFS 
  3964.909   23.0051     2.314     -3.77                                 KURHFS 
  3964.909   23.0051     2.314     -4.44                                 KURHFS 
  3964.909   23.0051     2.314     -4.53                                 KURHFS 
  3964.912   23.0051     2.314     -3.66                                 KURHFS 
  3964.912   23.0051     2.314     -4.53                                 KURHFS 
  3964.912   23.0051     2.314     -4.75                                 KURHFS 
  3964.913      24.0     2.706     -5.72                                        
  3964.915   23.0051     2.314     -3.55                                 KURHFS 
  3964.915   23.0051     2.314     -4.75                                 KURHFS 
  3964.924   59.1141     0.055     -1.82                                 IV/LAW 
  3964.924   59.1141     0.055     -1.87                                 LI/LAW 
  3964.931   27.0059     1.048     -4.53                                 KURHFS 
  3964.931   27.0059     1.048     -4.78                                 KURHFS 
  3964.941      72.1     2.209     -0.44                                        
  3964.942   27.0059     1.048     -4.33                                 KURHFS 
  3964.942   27.0059     1.048     -4.53                                 KURHFS 
  3964.942   27.0059     1.048     -6.43                                 KURHFS 
  3964.950   59.1141     0.055     -3.47                                 IV/LAW 
  3964.950   59.1141     0.055     -3.52                                 LI/LAW 
  3964.953   23.0051     2.121     -9.30                                 KURHFS 
  3964.954   23.0051     2.121     -9.04                                 KURHFS 
  3964.954   23.0051     2.121     -9.24                                 KURHFS 
  3964.956      76.0     0.340     -2.70                                        
  3964.957   23.0051     2.121     -8.84                                 KURHFS 
  3964.957   23.0051     2.121     -9.04                                 KURHFS 
  3964.957   23.0051     2.121     -9.94                                 KURHFS 
  3964.960   27.0059     1.048     -4.26                                 KURHFS 
  3964.960   27.0059     1.048     -4.33                                 KURHFS 
  3964.960   27.0059     1.048     -5.19                                 KURHFS 
  3964.961   23.0051     2.121     -8.67                                 KURHFS 
  3964.961   23.0051     2.121     -8.94                                 KURHFS 
  3964.961   23.0051     2.121     -9.78                                 KURHFS 
  3964.961      92.1     0.000     -1.68                                        
  3964.967   23.0051     2.121     -8.52                                 KURHFS 
  3964.967   23.0051     2.121     -8.89                                 KURHFS 
  3964.967   23.0051     2.121     -9.78                                 KURHFS 
  3964.972      22.0     2.015     -4.14                                        
  3964.974   23.0051     2.121     -8.39                                 KURHFS 
  3964.974   23.0051     2.121     -8.89                                 KURHFS 
  3964.974   23.0051     2.121     -9.88                                 KURHFS 
  3964.983   23.0051     2.121    -10.08                                 KURHFS 
  3964.983   23.0051     2.121     -8.28                                 KURHFS 
  3964.983   23.0051     2.121     -8.97                                 KURHFS 
  3964.983   27.0059     1.048     -4.26                                 KURHFS 
  3964.983   27.0059     1.048     -4.29                                 KURHFS 
  3964.983   27.0059     1.048     -4.47                                 KURHFS 
  3964.993   23.0051     2.121    -10.48                                 KURHFS 
  3964.993   23.0051     2.121     -8.17                                 KURHFS 
  3964.993   23.0051     2.121     -9.18                                 KURHFS 
  3964.995      74.0     0.771     -2.33                                        
  3965.013   27.0059     1.048     -4.07                                 KURHFS 
  3965.013   27.0059     1.048     -4.29                                 KURHFS 
  3965.013   27.0059     1.048     -4.47                                 KURHFS 
  3965.028      24.0     2.542     -4.75                                        
  3965.047   27.0059     1.048     -3.78                                 KURHFS 
  3965.047   27.0059     1.048     -4.47                                 KURHFS 
  3965.054      64.0     0.896     -0.29                                        
  3965.141      74.0     2.785      0.32                                        
  3965.176   59.1141     0.204     -0.81                                 LI/LAW 
  3965.176   59.1141     0.204     -0.85                                 IV/LAW 
  3965.193      12.0     4.343     -3.41                                        
  3965.197   27.0059     0.922     -5.24                                 KURHFS 
  3965.197   59.1141     0.204     -0.74                                 LI/LAW 
  3965.197   59.1141     0.204     -0.79                                 IV/LAW 
  3965.199   27.0059     0.922     -4.95                                 KURHFS 
  3965.199   27.0059     0.922     -5.21                                 KURHFS 
  3965.203   27.0059     0.922     -4.76                                 KURHFS 
  3965.203   27.0059     0.922     -5.21                                 KURHFS 
  3965.203   27.0059     0.922     -5.26                                 KURHFS 
  3965.209   27.0059     0.922     -4.67                                 KURHFS 
  3965.209   27.0059     0.922     -4.82                                 KURHFS 
  3965.209   27.0059     0.922     -5.38                                 KURHFS 
  3965.214   59.1141     0.204     -1.90                                 LI/LAW 
  3965.214   59.1141     0.204     -1.95                                 IV/LAW 
  3965.217   27.0059     0.922     -4.56                                 KURHFS 
  3965.217   27.0059     0.922     -4.65                                 KURHFS 
  3965.217   27.0059     0.922     -5.60                                 KURHFS 
  3965.224   59.1141     0.204     -0.67                                 LI/LAW 
  3965.224   59.1141     0.204     -0.72                                 IV/LAW 
  3965.228   27.0059     0.922     -4.37                                 KURHFS 
  3965.228   27.0059     0.922     -4.70                                 KURHFS 
  3965.228   27.0059     0.922     -6.01                                 KURHFS 
  3965.240   27.0059     0.922     -4.20                                 KURHFS 
  3965.240   27.0059     0.922     -4.90                                 KURHFS 
  3965.244   59.1141     0.204     -1.70                                 LI/LAW 
  3965.244   59.1141     0.204     -1.75                                 IV/LAW 
  3965.254   27.0059     0.922     -4.06                                 KURHFS 
  3965.256   59.1141     0.204     -0.60                                 LI/LAW 
  3965.256   59.1141     0.204     -0.65                                 IV/LAW 
  3965.262   59.1141     0.204     -3.47                                 LI/LAW 
  3965.262   59.1141     0.204     -3.52                                 IV/LAW 
  3965.263      26.0     4.217     -2.13                                        
  3965.279   59.1141     0.204     -1.65                                 LI/LAW 
  3965.279   59.1141     0.204     -1.70                                 IV/LAW 
  3965.287      27.0     3.684     -2.17                               KURNOHFS 
  3965.287      42.0     3.209     -1.96                                        
  3965.293   59.1141     0.204     -0.54                                 LI/LAW 
  3965.293   59.1141     0.204     -0.58                                 IV/LAW 
  3965.300   59.1141     0.204     -3.29                                 LI/LAW 
  3965.300   59.1141     0.204     -3.34                                 IV/LAW 
  3965.320   59.1141     0.204     -1.70                                 LI/LAW 
  3965.320   59.1141     0.204     -1.74                                 IV/LAW 
  3965.336   59.1141     0.204     -0.47                                 LI/LAW 
  3965.336   59.1141     0.204     -0.52                                 IV/LAW 
  3965.343   59.1141     0.204     -3.35                                 LI/LAW 
  3965.343   59.1141     0.204     -3.40                                 IV/LAW 
  3965.349      22.1     5.419     -3.84                                        
  3965.349      26.0     4.281     -3.81                                        
  3965.366   59.1141     0.204     -1.90                                 LI/LAW 
  3965.366   59.1141     0.204     -1.94                                 IV/LAW 
  3965.382      23.0     1.871     -2.98                               KURNOHFS 
  3965.393   59.1141     0.204     -3.66                                 LI/LAW 
  3965.393   59.1141     0.204     -3.71                                 IV/LAW 
  3965.395      26.0     4.175     -2.58                                        
  3965.432      30.0     5.791     -2.47                                        
  3965.460      26.0     3.632     -2.78                                        
  3965.468   27.0059     3.620     -2.58                                 KURHFS 
  3965.468   27.0059     3.620     -3.21                                 KURHFS 
  3965.468   27.0059     3.620     -4.07                                 KURHFS 
  3965.507      22.0     1.967     -5.59                                        
  3965.509      26.0     3.239     -1.78                                        
  3965.513   27.0059     3.620     -2.80                                 KURHFS 
  3965.513   27.0059     3.620     -3.05                                 KURHFS 
  3965.513   27.0059     3.620     -3.64                                 KURHFS 
  3965.524   23.0051     1.954     -5.86                                 KURHFS 
  3965.524   23.0051     1.954     -6.05                                 KURHFS 
  3965.529   23.0051     1.954     -5.83                                 KURHFS 
  3965.529   23.0051     1.954     -5.84                                 KURHFS 
  3965.529   23.0051     1.954     -6.05                                 KURHFS 
  3965.537   23.0051     1.954     -5.71                                 KURHFS 
  3965.537   23.0051     1.954     -5.73                                 KURHFS 
  3965.537   23.0051     1.954     -5.83                                 KURHFS 
  3965.548   23.0051     1.954     -5.54                                 KURHFS 
  3965.548   23.0051     1.954     -5.69                                 KURHFS 
  3965.548   23.0051     1.954     -5.73                                 KURHFS 
  3965.550   27.0059     3.620     -3.05                                 KURHFS 
  3965.550   27.0059     3.620     -3.08                                 KURHFS 
  3965.550   27.0059     3.620     -3.39                                 KURHFS 
  3965.561   23.0051     1.954     -5.37                                 KURHFS 
  3965.561   23.0051     1.954     -5.69                                 KURHFS 
  3965.561   23.0051     1.954     -5.70                                 KURHFS 
  3965.577   23.0051     1.954     -5.21                                 KURHFS 
  3965.577   23.0051     1.954     -5.70                                 KURHFS 
  3965.577   23.0051     1.954     -5.77                                 KURHFS 
  3965.577   27.0059     3.620     -3.22                                 KURHFS 
  3965.577   27.0059     3.620     -3.22                                 KURHFS 
  3965.577   27.0059     3.620     -3.52                                 KURHFS 
  3965.583      26.0     4.253     -2.22                                        
  3965.596   23.0051     1.954     -5.06                                 KURHFS 
  3965.596   23.0051     1.954     -5.77                                 KURHFS 
  3965.596   23.0051     1.954     -5.99                                 KURHFS 
  3965.617   23.0051     1.954     -4.93                                 KURHFS 
  3965.617   23.0051     1.954     -5.99                                 KURHFS 
  3965.673   23.0051     1.847     -2.50                                 KURHFS 
  3965.673   23.0051     1.847     -2.75                                 KURHFS 
  3965.673   23.0051     1.847     -2.79                                 KURHFS 
  3965.674   23.0051     1.847     -2.22                                 KURHFS 
  3965.674   23.0051     1.847     -2.31                                 KURHFS 
  3965.674   23.0051     1.847     -2.37                                 KURHFS 
  3965.674   23.0051     1.847     -2.75                                 KURHFS 
  3965.674   23.0051     1.847     -2.81                                 KURHFS 
  3965.674   23.0051     1.847     -2.93                                 KURHFS 
  3965.675   23.0051     1.847     -2.11                                 KURHFS 
  3965.675   23.0051     1.847     -2.20                                 KURHFS 
  3965.675   23.0051     1.847     -3.15                                 KURHFS 
  3965.676   23.0051     1.847     -1.91                                 KURHFS 
  3965.676   23.0051     1.847     -2.25                                 KURHFS 
  3965.676   23.0051     1.847     -3.56                                 KURHFS 
  3965.677   23.0051     1.847     -1.75                                 KURHFS 
  3965.677   23.0051     1.847     -2.45                                 KURHFS 
  3965.678   23.0051     1.847     -1.61                                 KURHFS 
  3965.678      42.0     2.834     -1.77                                        
  3965.684      41.0     0.739     -0.89                                        
  3965.720      26.0     3.879     -1.77                                        
  3965.736      27.0     2.716     -3.01                               KURNOHFS 
  3965.753      42.0     2.062     -1.99                                        
  3965.831      26.0     2.422     -3.55                                        
  3965.916      26.0     4.206     -0.63                                        
  3965.921      24.0     4.444     -0.60                                        
  3965.924   27.0059     3.626     -3.33                                 KURHFS 
  3965.924   27.0059     3.626     -3.40                                 KURHFS 
  3965.924   27.0059     3.626     -4.03                                 KURHFS 
  3965.929   27.0059     3.626     -3.13                                 KURHFS 
  3965.929   27.0059     3.626     -3.13                                 KURHFS 
  3965.929   27.0059     3.626     -3.87                                 KURHFS 
  3965.934      24.0     2.706     -7.82                                        
  3965.937   27.0059     3.626     -2.93                                 KURHFS 
  3965.937   27.0059     3.626     -3.03                                 KURHFS 
  3965.937   27.0059     3.626     -3.87                                 KURHFS 
  3965.940      65.1     1.149     -0.31                               LAWNOHFS 
  3965.948   27.0059     3.626     -2.76                                 KURHFS 
  3965.948   27.0059     3.626     -2.98                                 KURHFS 
  3965.948   27.0059     3.626     -3.97                                 KURHFS 
  3965.962   27.0059     3.626     -2.61                                 KURHFS 
  3965.962   27.0059     3.626     -2.99                                 KURHFS 
  3965.962   27.0059     3.626     -4.17                                 KURHFS 
  3965.978   27.0059     3.626     -2.48                                 KURHFS 
  3965.978   27.0059     3.626     -3.06                                 KURHFS 
  3965.978   27.0059     3.626     -4.57                                 KURHFS 
  3965.998   27.0059     3.626     -2.37                                 KURHFS 
  3965.998   27.0059     3.626     -3.27                                 KURHFS 
  3966.020   27.0059     3.626     -2.26                                 KURHFS 
  3966.032      22.0     0.818     -4.02                                        
  3966.050      62.1     0.248     -0.90                                 LAWLER 
  3966.052      27.0     4.146     -0.54                                        
  3966.062      26.0     1.607     -1.64                                        
  3966.081      24.0     2.706     -7.27                                        
  3966.087      41.0     1.504      0.43                                        
  3966.104      77.0     1.605     -1.84                                        
  3966.109      26.0     4.257     -4.25                                        
  3966.121      22.0     2.316     -6.16                                        
  3966.128      26.1     4.476     -3.27                                        
  3966.187      24.0     0.000     -7.05                                        
  3966.229      42.0     2.521     -1.78                                        
  3966.276      64.0     0.213     -0.27                                        
  3966.330      62.1     0.543     -1.45                                 LAWLER 
  3966.342   27.0059     2.079     -4.39                                 KURHFS 
  3966.351      66.0     1.488      0.37                                        
  3966.352      68.0     1.332      0.76                                        
  3966.356   27.0059     2.079     -4.39                                 KURHFS 
  3966.356   27.0059     2.079     -4.57                                 KURHFS 
  3966.360      78.0     1.250     -1.64                               LAWNOHFS 
  3966.374      24.0     3.085     -2.99                                        
  3966.378   27.0059     2.079     -4.23                                 KURHFS 
  3966.378   27.0059     2.079     -4.69                                 KURHFS 
  3966.378   27.0059     2.079     -4.82                                 KURHFS 
  3966.407   27.0059     2.079     -4.22                                 KURHFS 
  3966.407   27.0059     2.079     -4.25                                 KURHFS 
  3966.407   27.0059     2.079     -5.25                                 KURHFS 
  3966.426      26.1     1.723     -5.53                                        
  3966.443   27.0059     2.079     -3.97                                 KURHFS 
  3966.443   27.0059     2.079     -4.38                                 KURHFS 
  3966.483      26.0     3.298     -4.41                                        
  3966.487   27.0059     2.079     -3.75                                 KURHFS 
  3966.488      26.0     4.253     -2.29                                        
  3966.490   59.1141     0.371     -0.96                                 IV/LAW 
  3966.490   59.1141     0.371     -1.08                                 LI/LAW 
  3966.499      26.0     3.289     -0.81                                        
  3966.514   59.1141     0.371     -0.90                                 IV/LAW 
  3966.514   59.1141     0.371     -1.03                                 LI/LAW 
  3966.532   59.1141     0.371     -2.20                                 IV/LAW 
  3966.532   59.1141     0.371     -2.32                                 LI/LAW 
  3966.541   59.1141     0.371     -0.84                                 IV/LAW 
  3966.541   59.1141     0.371     -0.97                                 LI/LAW 
  3966.543      26.0     3.544     -1.64                                        
  3966.546      28.0     3.838     -3.51                                        
  3966.549      92.1     1.044     -0.07                                        
  3966.553      26.0     3.298     -3.73                                        
  3966.563   59.1141     0.371     -2.00                                 IV/LAW 
  3966.563   59.1141     0.371     -2.12                                 LI/LAW 
  3966.574   59.1141     0.371     -0.78                                 IV/LAW 
  3966.574   59.1141     0.371     -0.91                                 LI/LAW 
  3966.581   59.1141     0.371     -3.90                                 IV/LAW 
  3966.581   59.1141     0.371     -4.03                                 LI/LAW 
  3966.598   59.1141     0.371     -1.95                                 IV/LAW 
  3966.598   59.1141     0.371     -2.07                                 LI/LAW 
  3966.611   59.1141     0.371     -0.73                                 IV/LAW 
  3966.611   59.1141     0.371     -0.85                                 LI/LAW 
  3966.614      26.0     2.756     -0.90                                        
  3966.619   59.1141     0.371     -3.71                                 IV/LAW 
  3966.619   59.1141     0.371     -3.84                                 LI/LAW 
  3966.628      26.0     3.209     -0.36                                        
  3966.638   59.1141     0.371     -2.00                                 IV/LAW 
  3966.638   59.1141     0.371     -2.12                                 LI/LAW 
  3966.653      40.0     0.154     -0.98                                        
  3966.653   59.1141     0.371     -0.67                                 IV/LAW 
  3966.653   59.1141     0.371     -0.80                                 LI/LAW 
  3966.662   59.1141     0.371     -3.77                                 IV/LAW 
  3966.662   59.1141     0.371     -3.89                                 LI/LAW 
  3966.672      26.0     4.151     -4.34                                        
  3966.683   59.1141     0.371     -2.19                                 IV/LAW 
  3966.683   59.1141     0.371     -2.32                                 LI/LAW 
  3966.709   59.1141     0.371     -4.07                                 IV/LAW 
  3966.709   59.1141     0.371     -4.20                                 LI/LAW 
  3966.751      24.0     2.887     -5.79                                        
  3966.807      21.0     1.849     -4.94                               KURNOHFS 
  3966.811      26.0     3.298     -1.95                                        
  3966.849      24.0     2.542     -5.92                                        
  3966.860      64.1     0.425     -1.86                                 LAWLER 
  3966.946      26.0     3.600     -4.64                                        
  3966.975   27.0059     2.135     -7.65                                 KURHFS 
  3966.978      24.0     3.842     -2.83                                        
  3966.980   27.0059     2.135     -7.37                                 KURHFS 
  3966.980   27.0059     2.135     -7.62                                 KURHFS 
  3966.989   27.0059     2.135     -7.18                                 KURHFS 
  3966.989   27.0059     2.135     -7.62                                 KURHFS 
  3966.989   27.0059     2.135     -7.67                                 KURHFS 
  3967.002   27.0059     2.135     -7.09                                 KURHFS 
  3967.002   27.0059     2.135     -7.24                                 KURHFS 
  3967.002   27.0059     2.135     -7.80                                 KURHFS 
  3967.020   27.0059     2.135     -6.98                                 KURHFS 
  3967.020   27.0059     2.135     -7.07                                 KURHFS 
  3967.020   27.0059     2.135     -8.02                                 KURHFS 
  3967.040      24.0     2.707     -4.69                                        
  3967.042   27.0059     2.135     -6.78                                 KURHFS 
  3967.042   27.0059     2.135     -7.12                                 KURHFS 
  3967.042   27.0059     2.135     -8.43                                 KURHFS 
  3967.042      58.1     0.326     -0.35                                 LAWLER 
  3967.050      27.1     5.204     -5.49                                        
  3967.055      60.1     0.182     -1.19                                        
  3967.068   27.0059     2.135     -6.62                                 KURHFS 
  3967.068   27.0059     2.135     -7.32                                 KURHFS 
  3967.099   27.0059     2.135     -6.48                                 KURHFS 
  3967.128      26.0     3.263     -4.25                                        
  3967.142      24.0     3.008     -3.38                                        
  3967.169      63.0     1.743     -0.12                                        
  3967.173      58.1     0.674     -0.58                                 LAWLER 
  3967.186      24.0     2.707     -4.00                                        
  3967.193      24.0     3.963     -3.54                                        
  3967.220      65.1     0.373     -1.00                               LAWNOHFS 
  3967.248      23.1     6.334     -3.64                                        
  3967.311   23.0051     2.136     -5.10                                 KURHFS 
  3967.311   23.0051     2.136     -5.67                                 KURHFS 
  3967.318   23.0051     2.136     -5.08                                 KURHFS 
  3967.318   23.0051     2.136     -5.45                                 KURHFS 
  3967.318   23.0051     2.136     -5.67                                 KURHFS 
  3967.328   23.0051     2.136     -4.99                                 KURHFS 
  3967.328   23.0051     2.136     -5.35                                 KURHFS 
  3967.328   23.0051     2.136     -5.45                                 KURHFS 
  3967.340   23.0051     2.136     -4.89                                 KURHFS 
  3967.340   23.0051     2.136     -5.32                                 KURHFS 
  3967.340   23.0051     2.136     -5.35                                 KURHFS 
  3967.355   23.0051     2.136     -4.78                                 KURHFS 
  3967.355   23.0051     2.136     -5.32                                 KURHFS 
  3967.355   23.0051     2.136     -5.34                                 KURHFS 
  3967.372   23.0051     2.136     -4.66                                 KURHFS 
  3967.372   23.0051     2.136     -5.34                                 KURHFS 
  3967.372   23.0051     2.136     -5.42                                 KURHFS 
  3967.388      28.0     0.275     -6.36                                        
  3967.391   23.0051     2.136     -4.55                                 KURHFS 
  3967.391   23.0051     2.136     -5.42                                 KURHFS 
  3967.391   23.0051     2.136     -5.64                                 KURHFS 
  3967.392      90.0     0.615     -0.18                                        
  3967.396      75.0     2.745     -0.37                                        
  3967.413   23.0051     2.136     -4.44                                 KURHFS 
  3967.413   23.0051     2.136     -5.64                                 KURHFS 
  3967.421      26.0     3.299     -0.41                                        
  3967.431      58.1     0.904     -1.62                                 LAWLER 
  3967.463      92.0     0.077     -0.83                                        
  3967.506      26.0     3.571     -2.46                                        
  3967.508      66.0     0.937      0.29                                        
  3967.533      58.1     1.205     -0.26                                        
  3967.546      24.1     4.771     -3.40                                        
  3967.653      26.0     4.183     -3.52                                        
  3967.670      62.1     0.659     -0.72                                 LAWLER 
  3967.672      39.1     4.130      0.20                                        
  3967.714      60.1     0.320     -0.96                                        
  3967.767      26.0     4.217     -2.27                                        
  3967.828      21.0     4.602     -2.80                                        
  3967.943      22.0     1.872     -4.27                                        
  3967.961      26.0     3.239     -0.87                                        
  3967.966      23.0     2.330     -3.71                               KURNOHFS 
