Mo I     3864.1      line list
  3861.024      26.0     2.174     -3.27                                        
  3861.028 607.01214     2.299     -0.55               7.650                    
  3861.062 607.01214     0.760     -0.15               7.650                    
  3861.069      74.0     1.855     -0.89                                        
  3861.073 607.01214     4.087     -4.44               7.650                    
  3861.079      22.0     1.979     -1.12                                        
  3861.099 607.01214     2.299     -0.56               7.650                    
  3861.110 607.01214     0.745     -3.47               7.650                    
  3861.112   27.0059     1.048     -2.95                                 KURHFS 
  3861.120 607.01214     0.630     -3.33               7.650                    
  3861.124   27.0059     1.048     -2.52                                 KURHFS 
  3861.127 607.01214     1.092     -3.67               7.650                    
  3861.135   27.0059     1.048     -2.27                                 KURHFS 
  3861.140   27.0059     1.048     -2.08                                 KURHFS 
  3861.144   27.0059     1.048     -2.09                                 KURHFS 
  3861.144 607.01214     0.745     -0.15               7.650                    
  3861.145 607.01214     0.630     -0.29               7.650                    
  3861.146   27.0059     1.048     -1.92                                 KURHFS 
  3861.147 607.01214     4.369     -1.45               7.650                    
  3861.147      64.1     1.614     -0.01                                        
  3861.152   27.0059     1.048     -1.93                                 KURHFS 
  3861.155   27.0059     1.048     -2.09                                 KURHFS 
  3861.159 607.01214     4.087     -0.17               7.650                    
  3861.160      23.1     6.160     -2.25                                        
  3861.172   27.0059     1.048     -1.46                                 KURHFS 
  3861.172   27.0059     1.048     -2.40                                 KURHFS 
  3861.174   27.0059     1.048     -1.67                                 KURHFS 
  3861.174   27.0059     1.048     -1.96                                 KURHFS 
  3861.192 607.01214     1.092      0.19               7.650                    
  3861.195 607.01214     3.835     -4.45               7.650                    
  3861.196 607.01214     0.745     -0.17               7.650                    
  3861.199      25.1     7.047     -4.62                                        
  3861.225 607.01214     0.730     -3.46               7.650                    
  3861.238      74.0     1.507     -1.54                                        
  3861.246 607.01214     0.254     -1.05               7.650                    
  3861.247 607.01214     0.254     -1.21               7.650                    
  3861.250 607.01214     0.254     -2.35               7.650                    
  3861.258 607.01214     0.730     -0.17               7.650                    
  3861.262 607.01214     3.835     -0.38               7.650                    
  3861.265 607.01214     0.640     -3.35               7.650                    
  3861.280 607.01214     1.092      0.19               7.650                    
  3861.287      42.1     4.163     -1.00                                        
  3861.291 607.01214     0.641     -0.28               7.650                    
  3861.303      22.0     2.115     -4.76                                        
  3861.306      59.1     1.009     -0.44                                        
  3861.308 607.01214     0.730     -0.18               7.650                    
  3861.319 607.01214     0.716     -3.44               7.650                    
  3861.333      26.0     3.271     -1.15                                        
  3861.344      26.0     2.690     -1.81                                        
  3861.351 607.01214     0.716     -0.18               7.650                    
  3861.391 607.01214     0.702     -3.43               7.650                    
  3861.399 607.01214     0.716     -0.20               7.650                    
  3861.404      22.0     2.248     -4.04                                        
  3861.422 607.01214     0.702     -0.20               7.650                    
  3861.423 607.01214     4.087     -0.18               7.650                    
  3861.435 607.01214     3.224     -0.43               7.650                    
  3861.441 607.01214     0.630     -0.31               7.650                    
  3861.443 607.01214     0.689     -3.41               7.650                    
  3861.469 607.01214     0.652     -3.37               7.650                    
  3861.469 607.01214     0.702     -0.21               7.650                    
  3861.473 607.01214     0.676     -3.40               7.650                    
  3861.473 607.01214     0.689     -0.21               7.650                    
  3861.480 607.01214     2.188     -0.85               7.650                    
  3861.482 607.01214     0.664     -3.38               7.650                    
  3861.496 607.01214     0.652     -0.26               7.650                    
  3861.499 607.01214     0.640     -0.29               7.650                    
  3861.500 607.01214     3.835     -0.38               7.650                    
  3861.502 607.01214     0.676     -0.23               7.650                    
  3861.509 607.01214     0.664     -0.24               7.650                    
  3861.514   23.0051     1.954     -3.45                                 KURHFS 
  3861.517 607.01214     2.188     -0.89               7.650                    
  3861.518 607.01214     0.689     -0.23               7.650                    
  3861.519   23.0051     1.954     -3.33                                 KURHFS 
  3861.519   23.0051     1.954     -3.90                                 KURHFS 
  3861.526      27.0     3.250     -4.72                               KURNOHFS 
  3861.527   23.0051     1.954     -3.21                                 KURHFS 
  3861.527   23.0051     1.954     -3.69                                 KURHFS 
  3861.527   23.0051     1.954     -4.90                                 KURHFS 
  3861.527 607.01214     2.188     -3.33               7.650                    
  3861.536 607.01214     0.652     -0.28               7.650                    
  3861.537   23.0051     1.954     -3.10                                 KURHFS 
  3861.537   23.0051     1.954     -3.60                                 KURHFS 
  3861.537   23.0051     1.954     -4.70                                 KURHFS 
  3861.545 607.01214     0.676     -0.24               7.650                    
  3861.550   23.0051     1.954     -3.00                                 KURHFS 
  3861.550   23.0051     1.954     -3.56                                 KURHFS 
  3861.550   23.0051     1.954     -4.67                                 KURHFS 
  3861.551 607.01214     0.664     -0.26               7.650                    
  3861.551 607.01214     3.224     -0.45               7.650                    
  3861.555 607.01214     0.072     -0.23               7.650                    
  3861.565   23.0051     1.954     -2.90                                 KURHFS 
  3861.565   23.0051     1.954     -3.58                                 KURHFS 
  3861.565   23.0051     1.954     -4.75                                 KURHFS 
  3861.568 607.01214     2.464     -0.65               7.650                    
  3861.575 607.01214     3.224     -3.73               7.650                    
  3861.583   23.0051     1.954     -2.81                                 KURHFS 
  3861.583   23.0051     1.954     -3.66                                 KURHFS 
  3861.583   23.0051     1.954     -4.94                                 KURHFS 
  3861.583 607.01214     0.072     -0.26               7.650                    
  3861.590      62.1     0.434     -1.72                                 LAWLER 
  3861.591      26.0     3.298     -1.19                                        
  3861.602 607.01214     0.072     -3.06               7.650                    
  3861.603   23.0051     1.954     -2.73                                 KURHFS 
  3861.603   23.0051     1.954     -3.88                                 KURHFS 
  3861.603   23.0051     1.954     -5.33                                 KURHFS 
  3861.617      23.0     1.802     -1.50                               KURNOHFS 
  3861.633 607.01214     2.464     -0.67               7.650                    
  3861.650 607.01214     2.464     -3.56               7.650                    
  3861.672      25.0     4.824     -1.47                                        
  3861.675 607.01214     4.415     -4.46               7.650                    
  3861.689 607.01214     1.243     -3.67               7.650                    
  3861.713 607.01214     2.580     -3.74               7.650                    
  3861.739   29.0063     3.814     -3.06                                 KURHFS 
  3861.739   29.0065     3.814     -3.06                                 KURHFS 
  3861.739 607.01214     2.580     -0.47               7.650                    
  3861.740   29.0065     3.814     -2.67                                 KURHFS 
  3861.740   29.0065     3.814     -3.37                                 KURHFS 
  3861.741   29.0063     3.814     -2.67                                 KURHFS 
  3861.741   29.0063     3.814     -3.37                                 KURHFS 
  3861.742 607.01214     4.490     -0.67               7.650                    
  3861.743   29.0063     3.814     -2.67                                 KURHFS 
  3861.743   29.0063     3.814     -2.67                                 KURHFS 
  3861.743   29.0065     3.814     -2.67                                 KURHFS 
  3861.743   29.0065     3.814     -2.67                                 KURHFS 
  3861.745   29.0063     3.814     -2.22                                 KURHFS 
  3861.746   29.0065     3.814     -2.22                                 KURHFS 
  3861.749      26.0     3.069     -7.65                                        
  3861.764      20.0     5.041     -1.26                                        
  3861.770 607.01214     1.065     -3.66               7.650                    
  3861.770 607.01214     1.243      0.36               7.650                    
  3861.775 607.01214     4.415     -0.08               7.650                    
  3861.826      22.0     2.479     -4.37                                        
  3861.830      42.0     3.221     -1.46                                        
  3861.830 607.01214     2.580     -0.49               7.650                    
  3861.833 607.01214     1.065      0.19               7.650                    
  3861.864 607.01214     0.254     -1.21               7.650                    
  3861.864 607.01214     1.243      0.36               7.650                    
  3861.866 607.01214     0.253     -1.46               7.650                    
  3861.867 607.01214     0.254     -2.16               7.650                    
  3861.878      27.0     3.663     -2.08                               KURNOHFS 
  3861.920 607.01214     1.065      0.18               7.650                    
  3861.984 607.01214     3.473     -3.66               7.650                    
  3861.993 607.01214     3.473     -1.34               7.650                    
  3861.998 607.01214     4.490     -0.67               7.650                    
  3862.031 607.01214     3.473     -1.39               7.650                    
  3862.031 607.01214     4.350     -1.86               7.650                    
  3862.039 607.01214     3.528     -3.78               7.650                    
  3862.048 607.01214     4.490     -4.61               7.650                    
  3862.050      62.1     0.104     -1.17                                 LAWLER 
  3862.056 607.01214     4.415     -0.08               7.650                    
  3862.061      25.1     5.050     -6.37                                        
  3862.069 607.01214     3.528     -0.34               7.650                    
  3862.123      24.0     3.011     -7.21                                        
  3862.128      24.1     4.934     -3.60                                        
  3862.150 607.01214     4.350     -1.88               7.650                    
  3862.167 607.01214     4.350     -4.93               7.650                    
  3862.197   23.0051     0.017     -3.21                                 KURHFS 
  3862.197   23.0051     0.017     -3.47                                 KURHFS 
  3862.197   23.0051     0.017     -3.50                                 KURHFS 
  3862.200   23.0051     0.017     -3.03                                 KURHFS 
  3862.200   23.0051     0.017     -3.08                                 KURHFS 
  3862.200   23.0051     0.017     -3.47                                 KURHFS 
  3862.205   23.0051     0.017     -2.83                                 KURHFS 
  3862.205   23.0051     0.017     -2.94                                 KURHFS 
  3862.205   23.0051     0.017     -3.52                                 KURHFS 
  3862.207 607.01214     3.528     -0.35               7.650                    
  3862.209 607.01214     4.270     -1.31               7.650                    
  3862.211   23.0051     0.017     -2.63                                 KURHFS 
  3862.211   23.0051     0.017     -2.91                                 KURHFS 
  3862.211   23.0051     0.017     -3.65                                 KURHFS 
  3862.219   23.0051     0.017     -2.46                                 KURHFS 
  3862.219   23.0051     0.017     -2.97                                 KURHFS 
  3862.219   23.0051     0.017     -3.87                                 KURHFS 
  3862.229   23.0051     0.017     -2.32                                 KURHFS 
  3862.229   23.0051     0.017     -3.16                                 KURHFS 
  3862.229   23.0051     0.017     -4.28                                 KURHFS 
  3862.230      62.1     0.333     -1.10                                 LAWLER 
  3862.247      24.0     3.407     -0.24                                        
  3862.247 607.01214     2.729     -0.55               7.650                    
  3862.269      24.0     3.011     -2.08                                        
  3862.272 607.01214     4.270     -1.35               7.650                    
  3862.280 607.01214     4.270     -3.79               7.650                    
  3862.296      26.0     4.073     -1.52                                        
  3862.303      21.0     2.318     -1.53                               KURNOHFS 
  3862.306   25.0055     3.133     -4.60                                 KURHFS 
  3862.312   25.0055     3.133     -4.51                                 KURHFS 
  3862.312   25.0055     3.133     -5.40                                 KURHFS 
  3862.319   25.0055     3.133     -4.41                                 KURHFS 
  3862.319   25.0055     3.133     -5.21                                 KURHFS 
  3862.319   25.0055     3.133     -6.72                                 KURHFS 
  3862.329   25.0055     3.133     -4.32                                 KURHFS 
  3862.329   25.0055     3.133     -5.15                                 KURHFS 
  3862.329   25.0055     3.133     -6.56                                 KURHFS 
  3862.331 607.01214     2.729     -0.57               7.650                    
  3862.341   25.0055     3.133     -4.23                                 KURHFS 
  3862.341   25.0055     3.133     -5.20                                 KURHFS 
  3862.341   25.0055     3.133     -6.64                                 KURHFS 
  3862.352 607.01214     2.729     -3.66               7.650                    
  3862.353 607.01214     3.876     -0.33               7.650                    
  3862.355   25.0055     3.133     -4.15                                 KURHFS 
  3862.355   25.0055     3.133     -5.39                                 KURHFS 
  3862.355   25.0055     3.133     -6.96                                 KURHFS 
  3862.361      26.0     4.151     -1.97                                        
  3862.394 607.01214     1.038     -3.65               7.650                    
  3862.401      23.0     3.096     -0.24                               KURNOHFS 
  3862.427 607.01214     2.838     -3.78               7.650                    
  3862.431      24.0     4.613     -3.94                                        
  3862.434      22.0     1.878     -3.84                                        
  3862.435   27.0059     2.326     -3.52                                 KURHFS 
  3862.435   27.0059     2.326     -3.54                                 KURHFS 
  3862.435   27.0059     2.326     -3.67                                 KURHFS 
  3862.447   27.0059     2.326     -3.20                                 KURHFS 
  3862.447   27.0059     2.326     -3.52                                 KURHFS 
  3862.447   27.0059     2.326     -4.00                                 KURHFS 
  3862.456 607.01214     1.038      0.18               7.650                    
  3862.456 607.01214     2.838     -0.43               7.650                    
  3862.465      58.1     0.703     -0.71                                BIEMONT 
  3862.465 607.01214     0.253     -1.46               7.650                    
  3862.466 607.01214     0.253     -1.76               7.650                    
  3862.479 607.01214     0.064     -0.26               7.650                    
  3862.497 607.01214     3.876     -0.34               7.650                    
  3862.505 607.01214     0.064     -0.28               7.650                    
  3862.523 607.01214     0.064     -3.03               7.650                    
  3862.523 607.01214     3.876     -3.70               7.650                    
  3862.525      28.0     3.765     -3.40                                        
  3862.526      22.0     1.995     -2.41                                        
  3862.529 607.01214     3.081     -3.80               7.650                    
  3862.541      24.0     3.119     -1.37                                        
  3862.541 607.01214     1.038      0.17               7.650                    
  3862.546      23.1     5.845     -3.50                                        
  3862.559 607.01214     3.081     -0.40               7.650                    
  3862.561 607.01214     2.838     -0.45               7.650                    
  3862.566 607.01214     4.285     -3.86               7.650                    
  3862.570      60.1     0.182     -0.76                                 LAWLER 
  3862.576 607.01214     4.285     -1.25               7.650                    
  3862.595      14.1     6.852     -0.82                                        
  3862.599 607.01214     2.288     -3.63               7.650                    
  3862.613 607.01214     1.210     -3.66               7.650                    
  3862.621 607.01214     2.288     -0.56               7.650                    
  3862.625      21.0     2.606     -1.29                               KURNOHFS 
  3862.643 607.01214     4.285     -1.28               7.650                    
  3862.671      22.0     2.493     -4.29                                        
  3862.678 607.01214     3.081     -0.42               7.650                    
  3862.682      44.0     2.118      0.39                                        
  3862.689 607.01214     2.288     -0.58               7.650                    
  3862.692 607.01214     1.210      0.36               7.650                    
  3862.729      24.0     3.011     -4.63                                        
  3862.784      24.0     3.447      0.24                                        
  3862.786 607.01214     1.210      0.35               7.650                    
  3862.825      22.0     1.967      0.07                                        
  3862.852      68.0     0.000      0.53                                        
  3862.870      28.0     4.102     -2.64                                        
  3862.875      24.0     3.011     -2.74                                        
  3862.895 607.01214     3.476     -0.34               7.650                    
  3862.921      41.0     0.000     -1.55                                        
  3862.932      20.0     4.128     -3.29                                        
  3862.998 607.01214     1.012     -3.64               7.650                    
  3862.998 607.01214     4.404     -0.59               7.650                    
  3863.034      23.1     4.700     -4.48                                        
  3863.051      23.1     6.096     -3.77                                        
  3863.053 607.01214     2.183     -0.89               7.650                    
  3863.054      64.1     1.232     -0.19                                        
  3863.058      28.0     3.831     -0.39                                        
  3863.060 607.01214     1.012      0.17               7.650                    
  3863.077      68.1     0.886     -0.93                                 LAWLER 
  3863.087 607.01214     2.183     -0.93               7.650                    
  3863.093      92.0     0.479     -0.39                                        
  3863.095 607.01214     4.428     -0.63               7.650                    
  3863.097 607.01214     2.183     -3.29               7.650                    
  3863.105      24.0     2.965     -2.68                                        
  3863.112 607.01214     3.476     -0.35               7.650                    
  3863.131 607.01214     3.962     -0.05               7.650                    
  3863.135 607.01214     4.458     -0.31               7.650                    
  3863.143 607.01214     1.012      0.16               7.650                    
  3863.163      26.0     4.227     -2.08                                        
  3863.169      28.0     3.838     -2.76                                        
  3863.176 607.01214     3.476     -4.37               7.650                    
  3863.188 607.01214     4.259     -0.01               7.650                    
  3863.209      24.0     2.706     -7.25                                        
  3863.215 607.01214     3.840     -0.80               7.650                    
  3863.221 607.01214     3.483     -0.25               7.650                    
  3863.226      24.0     3.382     -1.89                                        
  3863.269 607.01214     4.404     -0.59               7.650                    
  3863.272      23.1     2.898     -2.44                                        
  3863.297 607.01214     4.458     -0.33               7.650                    
  3863.311   23.0051     2.377     -4.15                                 KURHFS 
  3863.311   23.0051     2.377     -4.56                                 KURHFS 
  3863.315      23.0     2.581     -6.12                               KURNOHFS 
  3863.316   23.0051     2.377     -4.44                                 KURHFS 
  3863.316   23.0051     2.377     -4.56                                 KURHFS 
  3863.316   23.0051     2.377     -4.76                                 KURHFS 
  3863.320      60.1     0.000     -0.58                                 LAWLER 
  3863.321   23.0051     2.377     -4.44                                 KURHFS 
  3863.321   23.0051     2.377     -4.57                                 KURHFS 
  3863.321 607.01214     4.458     -3.68               7.650                    
  3863.324   23.0051     2.377     -4.57                                 KURHFS 
  3863.324   23.0051     2.377     -4.74                                 KURHFS 
  3863.331 607.01214     4.404     -4.67               7.650                    
  3863.345      21.1     7.375     -3.70                                        
  3863.357      23.0     1.871     -0.11                               KURNOHFS 
  3863.358 607.01214     4.428     -0.63               7.650                    
  3863.378 607.01214     3.962     -0.05               7.650                    
  3863.381      41.0     0.656     -0.78                                        
  3863.385 607.01214     0.056     -0.28               7.650                    
  3863.386      26.1     4.728     -2.87                                        
  3863.400      25.1     5.369     -2.12                                        
  3863.406      90.1     0.830     -0.73                                        
  3863.409 607.01214     0.056     -0.31               7.650                    
  3863.410      60.1     0.000     -0.01                                 LAWLER 
  3863.413 607.01214     4.428     -4.63               7.650                    
  3863.419      27.0     3.407     -4.26                               KURNOHFS 
  3863.419 607.01214     3.840     -0.81               7.650                    
  3863.425 607.01214     0.056     -3.01               7.650                    
  3863.438 607.01214     4.259     -0.01               7.650                    
  3863.441      24.0     3.426      0.05                                        
  3863.445 607.01214     3.483     -0.26               7.650                    
  3863.462 607.01214     3.840     -4.59               7.650                    
  3863.481 607.01214     3.962     -4.43               7.650                    
  3863.517 607.01214     3.483     -4.36               7.650                    
  3863.518 607.01214     1.177     -3.65               7.650                    
  3863.538      22.0     2.266      0.10                                        
  3863.554 607.01214     4.259     -4.47               7.650                    
  3863.559 607.01214     3.832     -4.49               7.650                    
  3863.573   23.0051     1.948     -2.87                                 KURHFS 
  3863.575   23.0051     1.948     -2.60                                 KURHFS 
  3863.575   23.0051     1.948     -2.80                                 KURHFS 
  3863.579   23.0051     1.948     -2.40                                 KURHFS 
  3863.579   23.0051     1.948     -2.60                                 KURHFS 
  3863.579   23.0051     1.948     -3.50                                 KURHFS 
  3863.584 607.01214     0.986     -3.64               7.650                    
  3863.586   23.0051     1.948     -2.23                                 KURHFS 
  3863.586   23.0051     1.948     -2.50                                 KURHFS 
  3863.586   23.0051     1.948     -3.34                                 KURHFS 
  3863.595   23.0051     1.948     -2.08                                 KURHFS 
  3863.595   23.0051     1.948     -2.45                                 KURHFS 
  3863.595   23.0051     1.948     -3.34                                 KURHFS 
  3863.596 607.01214     1.177      0.35               7.650                    
  3863.599 607.01214     0.253     -1.76               7.650                    
  3863.601 607.01214     0.254     -1.46               7.650                    
  3863.603      27.0     2.628     -1.60                               KURNOHFS 
  3863.606   23.0051     1.948     -1.95                                 KURHFS 
  3863.606   23.0051     1.948     -2.46                                 KURHFS 
  3863.606   23.0051     1.948     -3.44                                 KURHFS 
  3863.619   23.0051     1.948     -1.84                                 KURHFS 
  3863.619   23.0051     1.948     -2.53                                 KURHFS 
  3863.619   23.0051     1.948     -3.64                                 KURHFS 
  3863.619 607.01214     3.832     -0.49               7.650                    
  3863.626      22.0     2.470     -4.59                                        
  3863.630      24.0     3.407      0.18                                        
  3863.635   23.0051     1.948     -1.73                                 KURHFS 
  3863.635   23.0051     1.948     -2.74                                 KURHFS 
  3863.635   23.0051     1.948     -4.04                                 KURHFS 
  3863.644 607.01214     0.986      0.16               7.650                    
  3863.688 607.01214     1.177      0.35               7.650                    
  3863.691      26.0     3.263     -1.62                                        
  3863.711      21.0     2.000     -0.80                               KURNOHFS 
  3863.726 607.01214     0.986      0.16               7.650                    
  3863.739      21.0     2.008     -0.59                               KURNOHFS 
  3863.741      26.0     2.690     -1.36                                        
  3863.796      23.1     1.803     -1.42                                        
  3863.826   23.0051     1.349     -2.19                                 KURHFS 
  3863.828   23.0051     1.349     -1.90                                 KURHFS 
  3863.828   23.0051     1.349     -2.16                                 KURHFS 
  3863.829      26.0     4.206     -2.60                                        
  3863.832   23.0051     1.349     -1.71                                 KURHFS 
  3863.832   23.0051     1.349     -2.16                                 KURHFS 
  3863.832   23.0051     1.349     -2.21                                 KURHFS 
  3863.838   23.0051     1.349     -1.62                                 KURHFS 
  3863.838   23.0051     1.349     -1.77                                 KURHFS 
  3863.838   23.0051     1.349     -2.33                                 KURHFS 
  3863.846   23.0051     1.349     -1.51                                 KURHFS 
  3863.846   23.0051     1.349     -1.60                                 KURHFS 
  3863.846   23.0051     1.349     -2.55                                 KURHFS 
  3863.847 607.01214     3.832     -0.50               7.650                    
  3863.855   23.0051     1.349     -1.31                                 KURHFS 
  3863.855   23.0051     1.349     -1.65                                 KURHFS 
  3863.855   23.0051     1.349     -2.96                                 KURHFS 
  3863.863      26.0     2.756     -3.32                                        
  3863.867   23.0051     1.349     -1.15                                 KURHFS 
  3863.867   23.0051     1.349     -1.85                                 KURHFS 
  3863.867      40.0     0.071     -0.24                                        
  3863.881   23.0051     1.349     -1.01                                 KURHFS 
  3863.900 607.01214     3.457     -1.55               7.650                    
  3863.928 607.01214     3.457     -1.62               7.650                    
  3863.932 607.01214     3.457     -3.44               7.650                    
  3863.947      24.0     3.886     -0.71                                        
  3863.951      26.1     4.734     -2.53                                        
  3863.960      27.0     2.868     -2.87                               KURNOHFS 
  3863.961      24.0     2.887     -2.06                                        
  3863.961 607.01214     3.711     -0.10               7.650                    
  3863.985      26.1     4.491     -3.43                                        
  3864.005      24.0     4.614     -2.40                                        
  3864.050      62.1     0.659     -1.49                                 LAWLER 
  3864.099      23.1     6.104     -3.71                                        
  3864.103      42.0     0.000     -0.01                                WHALING
  3864.108 607.01214     2.278     -3.61               7.650                    
  3864.129 607.01214     2.278     -0.58               7.650                    
  3864.142 607.01214     0.254     -2.16               7.650                    
  3864.143 607.01214     0.254     -1.46               7.650                    
  3864.144 607.01214     0.254     -1.21               7.650                    
  3864.150 607.01214     0.960     -3.63               7.650                    
  3864.156 607.01214     3.891     -4.44               7.650                    
  3864.161   27.0059     3.629     -3.80                                 KURHFS 
  3864.165   27.0059     3.629     -3.52                                 KURHFS 
  3864.165   27.0059     3.629     -3.77                                 KURHFS 
  3864.172   27.0059     3.629     -3.33                                 KURHFS 
  3864.172   27.0059     3.629     -3.77                                 KURHFS 
  3864.172   27.0059     3.629     -3.82                                 KURHFS 
  3864.180 607.01214     4.053     -1.81               7.650                    
  3864.183   27.0059     3.629     -3.24                                 KURHFS 
  3864.183   27.0059     3.629     -3.38                                 KURHFS 
  3864.183   27.0059     3.629     -3.95                                 KURHFS 
  3864.194 607.01214     2.278     -0.60               7.650                    
  3864.198   27.0059     3.629     -3.13                                 KURHFS 
  3864.198   27.0059     3.629     -3.22                                 KURHFS 
  3864.198   27.0059     3.629     -4.17                                 KURHFS 
  3864.200 607.01214     3.711     -0.11               7.650                    
  3864.203 607.01214     4.053     -1.93               7.650                    
  3864.205 607.01214     4.053     -3.36               7.650                    
  3864.209 607.01214     0.960      0.16               7.650                    
  3864.209 607.01214     3.516     -0.44               7.650                    
  3864.210   23.0051     1.349     -2.40                                 KURHFS 
  3864.212      21.1     7.425     -2.35                                        
  3864.212   23.0051     1.349     -2.11                                 KURHFS 
  3864.212   23.0051     1.349     -2.37                                 KURHFS 
  3864.215   23.0051     1.349     -1.92                                 KURHFS 
  3864.215   23.0051     1.349     -2.37                                 KURHFS 
  3864.215   23.0051     1.349     -2.42                                 KURHFS 
  3864.217   27.0059     3.629     -2.93                                 KURHFS 
  3864.217   27.0059     3.629     -3.27                                 KURHFS 
  3864.217   27.0059     3.629     -4.58                                 KURHFS 
  3864.221   23.0051     1.349     -1.83                                 KURHFS 
  3864.221   23.0051     1.349     -1.98                                 KURHFS 
  3864.221   23.0051     1.349     -2.54                                 KURHFS 
  3864.229   23.0051     1.349     -1.72                                 KURHFS 
  3864.229   23.0051     1.349     -1.81                                 KURHFS 
  3864.229   23.0051     1.349     -2.76                                 KURHFS 
  3864.231 607.01214     3.891     -0.27               7.650                    
  3864.239   23.0051     1.349     -1.52                                 KURHFS 
  3864.239   23.0051     1.349     -1.86                                 KURHFS 
  3864.239   23.0051     1.349     -3.17                                 KURHFS 
  3864.239   27.0059     3.629     -2.77                                 KURHFS 
  3864.239   27.0059     3.629     -3.47                                 KURHFS 
  3864.251   23.0051     1.349     -1.36                                 KURHFS 
  3864.251   23.0051     1.349     -2.06                                 KURHFS 
  3864.265   23.0051     1.349     -1.22                                 KURHFS 
  3864.266   27.0059     3.629     -2.63                                 KURHFS 
  3864.270 607.01214     0.049     -0.31               7.650                    
  3864.290 607.01214     0.960      0.15               7.650                    
  3864.291 607.01214     3.711     -4.39               7.650                    
  3864.293 607.01214     0.049     -0.34               7.650                    
  3864.301      26.0     3.209     -2.03                                        
  3864.308 607.01214     0.049     -2.98               7.650                    
  3864.310      26.0     2.586     -3.31                                        
  3864.328 607.01214     2.456     -0.67               7.650                    
  3864.335 607.01214     3.306     -3.79               7.650                    
  3864.338      40.0     0.154     -0.73                                        
  3864.339      74.0     0.412     -2.00                                        
  3864.365 607.01214     3.306     -0.37               7.650                    
  3864.390 607.01214     2.456     -0.69               7.650                    
  3864.403 607.01214     1.145     -3.65               7.650                    
  3864.406 607.01214     2.456     -3.54               7.650                    
  3864.421 607.01214     3.516     -0.44               7.650                    
  3864.463 607.01214     2.567     -3.72               7.650                    
  3864.467      92.1     0.578     -0.88                                        
  3864.478 607.01214     3.516     -4.39               7.650                    
  3864.479 607.01214     3.891     -0.28               7.650                    
  3864.480 607.01214     1.145      0.35               7.650                    
  3864.484      22.0     1.995     -1.14                                        
  3864.485      26.0     4.100     -2.39                                        
  3864.489 607.01214     2.567     -0.49               7.650                    
  3864.490      57.1     3.534      0.80                                        
  3864.494 607.01214     3.306     -0.38               7.650                    
  3864.540 607.01214     2.179     -0.93               7.650                    
  3864.571 607.01214     1.145      0.34               7.650                    
  3864.572 607.01214     2.179     -0.97               7.650                    
  3864.576 607.01214     2.567     -0.50               7.650                    
  3864.580 607.01214     2.179     -3.25               7.650                    
  3864.591      26.0     4.206     -1.74                                        
  3864.601 607.01214     4.426     -0.55               7.650                    
  3864.604      25.0     4.636     -1.36                                        
  3864.650      60.1     0.204     -1.13                                 LAWLER 
  3864.659 607.01214     0.256     -2.35               7.650                    
  3864.662      24.0     3.884     -1.77                                        
  3864.662 607.01214     0.256     -1.05               7.650                    
  3864.662 607.01214     0.256     -1.21               7.650                    
  3864.669   23.0051     2.255     -8.08                                 KURHFS 
  3864.669   23.0051     2.255     -8.34                                 KURHFS 
  3864.669   23.0051     2.255     -8.37                                 KURHFS 
  3864.675   23.0051     2.255     -7.89                                 KURHFS 
  3864.675   23.0051     2.255     -7.95                                 KURHFS 
  3864.675   23.0051     2.255     -8.34                                 KURHFS 
  3864.678      22.0     2.266     -1.58                                        
  3864.683   23.0051     2.255     -7.69                                 KURHFS 
  3864.683   23.0051     2.255     -7.80                                 KURHFS 
  3864.683   23.0051     2.255     -8.39                                 KURHFS 
  3864.689      24.0     4.436     -2.94                                        
  3864.693   23.0051     2.255     -7.50                                 KURHFS 
  3864.693   23.0051     2.255     -7.78                                 KURHFS 
  3864.693   23.0051     2.255     -8.51                                 KURHFS 
  3864.697 607.01214     0.935     -3.62               7.650                    
  3864.707   23.0051     2.255     -7.33                                 KURHFS 
  3864.707   23.0051     2.255     -7.83                                 KURHFS 
  3864.707   23.0051     2.255     -8.73                                 KURHFS 
  3864.723   23.0051     2.255     -7.19                                 KURHFS 
  3864.723   23.0051     2.255     -8.03                                 KURHFS 
  3864.723   23.0051     2.255     -9.14                                 KURHFS 
  3864.733      26.1     2.028     -7.22                                        
  3864.748      24.0     2.706     -4.12                                        
  3864.755 607.01214     0.935      0.15               7.650                    
  3864.761      23.0     2.636     -2.63                               KURNOHFS 
  3864.770      60.1     0.064     -1.66                                 LAWLER 
  3864.794      64.0     0.124     -1.07                                        
  3864.802      68.1     1.350     -0.28                                 LAWLER 
  3864.834 607.01214     0.935      0.14               7.650                    
  3864.838   23.0051     0.017     -1.84                                 KURHFS 
  3864.838   23.0051     0.017     -2.09                                 KURHFS 
  3864.841   23.0051     0.017     -1.64                                 KURHFS 
  3864.841   23.0051     0.017     -1.84                                 KURHFS 
  3864.841   23.0051     0.017     -3.74                                 KURHFS 
  3864.846   23.0051     0.017     -1.57                                 KURHFS 
  3864.846   23.0051     0.017     -1.64                                 KURHFS 
  3864.846   23.0051     0.017     -2.50                                 KURHFS 
  3864.853   23.0051     0.017     -1.57                                 KURHFS 
  3864.853   23.0051     0.017     -1.60                                 KURHFS 
  3864.853   23.0051     0.017     -1.78                                 KURHFS 
  3864.861   23.0051     0.017     -1.38                                 KURHFS 
  3864.861   23.0051     0.017     -1.60                                 KURHFS 
  3864.861   23.0051     0.017     -1.78                                 KURHFS 
  3864.870   23.0051     0.017     -1.09                                 KURHFS 
  3864.870   23.0051     0.017     -1.78                                 KURHFS 
  3864.883 607.01214     4.426     -0.55               7.650                    
  3864.932      41.1     1.625     -0.62                                        
  3864.951 607.01214     4.426     -4.70               7.650                    
  3864.979 607.01214     4.059     -3.54               7.650                    
  3864.984 607.01214     4.059     -1.65               7.650                    
  3865.010 607.01214     4.059     -1.73               7.650                    
  3865.122 607.01214     3.469     -3.62               7.650                    
  3865.129 607.01214     3.469     -1.39               7.650                    
  3865.136 607.01214     0.043     -0.34               7.650                    
  3865.151      42.0     2.474     -1.54                                        
  3865.151      42.0     2.474     -1.54                                        
  3865.156   23.0051     1.929     -5.35                                 KURHFS 
  3865.156   23.0051     1.929     -5.61                                 KURHFS 
  3865.156   23.0051     1.929     -5.64                                 KURHFS 
  3865.158 607.01214     0.043     -0.37               7.650                    
  3865.158 607.01214     0.258     -2.48               7.650                    
  3865.162 607.01214     0.258     -1.05               7.650                    
  3865.163   23.0051     1.929     -5.17                                 KURHFS 
  3865.163   23.0051     1.929     -5.22                                 KURHFS 
  3865.163   23.0051     1.929     -5.61                                 KURHFS 
  3865.163 607.01214     0.258     -0.94               7.650                    
  3865.163 607.01214     3.469     -1.43               7.650                    
  3865.173   23.0051     1.929     -4.97                                 KURHFS 
  3865.173   23.0051     1.929     -5.08                                 KURHFS 
  3865.173   23.0051     1.929     -5.66                                 KURHFS 
  3865.173 607.01214     0.043     -2.95               7.650                    
  3865.184 607.01214     2.977     -0.50               7.650                    
  3865.186   23.0051     1.929     -4.77                                 KURHFS 
  3865.186   23.0051     1.929     -5.05                                 KURHFS 
  3865.186   23.0051     1.929     -5.79                                 KURHFS 
  3865.192      23.1     4.732     -3.83                                        
  3865.203   23.0051     1.929     -4.60                                 KURHFS 
  3865.203   23.0051     1.929     -5.11                                 KURHFS 
  3865.203   23.0051     1.929     -6.01                                 KURHFS 
  3865.224   23.0051     1.929     -4.46                                 KURHFS 
  3865.224   23.0051     1.929     -5.30                                 KURHFS 
  3865.224   23.0051     1.929     -6.42                                 KURHFS 
  3865.224 607.01214     0.911     -3.61               7.650                    
  3865.240      62.1     0.040     -1.45                                 LAWLER 
  3865.243 607.01214     4.129     -3.72               7.650                    
  3865.269 607.01214     1.113     -3.64               7.650                    
  3865.270 607.01214     3.545     -0.17               7.650                    
  3865.271 607.01214     4.129     -0.28               7.650                    
  3865.272      21.0     1.994     -2.48                               KURNOHFS 
  3865.281 607.01214     0.911      0.14               7.650                    
  3865.284 607.01214     2.977     -0.52               7.650                    
  3865.305 607.01214     3.722     -4.04               7.650                    
  3865.307 607.01214     2.977     -3.70               7.650                    
  3865.319 607.01214     3.722     -1.21               7.650                    
  3865.345 607.01214     1.113      0.34               7.650                    
  3865.348      27.0     3.684     -2.29                               KURNOHFS 
  3865.354      26.0     4.140     -0.93                                        
  3865.359 607.01214     0.911      0.13               7.650                    
  3865.375      24.0     4.096     -1.37                                        
  3865.394 607.01214     3.722     -1.24               7.650                    
  3865.415      44.0     1.138     -1.52                                        
  3865.426 607.01214     3.696     -1.29               7.650                    
  3865.429 607.01214     4.129     -0.29               7.650                    
  3865.434 607.01214     1.113      0.34               7.650                    
  3865.439      27.0     3.250     -3.59                               KURNOHFS 
  3865.452      68.1     0.886     -2.20                                 LAWLER 
  3865.455      26.0     2.607     -3.16                                        
  3865.475      76.0     3.131      0.31                                        
  3865.480      66.1     1.170     -0.79                                 LAWLER 
  3865.491   27.0059     3.295     -5.70                                 KURHFS 
  3865.494 607.01214     3.696     -1.32               7.650                    
  3865.500 607.01214     3.545     -0.18               7.650                    
  3865.504   27.0059     3.295     -5.91                                 KURHFS 
  3865.505 607.01214     3.696     -3.96               7.650                    
  3865.508   27.0059     3.295     -6.32                                 KURHFS 
  3865.516   27.0059     3.295     -6.19                                 KURHFS 
  3865.519   27.0059     3.295     -6.16                                 KURHFS 
  3865.523      26.0     1.010     -0.98                                        
  3865.523   27.0059     3.295     -7.19                                 KURHFS 
  3865.523      27.0     3.620     -3.69                               KURNOHFS 
  3865.525   27.0059     3.295     -6.63                                 KURHFS 
  3865.528   27.0059     3.295     -6.17                                 KURHFS 
  3865.530 607.01214     2.268     -3.60               7.650                    
  3865.530 607.01214     4.378     -1.82               7.650                    
  3865.531   27.0059     3.295     -6.76                                 KURHFS 
  3865.534   27.0059     3.295     -6.33                                 KURHFS 
  3865.537   27.0059     3.295     -6.51                                 KURHFS 
  3865.540   27.0059     3.295     -6.33                                 KURHFS 
  3865.550 607.01214     2.268     -0.60               7.650                    
  3865.563      63.0     1.930      0.84                                        
  3865.581 607.01214     3.545     -4.37               7.650                    
  3865.596      24.1     5.315     -0.78                                        
  3865.600      24.0     4.437     -2.65                                        
  3865.612 607.01214     2.268     -0.62               7.650                    
  3865.633      77.0     1.466     -1.47                                        
  3865.640 607.01214     0.260     -2.58               7.650                    
  3865.646 607.01214     0.260     -0.85               7.650                    
  3865.646 607.01214     0.260     -0.94               7.650                    
  3865.653 607.01214     4.378     -1.84               7.650                    
  3865.666      25.0     4.341     -1.41                                        
  3865.674      24.0     3.367     -3.37                                        
  3865.680      62.1     0.378     -1.69                                 LAWLER 
  3865.693      25.1     6.640     -4.23                                        
  3865.710      25.0     3.376     -1.12                               KURNOHFS 
  3865.720      23.1     1.678     -2.37                                        
  3865.732 607.01214     0.887     -3.60               7.650                    
  3865.741 607.01214     4.500      0.00               7.650                    
  3865.742      26.0     4.175     -1.91                                        
  3865.782 607.01214     3.732     -3.76               7.650                    
  3865.788 607.01214     0.887      0.13               7.650                    
  3865.797      24.0     2.707     -4.28                                        
  3865.811 607.01214     3.732     -0.31               7.650                    
  3865.838      23.1     3.325     -2.61                                        
  3865.864 607.01214     0.887      0.12               7.650                    
  3865.876      26.1     7.697     -3.98                                        
  3865.898   23.0051     2.377     -4.72                                 KURHFS 
  3865.898   23.0051     2.377     -5.35                                 KURHFS 
  3865.898   23.0051     2.377     -6.21                                 KURHFS 
  3865.904   23.0051     2.377     -4.94                                 KURHFS 
  3865.904   23.0051     2.377     -5.19                                 KURHFS 
  3865.904   23.0051     2.377     -5.79                                 KURHFS 
  3865.908   23.0051     2.377     -5.20                                 KURHFS 
  3865.908   23.0051     2.377     -5.22                                 KURHFS 
  3865.908   23.0051     2.377     -5.54                                 KURHFS 
  3865.908 607.01214     3.978     -0.97               7.650                    
  3865.912   23.0051     2.377     -5.36                                 KURHFS 
  3865.912   23.0051     2.377     -5.36                                 KURHFS 
  3865.912   23.0051     2.377     -5.66                                 KURHFS 
  3865.916      92.1     0.284     -0.27                                        
  3865.940 607.01214     2.175     -0.97               7.650                    
  3865.956      60.1     0.380     -0.80                                        
  3865.956 607.01214     3.732     -0.33               7.650                    
  3865.963      24.0     3.887      0.02                                        
  3865.969 607.01214     2.175     -1.02               7.650                    
  3865.977 607.01214     2.175     -3.21               7.650                    
  3865.984 607.01214     0.037     -0.37               7.650                    
  3865.987 607.01214     4.500      0.00               7.650                    
  3865.993 607.01214     3.976     -4.63               7.650                    
  3866.003      24.1     4.916     -2.35                                        
  3866.004 607.01214     0.037     -0.41               7.650                    
  3866.017 607.01214     0.037     -2.92               7.650                    
  3866.020      22.0     0.899     -2.10                                        
  3866.041 607.01214     3.976     -0.77               7.650                    
  3866.043      23.1     5.875     -3.60                                        
  3866.043      74.0     1.707     -1.10                                        
  3866.089      26.0     4.140     -0.51                                        
  3866.101 607.01214     0.263     -2.66               7.650                    
  3866.108 607.01214     0.263     -0.78               7.650                    
  3866.108 607.01214     0.263     -0.85               7.650                    
  3866.110 607.01214     3.978     -0.98               7.650                    
  3866.115 607.01214     4.500     -4.52               7.650                    
  3866.124      26.0     3.045     -5.39                                        
  3866.150 607.01214     3.978     -4.71               7.650                    
  3866.156      20.0     5.045     -2.21                                        
  3866.191 607.01214     3.594     -0.55               7.650                    
  3866.208   27.0059     1.881     -5.34                                 KURHFS 
  3866.208   27.0059     1.881     -5.60                                 KURHFS 
  3866.208   27.0059     1.881     -5.63                                 KURHFS 
  3866.219   27.0059     1.881     -5.15                                 KURHFS 
  3866.219   27.0059     1.881     -5.21                                 KURHFS 
  3866.219   27.0059     1.881     -5.60                                 KURHFS 
  3866.220 607.01214     0.863     -3.60               7.650                    
  3866.235   27.0059     1.881     -4.95                                 KURHFS 
  3866.235   27.0059     1.881     -5.06                                 KURHFS 
  3866.235   27.0059     1.881     -5.65                                 KURHFS 
  3866.252      42.0     2.596     -1.86                                        
  3866.257   27.0059     1.881     -4.75                                 KURHFS 
  3866.257   27.0059     1.881     -5.04                                 KURHFS 
  3866.257   27.0059     1.881     -5.77                                 KURHFS 
  3866.258 607.01214     3.976     -0.77               7.650                    
  3866.263      26.0     4.140     -1.49                                        
  3866.275 607.01214     0.863      0.12               7.650                    
  3866.285   27.0059     1.881     -4.59                                 KURHFS 
  3866.285   27.0059     1.881     -5.09                                 KURHFS 
  3866.285   27.0059     1.881     -5.99                                 KURHFS 
  3866.298   23.0051     1.929     -4.41                                 KURHFS 
  3866.298   23.0051     1.929     -4.66                                 KURHFS 
  3866.302   23.0051     1.866     -2.94                                 KURHFS 
  3866.302   23.0051     1.866     -3.67                                 KURHFS 
  3866.302   23.0051     1.866     -4.88                                 KURHFS 
  3866.305   23.0051     1.929     -4.21                                 KURHFS 
  3866.305   23.0051     1.929     -4.41                                 KURHFS 
  3866.305   23.0051     1.929     -6.31                                 KURHFS 
  3866.311   23.0051     1.866     -2.86                                 KURHFS 
  3866.311   23.0051     1.866     -3.45                                 KURHFS 
  3866.311   23.0051     1.866     -4.64                                 KURHFS 
  3866.315   23.0051     1.929     -4.14                                 KURHFS 
  3866.315   23.0051     1.929     -4.21                                 KURHFS 
  3866.315   23.0051     1.929     -5.07                                 KURHFS 
  3866.320   27.0059     1.881     -4.45                                 KURHFS 
  3866.320   27.0059     1.881     -5.29                                 KURHFS 
  3866.320   27.0059     1.881     -6.40                                 KURHFS 
  3866.321 607.01214     2.719     -0.57               7.650                    
  3866.322   23.0051     1.866     -2.77                                 KURHFS 
  3866.322   23.0051     1.866     -3.35                                 KURHFS 
  3866.322   23.0051     1.866     -4.60                                 KURHFS 
  3866.328   23.0051     1.929     -4.14                                 KURHFS 
  3866.328   23.0051     1.929     -4.17                                 KURHFS 
  3866.328   23.0051     1.929     -4.35                                 KURHFS 
  3866.335   23.0051     1.866     -2.69                                 KURHFS 
  3866.335   23.0051     1.866     -3.32                                 KURHFS 
  3866.335   23.0051     1.866     -4.67                                 KURHFS 
  3866.339      23.1     5.829     -2.79                                        
  3866.345   23.0051     1.929     -3.95                                 KURHFS 
  3866.345   23.0051     1.929     -4.17                                 KURHFS 
  3866.345   23.0051     1.929     -4.35                                 KURHFS 
  3866.350 607.01214     0.863      0.12               7.650                    
  3866.351   23.0051     1.866     -2.61                                 KURHFS 
  3866.351   23.0051     1.866     -3.34                                 KURHFS 
  3866.351   23.0051     1.866     -4.85                                 KURHFS 
  3866.366   23.0051     1.929     -3.65                                 KURHFS 
  3866.366   23.0051     1.929     -4.35                                 KURHFS 
  3866.368   23.0051     1.866     -2.53                                 KURHFS 
  3866.368   23.0051     1.866     -3.43                                 KURHFS 
  3866.368   23.0051     1.866     -5.23                                 KURHFS 
  3866.388   23.0051     1.866     -2.45                                 KURHFS 
  3866.388   23.0051     1.866     -3.65                                 KURHFS 
  3866.389      24.0     2.706     -4.38                                        
  3866.399 607.01214     3.594     -0.55               7.650                    
  3866.403 607.01214     2.719     -0.59               7.650                    
  3866.410   23.0051     1.866     -2.38                                 KURHFS 
  3866.423 607.01214     2.719     -3.64               7.650                    
  3866.439      22.0     2.015      0.10                                        
  3866.450 607.01214     3.594     -4.43               7.650                    
  3866.452      24.0     3.886     -3.03                                        
  3866.464 607.01214     4.073     -0.32               7.650                    
  3866.490 607.01214     3.953     -4.29               7.650                    
  3866.493 607.01214     2.824     -3.76               7.650                    
  3866.507 607.01214     3.953     -1.29               7.650                    
  3866.520      60.1     0.064     -0.96                                        
  3866.521 607.01214     2.824     -0.45               7.650                    
  3866.523      24.1     4.934     -2.07                                        
  3866.527 607.01214     4.372     -4.45               7.650                    
  3866.540 607.01214     4.212     -0.01               7.650                    
  3866.545 607.01214     0.266     -2.73               7.650                    
  3866.553 607.01214     0.266     -0.71               7.650                    
  3866.553 607.01214     0.266     -0.78               7.650                    
  3866.565      26.0     3.069     -6.88                                        
  3866.580      66.1     0.920     -0.73                                 LAWLER 
  3866.603 607.01214     3.953     -1.31               7.650                    
  3866.614      25.0     3.376     -1.59                               KURNOHFS 
  3866.615 607.01214     4.073     -0.33               7.650                    
  3866.624 607.01214     2.824     -0.46               7.650                    
  3866.627 607.01214     4.372     -0.08               7.650                    
  3866.628 607.01214     3.445     -0.40               7.650                    
  3866.640 607.01214     4.073     -3.69               7.650                    
  3866.689 607.01214     0.840     -3.59               7.650                    
  3866.691      42.0     3.199     -0.71                                        
  3866.725      23.1     6.141     -2.46                                        
  3866.737      23.1     1.427     -1.52                                        
  3866.743 607.01214     0.840      0.12               7.650                    
  3866.752 607.01214     3.445     -0.41               7.650                    
  3866.778 607.01214     3.445     -3.71               7.650                    
  3866.784   27.0059     1.709     -2.82                                 KURHFS 
  3866.787      42.0     3.245     -1.12                                        
  3866.789 607.01214     4.211     -0.02               7.650                    
  3866.790      60.1     0.204     -0.95                                 LAWLER 
  3866.801 607.01214     3.455     -1.62               7.650                    
  3866.810   27.0059     1.709     -2.96                                 KURHFS 
  3866.810 607.01214     0.031     -0.41               7.650                    
  3866.811      58.1     0.122     -1.12                                        
  3866.815   27.0059     1.709     -3.66                                 KURHFS 
  3866.816 607.01214     0.840      0.11               7.650                    
  3866.825 607.01214     3.455     -1.71               7.650                    
  3866.828 607.01214     3.455     -3.36               7.650                    
  3866.829 607.01214     0.031     -0.44               7.650                    
  3866.833   27.0059     1.709     -3.12                                 KURHFS 
  3866.837   27.0059     1.709     -3.46                                 KURHFS 
  3866.840      26.0     3.957     -1.51                                        
  3866.841 607.01214     0.031     -2.88               7.650                    
  3866.842   27.0059     1.709     -4.77                                 KURHFS 
  3866.851   27.0059     1.709     -3.32                                 KURHFS 
  3866.855   27.0059     1.709     -3.41                                 KURHFS 
  3866.855 607.01214     4.048     -4.44               7.650                    
  3866.860   27.0059     1.709     -4.36                                 KURHFS 
  3866.866   27.0059     1.709     -3.58                                 KURHFS 
  3866.866 607.01214     2.259     -3.58               7.650                    
  3866.869   27.0059     1.709     -3.43                                 KURHFS 
  3866.873   27.0059     1.709     -4.14                                 KURHFS 
  3866.878   27.0059     1.709     -3.96                                 KURHFS 
  3866.879      25.0     3.376     -2.52                               KURNOHFS 
  3866.880   27.0059     1.709     -3.52                                 KURHFS 
  3866.883   27.0059     1.709     -4.02                                 KURHFS 
  3866.885 607.01214     2.259     -0.62               7.650                    
  3866.887   27.0059     1.709     -3.71                                 KURHFS 
  3866.888 607.01214     3.918     -0.05               7.650                    
  3866.889   27.0059     1.709     -3.96                                 KURHFS 
  3866.889 607.01214     3.704     -0.67               7.650                    
  3866.891   27.0059     1.709     -4.00                                 KURHFS 
  3866.904 607.01214     4.212     -4.47               7.650                    
  3866.906 607.01214     4.372     -0.09               7.650                    
  3866.907      23.0     3.085     -0.37                               KURNOHFS 
  3866.915 607.01214     1.082     -3.63               7.650                    
  3866.923      26.0     4.140     -0.71                                        
  3866.941 607.01214     4.048     -0.18               7.650                    
  3866.942      26.0     3.879     -3.15                                        
  3866.944 607.01214     2.259     -0.64               7.650                    
  3866.963      26.0     4.140     -0.58                                        
  3866.968 607.01214     0.270     -2.79               7.650                    
  3866.977 607.01214     0.270     -0.66               7.650                    
  3866.977 607.01214     0.270     -0.71               7.650                    
  3866.980 607.01214     2.448     -0.69               7.650                    
  3866.988      26.0     2.586     -3.32                                        
  3866.989      64.0     0.213      0.08                                        
