Eu II     3819.7     line list
  3817.701      23.0     1.929     -3.06                                        
  3817.721      22.0     2.248     -5.32                                        
  3817.724 607.01214     3.917     -0.29               7.650                    
  3817.746 607.01214     4.351     -0.26               7.650                    
  3817.751 607.01214     3.723     -0.51               7.650                    
  3817.751      68.1     0.669     -1.07                                        
  3817.759 607.01214     2.172     -3.88               7.650                    
  3817.772 607.01214     1.834     -0.51               7.650                    
  3817.774 106.00113     0.228     -5.26               3.470               Plez 
  3817.781      22.0     2.266     -4.88                                        
  3817.786 607.01214     2.359     -3.88               7.650                    
  3817.802 607.01214     2.172     -0.25               7.650                    
  3817.826 607.01214     2.359     -0.29               7.650                    
  3817.832 607.01214     2.604     -3.90               7.650                    
  3817.837 607.01214     1.834     -0.53               7.650                    
  3817.841 607.01214     2.028     -3.89               7.650                    
  3817.844      23.0     0.069     -1.59                                        
  3817.845      24.0     2.542     -0.91                                        
  3817.846 607.01214     0.730      0.07               7.650                    
  3817.859 607.01214     1.834     -3.62               7.650                    
  3817.862 607.01214     1.139     -0.37               7.650                    
  3817.873 106.00113     0.228     -5.23               3.470               Plez 
  3817.877 607.01214     3.917     -0.31               7.650                    
  3817.888 607.01214     2.028     -0.18               7.650                    
  3817.893 607.01214     0.730     -3.55               7.650                    
  3817.904 607.01214     3.917     -3.74               7.650                    
  3817.915 607.01214     2.172     -0.26               7.650                    
  3817.916 607.01214     1.139     -0.39               7.650                    
  3817.930      23.0     2.262     -3.96                                        
  3817.933      22.0     1.878     -2.83                                        
  3817.937 607.01214     2.604      0.42               7.650                    
  3817.938      27.0     2.540     -2.06                                        
  3817.941 607.01214     1.139     -3.51               7.650                    
  3817.942 607.01214     2.359     -0.30               7.650                    
  3817.957      42.0     3.221     -1.33                                        
  3817.969 607.01214     3.723     -0.52               7.650                    
  3817.973      23.0     1.375     -2.38                                        
  3817.984      26.0     2.988     -5.52                                        
  3818.003 607.01214     2.028     -0.19               7.650                    
  3818.005 607.01214     1.962     -3.90               7.650                    
  3818.007      42.0     3.185     -1.43                                        
  3818.014      24.0     4.532     -3.18                                        
  3818.024 607.01214     3.723     -4.47               7.650                    
  3818.048 607.01214     0.825     -0.08               7.650                    
  3818.058      92.0     0.714     -0.01                                        
  3818.060 607.01214     1.581     -0.52               7.650                    
  3818.060 607.01214     1.962     -0.09               7.650                    
  3818.069      23.0     1.941     -3.46                                        
  3818.076      23.0     2.579     -2.99                                        
  3818.086 607.01214     2.604      0.42               7.650                    
  3818.098      27.0     3.213     -4.93                                        
  3818.112 607.01214     0.825     -0.09               7.650                    
  3818.116 607.01214     1.581     -0.53               7.650                    
  3818.116 607.01214     4.072     -1.40               7.650                    
  3818.119 607.01214     2.192     -3.94               7.650                    
  3818.131 607.01214     2.563     -3.89               7.650                    
  3818.137 607.01214     1.581     -3.55               7.650                    
  3818.145      28.0     3.541     -3.90                                        
  3818.150      28.0     3.477     -3.06                                        
  3818.151 607.01214     0.825     -3.55               7.650                    
  3818.153      26.0     4.175     -3.35                                        
  3818.155 607.01214     0.960     -0.24               7.650                    
  3818.169 607.01214     2.563     -0.31               7.650                    
  3818.171 607.01214     4.072     -1.44               7.650                    
  3818.178 607.01214     4.072     -3.80               7.650                    
  3818.182 607.01214     1.962     -0.09               7.650                    
  3818.186      45.0     1.142     -0.30                                        
  3818.197      27.1     2.679     -3.71                                        
  3818.199      22.0     2.254     -0.09                                        
  3818.199 607.01214     2.192      0.17               7.650                    
  3818.213 607.01214     0.960     -0.25               7.650                    
  3818.242      23.0     0.000     -0.53                                        
  3818.244 607.01214     0.960     -3.53               7.650                    
  3818.264 106.00112     0.458     -9.59               3.470               Plez 
  3818.266      23.0     0.040     -2.54                                        
  3818.268      26.0     4.183     -0.73                                        
  3818.290 607.01214     2.563     -0.32               7.650                    
  3818.329      24.0     3.847     -4.30                                        
  3818.332      26.0     4.183     -0.50                                        
  3818.343 607.01214     2.192      0.17               7.650                    
  3818.344      39.1     0.129     -0.98                                BIEMONT 
  3818.353      28.0     3.938     -1.74                                        
  3818.356 607.01214     4.167     -1.47               7.650                    
  3818.363      62.0     0.185     -1.05                                        
  3818.374 607.01214     3.259     -3.48               7.650                    
  3818.381 607.01214     3.259     -1.35               7.650                    
  3818.383      26.0     4.206     -3.50                                        
  3818.409 607.01214     3.259     -1.40               7.650                    
  3818.439      24.0     2.543     -1.83                                        
  3818.446 607.01214     2.602     -3.83               7.650                    
  3818.458 106.00112     0.189     -5.09               3.470               Plez 
  3818.463      92.1     0.217     -1.52                                        
  3818.473 607.01214     4.167     -1.49               7.650                    
  3818.479      24.0     2.543     -0.94                                        
  3818.490 607.01214     3.246     -1.63               7.650                    
  3818.490 607.01214     4.167     -4.58               7.650                    
  3818.492 607.01214     3.717     -0.31               7.650                    
  3818.508 607.01214     3.246     -1.74               7.650                    
  3818.511 607.01214     3.246     -3.17               7.650                    
  3818.517 607.01214     2.412     -3.93               7.650                    
  3818.524      24.0     3.963     -2.87                                        
  3818.544 607.01214     2.004     -3.92               7.650                    
  3818.559 607.01214     2.602      0.53               7.650                    
  3818.591      24.0     3.110     -3.45                                        
  3818.610 607.01214     2.004      0.03               7.650                    
  3818.611 607.01214     2.412      0.30               7.650                    
  3818.615      26.0     3.412     -3.44                                        
  3818.625 106.00112     0.458     -9.59               3.470               Plez 
  3818.626 106.00112     0.189     -5.06               3.470               Plez 
  3818.635 106.00112     0.189     -6.88               3.470               Plez 
  3818.639 607.01214     3.717     -0.33               7.650                    
  3818.662      42.0     2.593     -1.08                                        
  3818.667 607.01214     3.717     -3.76               7.650                    
  3818.686      90.0     0.615     -1.01                                        
  3818.687      78.0     1.253     -1.87                                        
  3818.688      58.1     0.560     -1.04                                 LAWLER 
  3818.697 607.01214     2.602      0.53               7.650                    
  3818.712      68.1     0.636     -1.20                                        
  3818.715      26.0     3.299     -2.81                                        
  3818.740      24.1     4.741     -3.15                                        
  3818.742 607.01214     2.004      0.03               7.650                    
  3818.747 607.01214     0.616      0.22               7.650                    
  3818.751      64.1     1.405      0.24                                        
  3818.754      66.1     1.652     -0.20                                        
  3818.755      22.0     2.343     -1.57                                        
  3818.761 607.01214     2.412      0.29               7.650                    
  3818.768      24.0     3.887     -1.74                                        
  3818.775      41.1     1.587     -0.14                                        
  3818.781      28.1     6.388     -6.83                                        
  3818.781 607.01214     4.495     -0.57               7.650                    
  3818.786      27.0     2.278     -3.12                                        
  3818.794      23.1     6.852     -2.88                                        
  3818.816 607.01214     0.616      0.21               7.650                    
  3818.829      25.0     4.657     -2.30                                        
  3818.837 607.01214     2.346     -0.47               7.650                    
  3818.855      60.1     1.271     -0.13                                        
  3818.856 607.01214     3.193     -3.88               7.650                    
  3818.871 607.01214     0.616     -3.52               7.650                    
  3818.891 607.01214     3.193     -0.33               7.650                    
  3818.910       6.0     7.679     -4.09                                        
  3818.925 607.01214     2.346     -0.48               7.650                    
  3818.945      23.0     2.682     -3.65                                        
  3818.951 607.01214     2.346     -3.73               7.650                    
  3818.952      24.0     4.201     -2.55                                        
  3818.958      24.0     3.842     -2.46                                        
  3818.958 607.01214     4.279     -4.93               7.650                    
  3818.987      22.0     0.048     -4.54                                        
  3819.000 607.01214     4.279     -1.13               7.650                    
  3819.009      42.0     3.185     -1.19                                        
  3819.022      58.1     0.553     -0.45                                 LAWLER 
  3819.030      44.0     0.336     -0.96                                        
  3819.030 607.01214     3.193     -0.34               7.650                    
  3819.049      23.0     2.294     -4.77                                        
  3819.049 607.01214     0.710      0.07               7.650                    
  3819.057 607.01214     4.495     -0.58               7.650                    
  3819.069 106.00112     0.190     -5.09               3.470               Plez 
  3819.077 607.01214     1.128     -0.39               7.650                    
  3819.086 607.01214     0.710      0.06               7.650                    
  3819.103      26.0     3.632     -3.01                                        
  3819.119 607.01214     4.495     -4.68               7.650                    
  3819.128 607.01214     1.128     -0.41               7.650                    
  3819.132 607.01214     0.710     -3.54               7.650                    
  3819.140      41.0     0.619     -1.01                                        
  3819.153 607.01214     1.128     -3.49               7.650                    
  3819.163      27.0     3.213     -4.67                                        
  3819.193      21.0     1.985     -0.39                                        
  3819.194 607.01214     2.560     -3.89               7.650                    
  3819.196 106.00112     0.190     -5.06               3.470               Plez 
  3819.204 106.00112     0.190     -6.88               3.470               Plez 
  3819.216 607.01214     4.279     -1.14               7.650                    
  3819.228 607.01214     1.937     -3.90               7.650                    
  3819.228 607.01214     3.881     -0.13               7.650                    
  3819.252      92.0     0.530     -0.32                                        
  3819.256      22.0     1.967     -3.72                                        
  3819.260 607.01214     2.006     -3.88               7.650                    
  3819.267 607.01214     2.157     -3.93               7.650                    
  3819.282 607.01214     1.938     -0.09               7.650                    
  3819.299 607.01214     2.560      0.42               7.650                    
  3819.300 106.00113     0.458     -9.59               3.470               Plez 
  3819.306 607.01214     2.006     -0.19               7.650                    
  3819.322 607.01214     2.085     -0.50               7.650                    
  3819.345 607.01214     2.157      0.17               7.650                    
  3819.347      72.0     1.746     -0.50                                        
  3819.355 607.01214     0.808     -0.09               7.650                    
  3819.361      21.0     2.294     -1.94                                        
  3819.387 607.01214     0.947     -0.25               7.650                    
  3819.397 607.01214     2.085     -0.52               7.650                    
  3819.401 607.01214     1.937     -0.10               7.650                    
  3819.405      27.0     3.295     -4.37                                        
  3819.417 607.01214     0.808     -0.10               7.650                    
  3819.419 607.01214     2.006     -0.20               7.650                    
  3819.420 607.01214     2.085     -3.67               7.650                    
  3819.444 607.01214     0.947     -0.27               7.650                    
  3819.447 607.01214     2.560      0.41               7.650                    
  3819.455 607.01214     0.808     -3.54               7.650                    
  3819.459      24.0     4.443     -0.01                                        
  3819.473 607.01214     0.947     -3.51               7.650                    
  3819.476 607.01214     3.881     -0.14               7.650                    
  3819.488 607.01214     2.157      0.16               7.650                    
  3819.493      26.0     3.394     -1.30                                        
  3819.506 607.01214     1.571     -0.53               7.650                    
  3819.518      24.0     3.548     -2.26                                        
  3819.524      22.0     2.693     -2.98                                        
  3819.533 607.01214     2.153     -3.87               7.650                    
  3819.558   63.1151     0.000     -0.62                                 LAWLER 
  3819.560 607.01214     1.571     -0.55               7.650                    
  3819.562 607.01214     3.881     -4.41               7.650                    
  3819.565      24.0     2.706     -1.02                                        
  3819.570 607.01214     1.823     -0.53               7.650                    
  3819.575 607.01214     2.153     -0.26               7.650                    
  3819.575   63.1151     0.000     -0.51                                 LAWLER 
  3819.576   63.1151     0.000     -1.29                                 LAWLER 
  3819.580 607.01214     1.571     -3.53               7.650                    
  3819.595      27.0     3.620     -2.68                                        
  3819.598   63.1151     0.000     -0.40                                 LAWLER 
  3819.601   63.1151     0.000     -1.10                                 LAWLER 
  3819.603   63.1151     0.000     -2.51                                 LAWLER 
  3819.624   63.1153     0.000     -0.62                                 LAWLER 
  3819.626      26.0     2.277     -3.31                                        
  3819.628   63.1151     0.000     -0.30                                 LAWLER 
  3819.632 607.01214     1.823     -0.55               7.650                    
  3819.632   63.1151     0.000     -1.04                                 LAWLER 
  3819.633   63.1153     0.000     -0.51                                 LAWLER 
  3819.633   63.1153     0.000     -1.29                                 LAWLER 
  3819.635   63.1151     0.000     -2.36                                 LAWLER 
  3819.644   63.1153     0.000     -2.51                                 LAWLER 
  3819.645   63.1153     0.000     -0.40                                 LAWLER 
  3819.645   63.1153     0.000     -1.10                                 LAWLER 
  3819.654 607.01214     1.823     -3.60               7.650                    
  3819.659   63.1153     0.000     -0.30                                 LAWLER 
  3819.660 106.00113     0.458     -9.59               3.470               Plez 
  3819.660   63.1153     0.000     -1.04                                 LAWLER 
  3819.660   63.1153     0.000     -2.36                                 LAWLER 
  3819.665   63.1151     0.000     -0.20                                 LAWLER 
  3819.670   63.1151     0.000     -1.09                                 LAWLER 
  3819.673   63.1151     0.000     -2.44                                 LAWLER 
  3819.675   63.1153     0.000     -0.20                                 LAWLER 
  3819.678   63.1153     0.000     -1.09                                 LAWLER 
  3819.678   63.1153     0.000     -2.44                                 LAWLER 
  3819.682 607.01214     1.975     -3.92               7.650                    
  3819.684 106.00113     0.189     -6.88               3.470               Plez 
  3819.686 607.01214     2.153     -0.27               7.650                    
  3819.692   63.1153     0.000     -0.11                                 LAWLER 
  3819.697   63.1153     0.000     -1.28                                 LAWLER 
  3819.699   63.1153     0.000     -2.78                                 LAWLER 
  3819.700      60.1     0.380     -0.80                                 LAWLER 
  3819.707   63.1151     0.000     -0.10                                 LAWLER 
  3819.714   63.1151     0.000     -1.28                                 LAWLER 
  3819.718   63.1151     0.000     -2.77                                 LAWLER 
  3819.729 607.01214     2.372     -3.93               7.650                    
  3819.746 607.01214     1.975      0.03               7.650                    
  3819.750 607.01214     4.364     -4.47               7.650                    
  3819.752      21.1     7.375     -2.50                                        
  3819.754 106.00113     0.189     -5.09               3.470               Plez 
  3819.763      44.0     1.418     -1.36                                        
  3819.778      42.0     3.440     -0.45                                        
  3819.792      40.1     1.207     -1.10                                        
  3819.796 607.01214     2.838     -0.42               7.650                    
  3819.822      24.0     3.847     -1.44                                        
  3819.822 607.01214     2.372      0.29               7.650                    
  3819.841 607.01214     4.364     -0.14               7.650                    
  3819.876 607.01214     1.975      0.02               7.650                    
  3819.889      24.0     2.985     -1.70                                        
  3819.906      27.0     2.540     -2.09                                        
  3819.908 607.01214     2.838     -0.43               7.650                    
  3819.923 607.01214     3.995     -4.48               7.650                    
  3819.926 106.00113     0.189     -5.06               3.470               Plez 
  3819.936 607.01214     2.838     -3.79               7.650                    
  3819.953 607.01214     4.040     -0.95               7.650                    
  3819.963      23.0     0.300     -1.04                                        
  3819.968      24.0     2.542     -1.93                                        
  3819.971 607.01214     2.372      0.29               7.650                    
  3819.984 607.01214     4.086     -3.88               7.650                    
  3819.993 607.01214     3.995     -0.35               7.650                    
  3819.993 607.01214     4.086     -1.33               7.650                    
  3819.998      58.1     0.495     -1.44                                 LAWLER 
  3820.017 607.01214     2.555     -3.83               7.650                    
  3820.051 607.01214     4.086     -1.37               7.650                    
  3820.056 607.01214     2.980     -3.88               7.650                    
  3820.076      25.0     4.341     -2.17                                        
  3820.085      20.0     5.295     -2.39                                        
  3820.091 607.01214     2.980     -0.33               7.650                    
  3820.101 607.01214     3.764     -4.14               7.650                    
  3820.103 607.01214     2.340     -3.87               7.650                    
  3820.103      74.0     2.036     -1.00                                        
  3820.117 607.01214     4.364     -0.15               7.650                    
  3820.119 607.01214     3.764     -1.11               7.650                    
  3820.129 607.01214     2.555      0.53               7.650                    
  3820.139      27.0     3.565     -1.92                                        
  3820.142 607.01214     2.340     -0.30               7.650                    
  3820.161 607.01214     4.040     -0.96               7.650                    
  3820.173 607.01214     3.255     -3.42               7.650                    
  3820.176 607.01214     3.953     -1.27               7.650                    
  3820.178 607.01214     3.255     -1.40               7.650                    
  3820.200 607.01214     4.409     -1.43               7.650                    
  3820.203 607.01214     3.255     -1.46               7.650                    
  3820.203 607.01214     4.040     -4.73               7.650                    
  3820.207 607.01214     4.125     -0.06               7.650                    
  3820.213 607.01214     3.764     -1.13               7.650                    
  3820.222      26.0     3.940     -3.23                                        
  3820.224 607.01214     2.980     -0.34               7.650                    
  3820.225      28.0     3.477     -3.30                                        
  3820.241 607.01214     3.995     -0.35               7.650                    
  3820.244 607.01214     3.493     -1.17               7.650                    
  3820.253 106.00113     0.190     -6.88               3.470               Plez 
  3820.255 607.01214     2.340     -0.31               7.650                    
  3820.259      27.0     3.512     -2.13                                        
  3820.260      23.1     5.791     -2.68                                        
  3820.266 607.01214     2.555      0.52               7.650                    
  3820.267 607.01214     1.117     -0.41               7.650                    
  3820.270 607.01214     3.245     -1.74               7.650                    
  3820.273 607.01214     3.730     -1.17               7.650                    
  3820.279 607.01214     3.953     -1.29               7.650                    
  3820.284 607.01214     3.245     -1.89               7.650                    
  3820.286 607.01214     3.245     -3.04               7.650                    
  3820.291      23.0     1.063     -1.16                                        
  3820.296 607.01214     3.953     -4.31               7.650                    
  3820.297 607.01214     0.592      0.21               7.650                    
  3820.308 607.01214     3.493     -1.20               7.650                    
  3820.316      23.0     2.330     -3.48                                        
  3820.316      24.0     2.965     -5.83                                        
  3820.316 607.01214     1.117     -0.42               7.650                    
  3820.319 607.01214     2.593     -0.45               7.650                    
  3820.319 607.01214     3.493     -3.84               7.650                    
  3820.332      23.1     2.542     -2.60                                        
  3820.336      20.0     5.296     -1.90                                        
  3820.340 607.01214     1.117     -3.48               7.650                    
  3820.352      20.0     5.386     -4.34                                        
  3820.360 607.01214     3.730     -1.19               7.650                    
  3820.365 106.00113     0.190     -5.09               3.470               Plez 
  3820.365 607.01214     0.592      0.20               7.650                    
  3820.375      42.0     2.274     -1.39                                        
  3820.375 607.01214     0.689      0.06               7.650                    
  3820.375 607.01214     3.730     -4.08               7.650                    
  3820.398 607.01214     2.123     -3.93               7.650                    
  3820.414 607.01214     4.409     -1.43               7.650                    
  3820.418 607.01214     0.592     -3.51               7.650                    
  3820.419 607.01214     2.593     -0.46               7.650                    
  3820.423 607.01214     1.913     -3.89               7.650                    
  3820.425      26.0     0.858      0.12                                        
  3820.426 607.01214     0.689      0.05               7.650                    
  3820.446 607.01214     2.593     -3.76               7.650                    
  3820.464 607.01214     4.125     -0.07               7.650                    
  3820.472 607.01214     0.689     -3.53               7.650                    
  3820.476      24.0     2.542     -1.19                                        
  3820.476 607.01214     1.913     -0.10               7.650                    
  3820.476 607.01214     2.123      0.16               7.650                    
  3820.497 106.00113     0.190     -5.06               3.470               Plez 
  3820.530      26.0     4.188     -3.70                                        
  3820.543 607.01214     2.517     -3.89               7.650                    
  3820.563 607.01214     4.125     -4.43               7.650                    
  3820.594 607.01214     1.913     -0.11               7.650                    
  3820.599 607.01214     0.934     -0.27               7.650                    
  3820.613 607.01214     3.660     -0.31               7.650                    
  3820.614 607.01214     2.764     -3.88               7.650                    
  3820.617 607.01214     2.123      0.15               7.650                    
  3820.643 607.01214     0.791     -0.10               7.650                    
  3820.643 607.01214     1.985     -3.87               7.650                    
  3820.646 607.01214     2.517      0.41               7.650                    
  3820.649      27.0     2.278     -3.50                                        
  3820.650 607.01214     2.764     -0.33               7.650                    
  3820.653 607.01214     0.934     -0.28               7.650                    
  3820.682 607.01214     0.934     -3.50               7.650                    
  3820.689 607.01214     1.985     -0.20               7.650                    
  3820.691      25.1     6.900     -5.67                                        
  3820.704 607.01214     0.791     -0.12               7.650                    
  3820.729      72.0     0.566     -0.46                                        
  3820.740 607.01214     0.791     -3.52               7.650                    
  3820.768      21.0     1.952     -1.87                                        
  3820.775 607.01214     2.764     -0.34               7.650                    
  3820.793 607.01214     2.517      0.41               7.650                    
  3820.798 607.01214     1.946     -3.91               7.650                    
  3820.799 607.01214     1.985     -0.21               7.650                    
  3820.824      27.0     2.135     -3.30                                        
  3820.827 607.01214     4.442     -3.95               7.650                    
  3820.831 607.01214     4.442     -2.06               7.650                    
  3820.843 607.01214     3.660     -0.31               7.650                    
  3820.859 607.01214     4.442     -2.13               7.650                    
  3820.862 607.01214     1.946      0.02               7.650                    
  3820.868      58.1     0.608     -0.88                                BIEMONT 
  3820.874      24.0     2.543     -1.16                                        
  3820.875      29.0     5.570     -1.27                                        
  3820.887      25.0     3.132     -4.81                                        
  3820.910 106.00113     0.751     -6.49               3.470               Plez 
  3820.910 607.01214     3.660     -4.41               7.650                    
  3820.914 607.01214     1.562     -0.55               7.650                    
  3820.916      42.0     2.756     -1.00                                        
  3820.919      22.1     4.861     -2.52                                        
  3820.920      25.0     4.191     -3.25                                        
  3820.927 607.01214     2.333     -3.92               7.650                    
  3820.966 607.01214     1.562     -0.57               7.650                    
  3820.985 607.01214     1.562     -3.51               7.650                    
  3820.990 607.01214     1.946      0.01               7.650                    
  3821.018 607.01214     2.333      0.29               7.650                    
  3821.076      28.0     3.539     -4.19                                        
  3821.166 607.01214     2.333      0.29               7.650                    
  3821.168      24.0     4.437     -3.02                                        
  3821.178      26.0     3.265      0.30                                        
  3821.193 607.01214     2.544     -3.88               7.650                    
  3821.201      41.0     1.079     -1.35                                        
  3821.214 607.01214     3.719     -0.22               7.650                    
  3821.218      24.0     3.085     -1.57                                        
  3821.230 607.01214     2.544     -0.32               7.650                    
  3821.261 607.01214     2.133     -3.86               7.650                    
  3821.266      58.1     0.318     -0.78                                 LAWLER 
  3821.301 607.01214     2.133     -0.27               7.650                    
  3821.320 607.01214     1.813     -0.55               7.650                    
  3821.335 106.00112     0.155     -4.97               3.470               Plez 
  3821.348 607.01214     2.544     -0.33               7.650                    
  3821.378      26.0     4.214     -2.48                                        
  3821.380 607.01214     1.813     -0.56               7.650                    
  3821.394      22.0     2.238     -2.33                                        
  3821.401 607.01214     1.813     -3.58               7.650                    
  3821.407      24.0     2.542     -2.14                                        
  3821.410 607.01214     2.133     -0.28               7.650                    
  3821.431      90.1     1.377     -0.59                                        
  3821.452      23.0     1.710     -1.64                                        
  3821.452 607.01214     3.719     -0.22               7.650                    
  3821.460      24.0     3.963     -3.16                                        
  3821.465      66.0     1.055     -0.05                                        
  3821.480 607.01214     1.107     -0.44               7.650                    
  3821.481      23.0     0.267     -1.04                                        
  3821.497 607.01214     3.291     -0.37               7.650                    
  3821.502 607.01214     1.107     -3.46               7.650                    
  3821.510      64.1     0.382     -1.58                                 LAWLER 
  3821.513 607.01214     2.089     -3.92               7.650                    
  3821.515      23.0     2.276     -3.79                                        
  3821.519      24.1     7.985     -2.67                                        
  3821.528 607.01214     3.719     -4.40               7.650                    
  3821.537 106.00112     0.155     -6.68               3.470               Plez 
  3821.538 106.00112     0.155     -4.93               3.470               Plez 
  3821.570 607.01214     2.509     -3.82               7.650                    
  3821.581      23.0     1.944     -3.31                                        
  3821.583      24.0     2.542     -1.55                                        
  3821.590 607.01214     2.089      0.15               7.650                    
  3821.592 607.01214     1.889     -3.88               7.650                    
  3821.593 607.01214     4.464     -0.01               7.650                    
  3821.617 607.01214     2.073     -0.52               7.650                    
  3821.619      22.0     2.159     -2.25                                        
  3821.627      27.0     3.102     -5.90                                        
  3821.627 607.01214     3.291     -0.38               7.650                    
  3821.627      69.0     2.162      0.28                                        
  3821.643      42.0     2.596     -1.60                                        
  3821.644 607.01214     1.889     -0.11               7.650                    
  3821.647 607.01214     3.252     -3.35               7.650                    
  3821.652 607.01214     3.252     -1.46               7.650                    
  3821.654 607.01214     3.799     -0.64               7.650                    
  3821.656 607.01214     3.291     -3.79               7.650                    
  3821.673 607.01214     3.252     -1.54               7.650                    
  3821.680      23.0     2.364     -1.62                                        
  3821.681 607.01214     2.510      0.52               7.650                    
  3821.690 607.01214     2.073     -0.53               7.650                    
  3821.699      58.1     0.529     -0.62                                        
