Ho II    3810.7       line list
  3806.918   27.0059     3.629     -5.26                                 KURHFS 
  3807.004      42.0     3.393     -1.30                                        
  3807.058      26.1     7.647     -2.19                                        
  3807.073      68.1     1.634     -0.26                                        
  3807.095      25.0     4.657     -2.74                                        
  3807.097      22.0     2.173     -3.42                                        
  3807.102      26.0     4.140     -3.29                                        
  3807.136      21.0     1.952     -2.37                               KURNOHFS 
  3807.138      28.0     0.422     -1.18                                        
  3807.144      22.0     0.818     -5.68                                        
  3807.159      26.0     3.428     -2.19                                        
  3807.170      60.1     0.064     -1.51                                 LAWLER 
  3807.174      26.0     4.140     -0.37                                        
  3807.182   25.0055     3.133     -2.90                                 KURHFS 
  3807.186   25.0055     3.133     -2.77                                 KURHFS 
  3807.186   25.0055     3.133     -3.42                                 KURHFS 
  3807.192   25.0055     3.133     -2.64                                 KURHFS 
  3807.192   25.0055     3.133     -3.23                                 KURHFS 
  3807.192   25.0055     3.133     -4.51                                 KURHFS 
  3807.199      22.0     2.425     -1.88                                        
  3807.201   25.0055     3.133     -2.52                                 KURHFS 
  3807.201   25.0055     3.133     -3.17                                 KURHFS 
  3807.201   25.0055     3.133     -4.38                                 KURHFS 
  3807.211   25.0055     3.133     -2.41                                 KURHFS 
  3807.211   25.0055     3.133     -3.21                                 KURHFS 
  3807.211   25.0055     3.133     -4.48                                 KURHFS 
  3807.224   25.0055     3.133     -2.30                                 KURHFS 
  3807.224   25.0055     3.133     -3.40                                 KURHFS 
  3807.224   25.0055     3.133     -4.81                                 KURHFS 
  3807.408      12.0     4.343     -2.00                                        
  3807.423      23.1     2.555     -3.32                                        
  3807.446      40.1     0.709     -1.50                                        
  3807.496   23.0051     0.262     -1.83                                 KURHFS 
  3807.496   23.0051     0.262     -1.86                                 KURHFS 
  3807.496   23.0051     0.262     -1.98                                 KURHFS 
  3807.511   23.0051     0.262     -1.51                                 KURHFS 
  3807.511   23.0051     0.262     -1.83                                 KURHFS 
  3807.511   23.0051     0.262     -2.31                                 KURHFS 
  3807.537      26.0     2.221     -1.06                                        
  3807.555      28.0     3.633     -3.66                                        
  3807.652      64.1     1.287     -0.33                                        
  3807.653      42.0     2.621     -1.77                                        
  3807.691      58.1     0.736     -0.63                                BIEMONT 
  3807.692      58.1     0.703     -0.64                                        
  3807.721      69.0     1.087      0.23                                        
  3807.742      75.0     1.866     -0.73                                        
  3807.754      22.0     2.115     -1.16                                        
  3807.766      22.0     2.693     -4.25                                        
  3807.844      74.0     2.420     -0.47                                        
  3807.846   23.0051     2.113     -7.27                                 KURHFS 
  3807.847   23.0051     2.113     -6.63                                 KURHFS 
  3807.847   23.0051     2.113     -6.85                                 KURHFS 
  3807.847   23.0051     2.113     -7.10                                 KURHFS 
  3807.847   23.0051     2.113     -7.10                                 KURHFS 
  3807.847   23.0051     2.113     -7.13                                 KURHFS 
  3807.847   23.0051     2.113     -7.26                                 KURHFS 
  3807.847   23.0051     2.113     -7.27                                 KURHFS 
  3807.847   23.0051     2.113     -7.44                                 KURHFS 
  3807.847   23.0051     2.113     -7.57                                 KURHFS 
  3807.847   23.0051     2.113     -7.69                                 KURHFS 
  3807.847   23.0051     2.113     -8.12                                 KURHFS 
  3807.853      42.0     3.245     -1.17                                        
  3807.874      90.1     1.140     -0.48                                        
  3807.896      66.1     1.169     -0.71                                        
  3807.922      24.0     3.011     -0.56                                        
  3807.930      62.1     0.000     -1.59                                 LAWLER 
  3807.999      68.1     0.636     -1.95                                 LAWLER 
  3808.022   27.0059     3.277    -10.84                                 KURHFS 
  3808.023   27.0059     0.431     -4.32                                 KURHFS 
  3808.023   27.0059     0.431     -4.39                                 KURHFS 
  3808.023   27.0059     0.431     -5.02                                 KURHFS 
  3808.026   27.0059     3.277    -10.84                                 KURHFS 
  3808.026   27.0059     3.277    -11.02                                 KURHFS 
  3808.031   27.0059     0.431     -4.12                                 KURHFS 
  3808.031   27.0059     0.431     -4.12                                 KURHFS 
  3808.031   27.0059     0.431     -4.86                                 KURHFS 
  3808.032   27.0059     3.277    -10.68                                 KURHFS 
  3808.032   27.0059     3.277    -11.14                                 KURHFS 
  3808.032   27.0059     3.277    -11.27                                 KURHFS 
  3808.035      23.1     5.772     -3.22                                        
  3808.040   23.0051     2.284     -4.46                                 KURHFS 
  3808.040   23.0051     2.284     -4.53                                 KURHFS 
  3808.040   23.0051     2.284     -5.16                                 KURHFS 
  3808.041   27.0059     3.277    -10.67                                 KURHFS 
  3808.041   27.0059     3.277    -10.70                                 KURHFS 
  3808.041   27.0059     3.277    -11.69                                 KURHFS 
  3808.043   27.0059     0.431     -3.92                                 KURHFS 
  3808.043   27.0059     0.431     -4.02                                 KURHFS 
  3808.043   27.0059     0.431     -4.86                                 KURHFS 
  3808.045   23.0051     2.284     -4.27                                 KURHFS 
  3808.045   23.0051     2.284     -4.27                                 KURHFS 
  3808.045   23.0051     2.284     -5.01                                 KURHFS 
  3808.051   27.0059     3.277    -10.42                                 KURHFS 
  3808.051   27.0059     3.277    -10.83                                 KURHFS 
  3808.053   23.0051     2.284     -4.06                                 KURHFS 
  3808.053   23.0051     2.284     -4.16                                 KURHFS 
  3808.053   23.0051     2.284     -5.01                                 KURHFS 
  3808.059   27.0059     0.431     -3.75                                 KURHFS 
  3808.059   27.0059     0.431     -3.97                                 KURHFS 
  3808.059   27.0059     0.431     -4.96                                 KURHFS 
  3808.062   23.0051     2.284     -3.89                                 KURHFS 
  3808.062   23.0051     2.284     -4.12                                 KURHFS 
  3808.062   23.0051     2.284     -5.10                                 KURHFS 
  3808.062      24.0     4.532     -1.57                                        
  3808.064   27.0059     3.277    -10.20                                 KURHFS 
  3808.075   23.0051     2.284     -3.75                                 KURHFS 
  3808.075   23.0051     2.284     -4.12                                 KURHFS 
  3808.075   23.0051     2.284     -5.31                                 KURHFS 
  3808.079   27.0059     0.431     -3.60                                 KURHFS 
  3808.079   27.0059     0.431     -3.98                                 KURHFS 
  3808.079   27.0059     0.431     -5.16                                 KURHFS 
  3808.089   23.0051     2.284     -3.62                                 KURHFS 
  3808.089   23.0051     2.284     -4.19                                 KURHFS 
  3808.089   23.0051     2.284     -5.71                                 KURHFS 
  3808.104   27.0059     0.431     -3.47                                 KURHFS 
  3808.104   27.0059     0.431     -4.05                                 KURHFS 
  3808.104   27.0059     0.431     -5.56                                 KURHFS 
  3808.106   23.0051     2.284     -3.50                                 KURHFS 
  3808.106   23.0051     2.284     -4.41                                 KURHFS 
  3808.113      58.1     0.295     -0.14                                 LAWLER 
  3808.126   23.0051     2.284     -3.40                                 KURHFS 
  3808.132   27.0059     0.431     -3.36                                 KURHFS 
  3808.132   27.0059     0.431     -4.26                                 KURHFS 
  3808.163   27.0059     0.431     -3.25                                 KURHFS 
  3808.173      22.0     2.675     -3.41                                        
  3808.250      60.1     0.182     -1.08                                 LAWLER 
  3808.262   27.0059     3.626     -5.32                                 KURHFS 
  3808.262   27.0059     3.626     -5.38                                 KURHFS 
  3808.262   27.0059     3.626     -6.02                                 KURHFS 
  3808.267   27.0059     3.626     -5.12                                 KURHFS 
  3808.267   27.0059     3.626     -5.12                                 KURHFS 
  3808.267   27.0059     3.626     -5.86                                 KURHFS 
  3808.275   27.0059     3.626     -4.92                                 KURHFS 
  3808.275   27.0059     3.626     -5.02                                 KURHFS 
  3808.275   27.0059     3.626     -5.86                                 KURHFS 
  3808.277      24.0     2.965     -7.03                                        
  3808.282      26.0     3.015     -1.75                                        
  3808.285   27.0059     3.626     -4.75                                 KURHFS 
  3808.285   27.0059     3.626     -4.97                                 KURHFS 
  3808.285   27.0059     3.626     -5.96                                 KURHFS 
  3808.297   27.0059     3.626     -4.60                                 KURHFS 
  3808.297   27.0059     3.626     -4.98                                 KURHFS 
  3808.297   27.0059     3.626     -6.16                                 KURHFS 
  3808.299      23.1     6.896     -0.61                                        
  3808.312   27.0059     3.626     -4.47                                 KURHFS 
  3808.312   27.0059     3.626     -5.05                                 KURHFS 
  3808.312   27.0059     3.626     -6.56                                 KURHFS 
  3808.330   27.0059     3.626     -4.36                                 KURHFS 
  3808.330   27.0059     3.626     -5.26                                 KURHFS 
  3808.337      25.0     4.791     -4.04                                        
  3808.351   27.0059     3.626     -4.25                                 KURHFS 
  3808.376   23.0051     1.954     -5.95                                 KURHFS 
  3808.376   23.0051     1.954     -6.02                                 KURHFS 
  3808.376   23.0051     1.954     -6.65                                 KURHFS 
  3808.381   23.0051     1.954     -5.75                                 KURHFS 
  3808.381   23.0051     1.954     -5.75                                 KURHFS 
  3808.381   23.0051     1.954     -6.49                                 KURHFS 
  3808.382      58.1     0.495     -1.54                                 LAWLER 
  3808.389   23.0051     1.954     -5.55                                 KURHFS 
  3808.389   23.0051     1.954     -5.65                                 KURHFS 
  3808.389   23.0051     1.954     -6.49                                 KURHFS 
  3808.391      21.1     7.375     -4.77                                        
  3808.399   23.0051     1.954     -5.38                                 KURHFS 
  3808.399   23.0051     1.954     -5.60                                 KURHFS 
  3808.399   23.0051     1.954     -6.59                                 KURHFS 
  3808.411   23.0051     1.954     -5.23                                 KURHFS 
  3808.411   23.0051     1.954     -5.61                                 KURHFS 
  3808.411   23.0051     1.954     -6.79                                 KURHFS 
  3808.426   23.0051     1.954     -5.10                                 KURHFS 
  3808.426   23.0051     1.954     -5.68                                 KURHFS 
  3808.426   23.0051     1.954     -7.19                                 KURHFS 
  3808.443   23.0051     1.954     -4.99                                 KURHFS 
  3808.443   23.0051     1.954     -5.89                                 KURHFS 
  3808.460      62.1     0.333     -1.10                                 LAWLER 
  3808.463   23.0051     1.954     -4.88                                 KURHFS 
  3808.480   25.0055     3.132     -3.56                                 KURHFS 
  3808.483   25.0055     3.132     -3.27                                 KURHFS 
  3808.483   25.0055     3.132     -3.53                                 KURHFS 
  3808.489   25.0055     3.132     -3.05                                 KURHFS 
  3808.489   25.0055     3.132     -3.35                                 KURHFS 
  3808.489   25.0055     3.132     -4.30                                 KURHFS 
  3808.497   25.0055     3.132     -2.87                                 KURHFS 
  3808.497   25.0055     3.132     -3.28                                 KURHFS 
  3808.497   25.0055     3.132     -4.22                                 KURHFS 
  3808.500   23.0051     0.000     -1.92                                 KURHFS 
  3808.500   23.0051     0.000     -2.09                                 KURHFS 
  3808.508   23.0051     0.000     -1.79                                 KURHFS 
  3808.508   23.0051     0.000     -1.92                                 KURHFS 
  3808.509   25.0055     3.132     -2.71                                 KURHFS 
  3808.509   25.0055     3.132     -3.31                                 KURHFS 
  3808.509   25.0055     3.132     -4.35                                 KURHFS 
  3808.519   23.0051     0.000     -1.79                                 KURHFS 
  3808.519   23.0051     0.000     -1.91                                 KURHFS 
  3808.519   23.0051     0.000     -2.11                                 KURHFS 
  3808.523   25.0055     3.132     -2.57                                 KURHFS 
  3808.523   25.0055     3.132     -3.48                                 KURHFS 
  3808.523   25.0055     3.132     -4.70                                 KURHFS 
  3808.532   23.0051     0.000     -1.50                                 KURHFS 
  3808.532   23.0051     0.000     -1.91                                 KURHFS 
  3808.543      21.0     1.942     -1.28                               KURNOHFS 
  3808.615      90.0     1.304     -0.28                                        
  3808.621      42.0     3.196     -1.01                                        
  3808.685      44.0     1.821     -0.21                                        
  3808.717      26.0     3.015     -3.34                                        
  3808.729      26.0     2.557     -1.16                                        
  3808.737      24.0     3.844     -1.21                                        
  3808.770      60.1     0.064     -0.65                                 LAWLER 
  3808.776      57.1     0.403     -1.61                                        
  3808.853      20.0     5.574     -2.93                                        
  3808.876      22.0     2.235     -2.99                                        
  3808.921      92.0     0.774      0.43                                        
  3808.946      23.0     2.614     -6.88                               KURNOHFS 
  3809.020      66.1     1.360     -0.50                                 LAWLER 
  3809.040      26.0     2.856     -1.99                                        
  3809.040      60.1     0.064     -0.77                                 LAWLER 
  3809.055   23.0051     2.255     -5.01                                 KURHFS 
  3809.060   23.0051     2.255     -5.01                                 KURHFS 
  3809.060   23.0051     2.255     -5.18                                 KURHFS 
  3809.068   23.0051     2.255     -4.84                                 KURHFS 
  3809.068   23.0051     2.255     -5.31                                 KURHFS 
  3809.068   23.0051     2.255     -5.43                                 KURHFS 
  3809.078   23.0051     2.255     -4.84                                 KURHFS 
  3809.078   23.0051     2.255     -4.87                                 KURHFS 
  3809.078   23.0051     2.255     -5.86                                 KURHFS 
  3809.091   23.0051     2.255     -4.59                                 KURHFS 
  3809.091   23.0051     2.255     -5.00                                 KURHFS 
  3809.107   23.0051     2.255     -4.37                                 KURHFS 
  3809.116   25.0055     3.133     -3.22                                 KURHFS 
  3809.116   25.0055     3.133     -3.73                                 KURHFS 
  3809.116   25.0055     3.133     -4.83                                 KURHFS 
  3809.122   25.0055     3.133     -3.09                                 KURHFS 
  3809.122   25.0055     3.133     -3.55                                 KURHFS 
  3809.122   25.0055     3.133     -4.70                                 KURHFS 
  3809.129   25.0055     3.133     -2.96                                 KURHFS 
  3809.129   25.0055     3.133     -3.49                                 KURHFS 
  3809.129   25.0055     3.133     -4.80                                 KURHFS 
  3809.136      25.0     4.265     -2.96                                        
  3809.139   25.0055     3.133     -2.84                                 KURHFS 
  3809.139   25.0055     3.133     -3.53                                 KURHFS 
  3809.139   25.0055     3.133     -5.13                                 KURHFS 
  3809.150   25.0055     3.133     -2.73                                 KURHFS 
  3809.150   25.0055     3.133     -3.72                                 KURHFS 
  3809.164   25.0055     3.133     -2.62                                 KURHFS 
  3809.174      23.1     6.141     -2.55                                        
  3809.218      58.1     0.608     -0.21                                 LAWLER 
  3809.225      92.1     0.708     -0.53                                        
  3809.234      74.0     0.366     -1.78                                        
  3809.309      22.0     2.248     -3.50                                        
  3809.454   25.0055     3.133     -2.46                                 KURHFS 
  3809.454   25.0055     3.133     -2.71                                 KURHFS 
  3809.458   25.0055     3.133     -2.40                                 KURHFS 
  3809.458   25.0055     3.133     -2.52                                 KURHFS 
  3809.458   25.0055     3.133     -2.71                                 KURHFS 
  3809.464   25.0055     3.133     -2.22                                 KURHFS 
  3809.464   25.0055     3.133     -2.45                                 KURHFS 
  3809.464   25.0055     3.133     -2.52                                 KURHFS 
  3809.473   25.0055     3.133     -2.03                                 KURHFS 
  3809.473   25.0055     3.133     -2.45                                 KURHFS 
  3809.473   25.0055     3.133     -2.48                                 KURHFS 
  3809.483   25.0055     3.133     -1.84                                 KURHFS 
  3809.483   25.0055     3.133     -2.48                                 KURHFS 
  3809.483   25.0055     3.133     -2.66                                 KURHFS 
  3809.485      24.0     4.183     -0.33                                        
  3809.496   25.0055     3.133     -1.67                                 KURHFS 
  3809.496   25.0055     3.133     -2.66                                 KURHFS 
  3809.497      58.1     0.553     -1.00                                 LAWLER 
  3809.498      45.0     1.483     -1.13                                        
  3809.557      23.1     6.160     -3.26                                        
  3809.564      26.0     2.996     -1.55                                        
  3809.567   25.0055     2.141     -2.00                                 KURHFS 
  3809.567   25.0055     2.141     -2.25                                 KURHFS 
  3809.572   25.0055     2.141     -1.94                                 KURHFS 
  3809.572   25.0055     2.141     -2.06                                 KURHFS 
  3809.572   25.0055     2.141     -2.25                                 KURHFS 
  3809.575   23.0051     0.275     -2.61                                 KURHFS 
  3809.575   23.0051     0.275     -2.86                                 KURHFS 
  3809.578   23.0051     0.275     -2.41                                 KURHFS 
  3809.578   23.0051     0.275     -2.61                                 KURHFS 
  3809.578   23.0051     0.275     -4.51                                 KURHFS 
  3809.578   25.0055     2.141     -1.76                                 KURHFS 
  3809.578   25.0055     2.141     -1.99                                 KURHFS 
  3809.578   25.0055     2.141     -2.06                                 KURHFS 
  3809.584   23.0051     0.275     -2.34                                 KURHFS 
  3809.584   23.0051     0.275     -2.41                                 KURHFS 
  3809.584   23.0051     0.275     -3.27                                 KURHFS 
  3809.587   25.0055     2.141     -1.57                                 KURHFS 
  3809.587   25.0055     2.141     -1.99                                 KURHFS 
  3809.587   25.0055     2.141     -2.02                                 KURHFS 
  3809.591   23.0051     0.275     -2.34                                 KURHFS 
  3809.591   23.0051     0.275     -2.37                                 KURHFS 
  3809.591   23.0051     0.275     -2.55                                 KURHFS 
  3809.598   25.0055     2.141     -1.38                                 KURHFS 
  3809.598   25.0055     2.141     -2.02                                 KURHFS 
  3809.598   25.0055     2.141     -2.20                                 KURHFS 
  3809.600   23.0051     0.275     -2.15                                 KURHFS 
  3809.600   23.0051     0.275     -2.37                                 KURHFS 
  3809.600   23.0051     0.275     -2.56                                 KURHFS 
  3809.611   23.0051     0.275     -1.86                                 KURHFS 
  3809.611   23.0051     0.275     -2.56                                 KURHFS 
  3809.612   25.0055     2.141     -1.21                                 KURHFS 
  3809.612   25.0055     2.141     -2.20                                 KURHFS 
  3809.740      62.1     0.333     -1.38                                 LAWLER 
  3809.796      22.0     2.238     -5.96                                        
  3809.819      66.0     0.937      0.18                                        
  3809.835      90.1     1.794     -0.66                                        
  3809.880      62.1     0.104     -1.58                                 LAWLER 
  3809.923      21.0     2.108     -2.34                               KURNOHFS 
  3809.957      62.0     0.387     -0.29                                        
  3809.970      66.1     0.540     -1.50                                 LAWLER 
  3810.019      22.0     1.979     -2.96                                        
  3810.095      92.0     0.479     -0.46                                        
  3810.101      58.1     0.464     -1.42                                        
  3810.129      42.0     2.595     -1.57                                        
  3810.162      22.0     2.332     -1.49                                        
  3810.215      30.0     5.791     -6.26                                        
  3810.216      26.1     4.612     -4.39                                        
  3810.247      64.1     1.526     -0.67                                        
  3810.290      66.1     0.920     -0.69                                 LAWLER 
  3810.329      68.0     0.000     -0.12                                        
  3810.384      23.0     1.891     -2.06                               KURNOHFS 
  3810.385      74.0     2.244     -0.05                                        
  3810.410      21.0     1.849     -2.24                               KURNOHFS 
  3810.430      62.1     0.248     -1.09                                 LAWLER 
  3810.480      60.1     0.742     -0.14                                 LAWLER 
  3810.482      41.0     1.428      0.30                                        
  3810.553      42.0     2.596     -2.24                                        
  3810.578   67.1165     0.000     -3.44                                LAWLER  
  3810.583   67.1165     0.000     -3.18                                LAWLER  
  3810.589   67.1165     0.000     -3.12                                LAWLER  
  3810.596   67.1165     0.000     -3.17                                LAWLER  
  3810.604   67.1165     0.000     -3.35                                LAWLER  
  3810.611   67.1165     0.000     -1.99                                LAWLER  
  3810.611   67.1165     0.000     -3.72                                LAWLER  
  3810.622   67.1165     0.000     -1.76                                LAWLER  
  3810.634   67.1165     0.000     -1.67                                LAWLER  
  3810.637   67.1165     0.000     -0.99                                LAWLER  
  3810.647   67.1165     0.000     -1.64                                LAWLER  
  3810.654   67.1165     0.000     -0.93                                LAWLER  
  3810.655   25.0055     3.132     -2.72                                 KURHFS 
  3810.657   25.0055     3.132     -2.45                                 KURHFS 
  3810.657   25.0055     3.132     -2.72                                 KURHFS 
  3810.657   25.0055     3.132     -3.48                                 KURHFS 
  3810.662   67.1165     0.000     -1.66                                LAWLER  
  3810.663   25.0055     3.132     -2.35                                 KURHFS 
  3810.663   25.0055     3.132     -2.45                                 KURHFS 
  3810.663   25.0055     3.132     -2.78                                 KURHFS 
  3810.664      21.0     2.008     -4.06                               KURNOHFS 
  3810.670      23.1     6.161     -2.87                                        
  3810.672   25.0055     3.132     -2.34                                 KURHFS 
  3810.672   25.0055     3.132     -2.35                                 KURHFS 
  3810.672   25.0055     3.132     -2.36                                 KURHFS 
  3810.673   67.1165     0.000     -0.86                                LAWLER  
  3810.676   67.1165     0.000     -1.75                                LAWLER  
  3810.681      25.1     6.908     -3.26                                        
  3810.683   25.0055     3.132     -2.00                                 KURHFS 
  3810.683   25.0055     3.132     -2.36                                 KURHFS 
  3810.683   25.0055     3.132     -2.52                                 KURHFS 
  3810.691   67.1165     0.000     -1.98                                LAWLER  
  3810.692   67.1165     0.000     -0.80                                LAWLER  
  3810.698   25.0055     3.132     -1.74                                 KURHFS 
  3810.698   25.0055     3.132     -2.52                                 KURHFS 
  3810.713   67.1165     0.000     -0.74                                LAWLER  
  3810.720      69.1     1.086     -0.97                                 LAWLER 
  3810.723      24.1     5.007     -1.95                                        
  3810.731      22.0     2.248     -1.44                                        
  3810.734   67.1165     0.000     -0.68                                LAWLER  
  3810.755   67.1165     0.000     -0.62                                LAWLER  
  3810.756      26.0     3.298     -0.89                                        
  3810.776   67.1165     0.000     -0.56                                LAWLER  
  3810.796      74.0     1.707     -0.44                                        
  3810.814      42.0     2.596     -1.60                                        
  3810.824      27.0     3.620     -2.44                               KURNOHFS 
  3810.843      26.0     4.188     -4.30                                        
  3810.898      58.1     0.739     -0.69                                        
  3810.905      26.0     2.607     -5.86                                        
  3810.986      23.1     2.542     -3.87                                        
  3810.995      90.0     0.929     -0.39                                        
  3811.007   27.0059     0.000     -7.49                                 KURHFS 
  3811.007   27.0059     0.000     -7.55                                 KURHFS 
  3811.007   27.0059     0.000     -8.19                                 KURHFS 
  3811.011   27.0059     0.000     -7.29                                 KURHFS 
  3811.011   27.0059     0.000     -7.29                                 KURHFS 
  3811.011   27.0059     0.000     -8.03                                 KURHFS 
  3811.018   27.0059     0.000     -7.09                                 KURHFS 
  3811.018   27.0059     0.000     -7.19                                 KURHFS 
  3811.018   27.0059     0.000     -8.03                                 KURHFS 
  3811.026   27.0059     0.000     -6.92                                 KURHFS 
  3811.026   27.0059     0.000     -7.14                                 KURHFS 
  3811.026   27.0059     0.000     -8.13                                 KURHFS 
  3811.030   27.0059     0.922     -4.39                                 KURHFS 
  3811.031      41.0     0.019     -0.92                                        
  3811.032   27.0059     0.922     -4.10                                 KURHFS 
  3811.032   27.0059     0.922     -4.36                                 KURHFS 
  3811.035      26.0     2.725     -2.31                                        
  3811.036   27.0059     0.922     -3.91                                 KURHFS 
  3811.036   27.0059     0.922     -4.36                                 KURHFS 
  3811.036   27.0059     0.922     -4.41                                 KURHFS 
  3811.037   27.0059     0.000     -6.77                                 KURHFS 
  3811.037   27.0059     0.000     -7.15                                 KURHFS 
  3811.037   27.0059     0.000     -8.33                                 KURHFS 
  3811.042   27.0059     0.922     -3.82                                 KURHFS 
  3811.042   27.0059     0.922     -3.97                                 KURHFS 
  3811.042   27.0059     0.922     -4.53                                 KURHFS 
  3811.050   27.0059     0.000     -6.64                                 KURHFS 
  3811.050   27.0059     0.000     -7.22                                 KURHFS 
  3811.050   27.0059     0.000     -8.73                                 KURHFS 
  3811.050   27.0059     0.922     -3.71                                 KURHFS 
  3811.050   27.0059     0.922     -3.80                                 KURHFS 
  3811.050   27.0059     0.922     -4.75                                 KURHFS 
  3811.056      26.0     2.586     -2.02                                        
  3811.059   27.0059     0.922     -3.52                                 KURHFS 
  3811.059   27.0059     0.922     -3.85                                 KURHFS 
  3811.059   27.0059     0.922     -5.16                                 KURHFS 
  3811.066   27.0059     0.000     -6.53                                 KURHFS 
  3811.066   27.0059     0.000     -7.43                                 KURHFS 
  3811.070      60.1     0.380     -0.84                                 LAWLER 
  3811.071   27.0059     0.922     -3.35                                 KURHFS 
  3811.071   27.0059     0.922     -4.05                                 KURHFS 
  3811.083   27.0059     0.000     -6.42                                 KURHFS 
  3811.084   27.0059     0.922     -3.21                                 KURHFS 
  3811.155      26.0     4.206     -3.65                                        
  3811.258   23.0051     2.267     -5.61                                 KURHFS 
  3811.261   23.0051     2.267     -5.33                                 KURHFS 
  3811.261   23.0051     2.267     -5.58                                 KURHFS 
  3811.266   23.0051     2.267     -5.14                                 KURHFS 
  3811.266   23.0051     2.267     -5.58                                 KURHFS 
  3811.266   23.0051     2.267     -5.63                                 KURHFS 
  3811.273   23.0051     2.267     -5.05                                 KURHFS 
  3811.273   23.0051     2.267     -5.19                                 KURHFS 
  3811.273   23.0051     2.267     -5.76                                 KURHFS 
  3811.279      28.0     0.212     -3.89                                        
  3811.283   23.0051     2.267     -4.94                                 KURHFS 
  3811.283   23.0051     2.267     -5.03                                 KURHFS 
  3811.283   23.0051     2.267     -5.98                                 KURHFS 
  3811.295   23.0051     2.267     -4.74                                 KURHFS 
  3811.295   23.0051     2.267     -5.08                                 KURHFS 
  3811.295   23.0051     2.267     -6.39                                 KURHFS 
  3811.310   23.0051     2.267     -4.58                                 KURHFS 
  3811.310   23.0051     2.267     -5.28                                 KURHFS 
  3811.323      63.0     1.743      0.48                                        
  3811.328   23.0051     2.267     -4.44                                 KURHFS 
  3811.388      42.0     2.678     -1.21                                        
  3811.399      22.0     1.872     -1.60                                        
  3811.429      26.0     3.981     -3.50                                        
  3811.456      23.0     2.573     -4.18                               KURNOHFS 
  3811.474      42.0     2.595     -1.82                                        
  3811.591      24.0     3.842     -1.39                                        
  3811.596      58.1     1.455     -0.20                                        
  3811.605   27.0059     3.250     -5.38                                 KURHFS 
  3811.605   27.0059     3.250     -6.22                                 KURHFS 
  3811.605   27.0059     3.250     -7.34                                 KURHFS 
  3811.617      22.0     2.248     -1.83                                        
  3811.622   27.0059     3.250     -5.52                                 KURHFS 
  3811.622   27.0059     3.250     -6.03                                 KURHFS 
  3811.622   27.0059     3.250     -6.93                                 KURHFS 
  3811.629   25.0055     3.133     -3.83                                 KURHFS 
  3811.629   25.0055     3.133     -3.86                                 KURHFS 
  3811.629   25.0055     3.133     -4.60                                 KURHFS 
  3811.634   25.0055     3.133     -3.57                                 KURHFS 
  3811.634   25.0055     3.133     -3.65                                 KURHFS 
  3811.634   25.0055     3.133     -4.53                                 KURHFS 
  3811.637   27.0059     3.250     -5.69                                 KURHFS 
  3811.637   27.0059     3.250     -5.97                                 KURHFS 
  3811.637   27.0059     3.250     -6.70                                 KURHFS 
  3811.640   25.0055     3.133     -3.35                                 KURHFS 
  3811.640   25.0055     3.133     -3.58                                 KURHFS 
  3811.640   25.0055     3.133     -4.65                                 KURHFS 
  3811.648   27.0059     3.250     -5.88                                 KURHFS 
  3811.648   27.0059     3.250     -5.99                                 KURHFS 
  3811.648   27.0059     3.250     -6.58                                 KURHFS 
  3811.649   25.0055     3.133     -3.17                                 KURHFS 
  3811.649   25.0055     3.133     -3.61                                 KURHFS 
  3811.649   25.0055     3.133     -5.00                                 KURHFS 
  3811.657   27.0059     3.250     -6.08                                 KURHFS 
  3811.657   27.0059     3.250     -6.14                                 KURHFS 
  3811.657   27.0059     3.250     -6.53                                 KURHFS 
  3811.659   25.0055     3.133     -3.01                                 KURHFS 
  3811.659   25.0055     3.133     -3.79                                 KURHFS 
  3811.662   27.0059     3.250     -6.27                                 KURHFS 
  3811.662   27.0059     3.250     -6.53                                 KURHFS 
  3811.662   27.0059     3.250     -6.56                                 KURHFS 
  3811.672   25.0055     3.133     -2.87                                 KURHFS 
  3811.722      21.0     2.109     -4.37                               KURNOHFS 
  3811.732      21.0     1.849     -1.18                               KURNOHFS 
  3811.739      23.1     5.829     -4.25                                        
  3811.770      60.1     0.000     -1.26                                 LAWLER 
  3811.781      72.0     0.292     -1.13                                        
  3811.804      26.0     3.366     -1.52                                        
  3811.821      22.0     2.576     -4.28                                        
  3811.847      59.1     0.000     -0.70                                        
  3811.853   27.0059     3.629     -5.70                                 KURHFS 
  3811.857   27.0059     3.629     -5.42                                 KURHFS 
  3811.857   27.0059     3.629     -5.70                                 KURHFS 
  3811.857   27.0059     3.629     -6.72                                 KURHFS 
  3811.864   27.0059     3.629     -5.28                                 KURHFS 
  3811.864   27.0059     3.629     -5.42                                 KURHFS 
  3811.864   27.0059     3.629     -6.02                                 KURHFS 
  3811.868   23.0051     1.948     -5.39                                 KURHFS 
  3811.870   23.0051     1.948     -5.11                                 KURHFS 
  3811.870   23.0051     1.948     -5.36                                 KURHFS 
  3811.874   23.0051     1.948     -4.92                                 KURHFS 
  3811.874   23.0051     1.948     -5.36                                 KURHFS 
  3811.874   23.0051     1.948     -5.41                                 KURHFS 
  3811.875   27.0059     3.629     -5.21                                 KURHFS 
  3811.875   27.0059     3.629     -5.28                                 KURHFS 
  3811.875   27.0059     3.629     -5.57                                 KURHFS 
  3811.881   23.0051     1.948     -4.83                                 KURHFS 
  3811.881   23.0051     1.948     -4.97                                 KURHFS 
  3811.881   23.0051     1.948     -5.54                                 KURHFS 
  3811.889   23.0051     1.948     -4.72                                 KURHFS 
  3811.889   23.0051     1.948     -4.81                                 KURHFS 
  3811.889   23.0051     1.948     -5.76                                 KURHFS 
  3811.890   27.0059     3.629     -5.21                                 KURHFS 
  3811.890   27.0059     3.629     -5.21                                 KURHFS 
  3811.890   27.0059     3.629     -5.24                                 KURHFS 
  3811.891      26.0     2.756     -1.29                                        
  3811.900   23.0051     1.948     -4.52                                 KURHFS 
  3811.900   23.0051     1.948     -4.86                                 KURHFS 
  3811.900   23.0051     1.948     -6.17                                 KURHFS 
  3811.908   27.0059     3.629     -4.98                                 KURHFS 
  3811.908   27.0059     3.629     -5.21                                 KURHFS 
  3811.908   27.0059     3.629     -5.27                                 KURHFS 
  3811.913   23.0051     1.948     -4.36                                 KURHFS 
  3811.913   23.0051     1.948     -5.06                                 KURHFS 
  3811.926      26.1     6.479     -4.68                                        
  3811.928   23.0051     1.948     -4.22                                 KURHFS 
  3811.930   27.0059     3.629     -4.76                                 KURHFS 
  3811.930   27.0059     3.629     -5.27                                 KURHFS 
  3811.930   27.0059     3.629     -5.48                                 KURHFS 
  3811.941      24.0     3.077     -2.44                                        
  3811.955   27.0059     3.629     -4.57                                 KURHFS 
  3811.955   27.0059     3.629     -5.48                                 KURHFS 
  3811.991      92.0     0.000      0.36                                        
  3812.002      29.0     5.684     -1.39                                        
  3812.060      62.1     0.104     -1.13                                 LAWLER 
  3812.156      27.0     3.213     -4.58                               KURNOHFS 
  3812.198      58.1     0.587     -0.44                                        
  3812.232      24.0     3.119     -3.25                                        
  3812.236      42.1     4.120     -1.00                                        
  3812.239      25.1     5.516     -1.90                                        
  3812.266      24.0     3.432     -0.88                                        
  3812.271      66.0     1.055      0.65                                        
  3812.389      42.0     1.380     -2.42                                        
  3812.397      24.0     3.886     -1.86                                        
  3812.397      90.0     1.919      0.03                                        
  3812.454   27.0059     1.784     -2.40                                 KURHFS 
  3812.454   27.0059     1.784     -2.72                                 KURHFS 
  3812.454   27.0059     1.784     -3.20                                 KURHFS 
  3812.462      45.0     1.782     -0.54                                        
  3812.468   27.0059     1.784     -2.72                                 KURHFS 
  3812.468   27.0059     1.784     -2.74                                 KURHFS 
  3812.468   27.0059     1.784     -2.87                                 KURHFS 
  3812.474      42.0     2.075     -1.44                                        
  3812.524      25.1     7.376     -1.51                                        
  3812.530      60.1     1.724      0.62                                        
  3812.632      23.0     2.676     -3.27                               KURNOHFS 
  3812.636      23.1     6.096     -1.30                                        
  3812.729      44.0     1.588     -0.15                                        
  3812.801      26.0     3.015     -5.20                                        
  3812.817      22.0     2.235     -1.45                                        
  3812.912      28.0     3.536     -3.98                                        
  3812.937      24.0     2.911     -9.39                                        
  3812.964      26.0     0.957     -1.06                                        
  3812.965      27.0     3.213     -3.69                               KURNOHFS 
  3812.978      26.0     4.151     -2.42                                        
