La II     3995.7       line list
  3993.724 106.00113     0.359     -1.37               3.470               Plez 
  3993.724      23.0     2.553     -6.36                                        
  3993.732      26.0     3.571     -2.46                                        
  3993.785      24.0     4.444     -3.48                                        
  3993.787 106.00112     0.777     -7.74               3.470               Plez 
  3993.789      22.0     2.115     -1.86                                        
  3993.797 106.00113     0.777     -7.74               3.470               Plez 
  3993.819      58.1     0.909      0.29                                 LAWLER 
  3993.839      25.0     3.769     -1.68                                        
  3993.904      23.1     3.756     -3.29                                        
  3993.915      74.0     2.855     -0.19                                        
  3993.927      28.0     3.676     -0.37                                        
  3993.932      42.0     2.913     -1.28                                        
  3993.960 106.00113     0.359     -6.71               3.470               Plez 
  3993.960      24.0     2.707     -0.88                                        
  3994.005      26.0     3.263     -1.79                                        
  3994.010      26.0     3.265     -3.20                                        
  3994.030      60.1     0.182     -1.48                                 LAWLER 
  3994.108      27.1     2.727     -5.29                                        
  3994.113      26.0     3.045     -1.47                                        
  3994.131      26.0     4.188     -3.53                                        
  3994.157      28.0     4.150     -3.37                                        
  3994.160      64.1     0.522     -0.73                                 LAWLER 
  3994.210 106.00113     0.777     -7.74               3.470               Plez 
  3994.239      27.0     3.407     -4.30                                        
  3994.247      24.1     6.280     -2.00                                        
  3994.264      26.0     2.873     -5.16                                        
  3994.291      92.1     0.036     -1.78                                        
  3994.318      24.0     3.008     -2.95                                        
  3994.413      41.0     1.393     -1.19                                        
  3994.456      22.0     2.486     -2.51                                        
  3994.494 106.00112     0.359     -1.40               3.470               Plez 
  3994.517      20.0     5.927     -1.72                                        
  3994.531      66.0     0.512     -0.72                                        
  3994.534      27.0     0.629     -2.71                                        
  3994.541      22.0     2.101     -1.86                                        
  3994.549      90.1     0.000     -1.54                                        
  3994.553 106.00112     0.359     -6.71               3.470               Plez 
  3994.577      74.1     2.949     -1.72                                        
  3994.580      58.1     0.703     -1.09                                 LAWLER 
  3994.608      20.0     2.930     -1.61                                        
  3994.626      42.0     3.731     -1.08                                        
  3994.643      23.0     2.364     -3.23                                        
  3994.648      58.1     0.232     -2.02                                 LAWLER 
  3994.670   59.1141     0.055     -3.04                                 LI/LAW 
  3994.670      60.1     0.320      0.04                                 LAWLER 
  3994.673 106.00112     0.359     -1.37               3.470               Plez 
  3994.675      22.0     2.091     -0.70                                        
  3994.683   59.1141     0.055     -1.83                                 LI/LAW 
  3994.688   59.1141     0.055     -2.90                                 LI/LAW 
  3994.691      26.0     3.981     -3.00                                        
  3994.693   59.1141     0.055     -1.16                                 LI/LAW 
  3994.705   59.1141     0.055     -1.64                                 LI/LAW 
  3994.712   59.1141     0.055     -2.99                                 LI/LAW 
  3994.719   59.1141     0.055     -1.05                                 LI/LAW 
  3994.733   59.1141     0.055     -1.58                                 LI/LAW 
  3994.742   59.1141     0.055     -3.31                                 LI/LAW 
  3994.751   59.1141     0.055     -0.94                                 LI/LAW 
  3994.755 106.00112     1.147     -6.94               3.470               Plez 
  3994.768   59.1141     0.055     -1.62                                 LI/LAW 
  3994.789   59.1141     0.055     -0.83                                 LI/LAW 
  3994.796      28.0     4.232     -0.73                                        
  3994.809   59.1141     0.055     -1.81                                 LI/LAW 
  3994.834   59.1141     0.055     -0.74                                 LI/LAW 
  3994.842      22.1     1.179     -6.70                                        
  3994.846 106.00112     1.147     -4.48               3.470               Plez 
  3994.853      68.1     0.636     -1.93                                 LAWLER 
  3994.874      23.0     2.579     -0.97                                        
  3994.885   59.1141     0.055     -0.64                                 LI/LAW 
  3994.933      76.0     2.639     -0.78                                        
  3994.956 106.00113     1.147     -4.48               3.470               Plez 
  3995.085      21.0     1.849     -4.53                                        
  3995.094      24.0     4.093     -3.44                                        
  3995.112      25.0     4.675     -3.58                                        
  3995.138      20.0     2.930     -3.88                                        
  3995.150      26.0     4.188     -2.77                                        
  3995.175      20.0     2.930     -8.11                                        
  3995.205      26.0     4.100     -1.20                                        
  3995.215      26.0     3.265     -1.66                                        
  3995.233      26.0     3.632     -4.07                                        
  3995.240      60.1     0.380     -0.88                                 LAWLER 
  3995.261      68.1     1.680     -0.43                                        
  3995.302      27.0     0.922     -0.22                                        
  3995.313 106.00113     1.147     -6.94               3.470               Plez 
  3995.317      25.1     5.376     -2.44                                        
  3995.328      26.0     4.280     -3.25                                        
  3995.337      23.0     1.871     -6.50                                        
  3995.358      26.0     3.651     -6.03                                        
  3995.425      58.1     0.459     -1.63                                 LAWLER 
  3995.476      42.0     2.595     -2.19                                        
  3995.487      21.1     4.875     -3.32                                        
  3995.499      23.0     2.121     -2.47                                        
  3995.503      21.1     0.595     -4.08                                        
  3995.525      42.0     3.393     -1.55                                        
  3995.580      69.1     0.029     -1.78                                 LAWLER 
  3995.602      45.0     1.278     -1.17                                        
  3995.652      56.0     1.189     -0.83                                        
  3995.708   57.1139     0.173     -1.28                                 LAWLER 
  3995.711   57.1139     0.173     -1.46                                 LAWLER 
  3995.716   57.1139     0.173     -1.11                                 LAWLER 
  3995.721   57.1139     0.173     -3.21                                 LAWLER 
  3995.724   57.1139     0.173     -1.28                                 LAWLER 
  3995.728   57.1139     0.173     -1.10                                 LAWLER 
  3995.730      24.0     3.119     -8.72                                        
  3995.734   57.1139     0.173     -1.78                                 LAWLER 
  3995.738   57.1139     0.173     -1.11                                 LAWLER 
  3995.743   57.1139     0.173     -1.26                                 LAWLER 
  3995.751   57.1139     0.173     -1.08                                 LAWLER 
  3995.757   57.1139     0.173     -1.10                                 LAWLER 
  3995.771   57.1139     0.173     -0.69                                 LAWLER 
  3995.778   57.1139     0.173     -1.26                                 LAWLER 
  3995.845      28.0     4.164     -1.16                                        
  3995.862      26.0     4.206     -0.38                                        
  3995.887      26.0     4.214     -3.30                                        
  3995.891      28.0     4.164     -2.46                                        
  3995.937      58.1     0.700     -0.77                                BIEMONT 
  3995.979      44.0     1.124     -1.01                                        
  3995.983      26.0     2.725     -1.45                                        
  3996.062      90.1     1.902      0.01                                        
  3996.083      25.0     4.270     -1.23                                        
  3996.111      28.0     4.150     -1.16                                        
  3996.114      22.1     5.028     -3.07                                        
  3996.121      26.1     4.612     -6.29                                        
  3996.142      23.0     2.357     -3.24                                        
  3996.146      24.0     4.398     -2.52                                        
  3996.149      45.0     1.483     -0.62                                        
  3996.165      73.0     0.749     -1.31                                        
  3996.245      42.0     2.258     -2.23                                        
  3996.260      26.0     3.289     -2.38                                        
  3996.265 106.00113     1.484     -9.91               3.470               Plez 
  3996.279      24.0     3.432     -1.55                                        
  3996.279      26.0     2.988     -2.79                                        
  3996.310      64.1     1.126     -0.10                                 LAWLER 
  3996.345      26.1     5.952     -2.93                                        
  3996.369      42.0     2.913     -2.09                                        
  3996.395 106.00112     0.463     -7.12               3.470               Plez 
  3996.420      23.0     1.929     -2.21                                        
  3996.475      58.1     0.529     -1.19                                 LAWLER 
  3996.494      26.0     3.684     -5.59                                        
  3996.508      44.0     1.122     -2.06                                        
  3996.510      69.1     0.000     -1.20                                 LAWLER 
  3996.550      26.0     3.881     -4.24                                        
  3996.567 106.00113     1.484     -5.49               3.470               Plez 
  3996.568      78.0     1.921     -1.32                                        
  3996.594 106.00113     1.484     -5.51               3.470               Plez 
  3996.598      21.0     0.000     -0.66                                        
  3996.635      22.0     2.101     -1.35                                        
  3996.690      66.1     0.590     -0.26                                 LAWLER 
  3996.785      26.0     4.151     -1.32                                        
  3996.802      76.0     0.000     -3.46                                        
  3996.836 106.00112     1.017     -6.93               3.470               Plez 
  3996.853      24.0     4.183     -1.91                                        
  3996.876      23.0     2.563     -5.60                                        
  3996.879 106.00112     1.017     -4.70               3.470               Plez 
  3996.917      66.0     0.000     -1.69                                        
  3996.935 106.00112     1.017     -4.73               3.470               Plez 
  3996.951 106.00113     1.017     -4.70               3.470               Plez 
  3996.962      24.0     4.436     -4.06                                        
  3996.964      26.0     3.692     -0.84                                        
  3996.975      27.0     3.565     -4.99                                        
  3997.029      27.0     3.565     -1.03                                        
  3997.040      59.1     0.371     -0.21                                LINOHFS 
  3997.080 106.00113     1.017     -4.73               3.470               Plez 
  3997.081      92.0     0.868     -0.07                                        
  3997.087 106.00113     0.463     -7.12               3.470               Plez 
  3997.112      24.0     3.011     -3.41                                        
  3997.120      23.1     1.475     -1.20                                        
  3997.127      74.0     2.351     -0.67                                        
  3997.199      26.0     3.600     -4.77                                        
  3997.240      26.0     3.600     -5.46                                        
  3997.269      58.1     0.721     -1.64                                 LAWLER 
  3997.339 106.00113     1.017     -6.93               3.470               Plez 
  3997.341      27.0     2.875     -2.56                                        
  3997.392      26.0     2.725     -0.39                                        
  3997.400      60.1     0.630     -0.80                                 LAWLER 
  3997.469      90.1     1.377     -1.16                                        
  3997.473      26.0     3.239     -4.53                                        
  3997.475      58.1     0.811     -0.72                                BIEMONT 
  3997.483      26.0     3.239     -2.32                                        
  3997.647      24.0     3.119     -5.74                                        
  3997.667      24.0     4.443     -1.85                                        
