Hf II    3918        line list
  3916.042      57.1     0.235     -0.80                                    ADJ
  3916.040      26.0     4.280     -3.50                                    ADJ
  3916.061      26.0     4.151    -2.663
  3916.069      23.0     2.073    -1.852
  3916.083 106.00112     0.896    -4.674               3.470
  3916.083 106.00112     0.896    -7.103               3.470
  3916.095      22.0     2.425    -1.112
  3916.105      24.0     4.613    -2.518
  3916.108      21.0     1.432    -4.186
  3916.120      23.0     2.357    -2.200
  3916.140      58.1     0.529     -0.93                                BIEMONT
  3916.141 106.00112     0.896    -4.698               3.470
  3916.141 106.00112     0.896    -7.166               3.470
  3916.146      25.0     4.657    -2.352
  3916.184      58.1     0.932     -0.68                                BIEMONT
  3916.230      25.0     3.768    -3.906
  3916.240      24.0     0.968    -1.650
  3916.255      58.1     1.026     -1.09                                BIEMONT
  3916.361      62.1     1.075    -1.160
  3916.404      25.0     4.270    -0.894
  3916.390      23.1     1.427     -0.95                                MYSPLIT
  3916.413      23.1     1.427     -0.95                                MYSPLIT
  3916.418      90.0     0.000    -1.662
  3916.422      21.0     2.292    -1.376
  3916.430      42.0     3.396    -0.912
  3916.476      69.0     1.087     0.941
  3916.509      64.1     0.600     -0.05                                 LAWLER
  3916.521      92.0     0.870    -0.028
  3916.545 106.00112     1.106    -5.961               3.470
  3916.562      21.0     2.562    -3.058
  3916.586      25.0     3.850     -1.40                                    ADJ
   3916.61      64.1     0.556     -2.00                                 LAWLER
  3916.646      40.0     0.154    -1.450
  3916.683      23.1     6.182    -4.203
  3916.715      21.0     2.507    -2.649
  3916.731      26.0     3.234     -1.10                                    ADJ
  3916.740      22.1     4.965    -0.943
  3916.796      90.1     2.196     0.089
  3916.800      23.0     3.113    -3.526
  3916.835      25.1     6.900    -6.237
  3916.884      58.1     0.909     -0.65                                BIEMONT
  3916.844      21.1     7.425    -1.916
  3916.911      26.0     4.298    -3.951
  3916.913      23.0     2.246    -2.657
  3916.925      42.0     2.834    -1.022
  3916.939      58.1     0.295     -1.07                                BIEMONT
  3916.971      24.0     3.011     -1.40                                    ADJ
  3917.047      27.0     3.574    -1.064
  3917.059 106.00112     1.107    -5.961               3.470
  3917.100      26.0     3.881    -3.309
  3917.110      60.1     0.182     -1.62                                 LAWLER
  3917.109      27.0     2.278     -0.80                                    ADJ
  3917.117      24.0     3.110    -4.065
  3917.183      26.0     0.989     -2.40                                    ADJ
  3917.243      92.0     1.006     0.407
  3917.250      58.1     0.435     -1.07                                BIEMONT
  3917.266      75.0     2.059    -0.290
  3917.269      90.0     1.304    -0.331
  3917.285      66.0     0.937     0.540
  3917.289 106.00112     0.663    -4.701               3.470
  3917.297      63.0     1.617     0.600
  3917.303 106.00112     0.663    -4.701               3.470
  3917.318      25.1     6.908    -1.147
  3917.342      24.0     3.419    -3.926
  3917.346 106.00112     0.431    -5.667               3.470
  3917.356      26.0      3.50     -2.30                                   FAKE
  3917.378      66.0     1.488     1.080
  3917.384      24.0     2.965    -2.827
  3917.397 106.00112     0.431    -6.889               3.470
  3917.435      62.1     0.104     -1.00                                 LAWLER
  3917.438      25.0     3.769     -2.80                                    ADJ
  3917.447      72.1     2.681     0.050
  3917.450      21.0     1.427    -5.718
  3917.536      42.0     2.521    -0.769
  3917.540      24.0     3.102    -2.914
  3917.590      24.0     3.011     -0.90                                    ADJ
  3917.591      58.1     0.708     -1.01                                BIEMONT
  3917.608 106.00112     0.663    -4.053               3.470
  3917.621 106.00112     0.663    -4.053               3.470
  3917.639      58.1     0.634     -0.59                                BIEMONT
  3917.642      60.1     1.337      0.10                                    ADJ
  3917.650 106.00112     1.375    -3.446               3.470
  3917.662 106.00112     0.431    -5.593               3.470
  3917.665 106.00112     0.431    -5.667               3.470
  3917.711      63.1     1.229    -2.040
  3917.714 106.00112     1.375    -3.465               3.470
  3917.716 106.00112     0.431    -6.889               3.470
  3917.724      24.0     4.614     -1.60                                    ADJ
  3917.724      42.0     2.644    -1.588
  3917.763 106.00112     1.375    -5.859               3.470
  3917.774      28.0     4.102     -3.00                                    ADJ
  3917.774      42.0     2.593    -1.192
  3917.819      28.0     4.102     -1.70                                    ADJ
  3917.860      24.0     2.980     -4.00                                    ADJ
  3917.868      26.0     4.217     -2.25                                    ADJ
  3917.946 106.00112     0.431    -5.593               3.470
  3917.990      26.0      3.50     -3.80                                   FAKE
  3918.016      24.0     3.553    -3.908
  3918.044      68.0     1.533     0.985
  3918.057      64.1     1.126     -0.80                                 LAWLER
  3918.063      27.0     3.663     -1.40                                    ADJ
  3918.089      24.0     2.913    -5.518
  3918.084      72.1     0.452     -1.14                                 LAWLER
  3918.120 106.00112     1.481    -6.226               3.470
  3918.168      39.0     1.355    -0.830
  3918.181      26.0     3.015     -7.50                                    ADJ
  3918.186      24.1     4.924     -5.00
  3918.207      21.0     2.294    -0.726
  3918.228      64.1     0.601     -1.30                                 LAWLER
  3918.247      26.1     5.906     -1.60                                    ADJ
  3918.270      58.1     0.696      0.08                                BIEMONT
  3918.290 106.00112     0.954    -7.125               3.470
  3918.304      25.0     4.229    -0.369
  3918.307      25.0     4.191    -0.539
  3918.315      26.0     2.482     -1.50                                    ADJ
  3918.329 106.00112     0.954    -4.652               3.470
  3918.346      68.1     0.669     -1.30                                    ADJ
  3918.352 106.00112     0.954    -4.674               3.470
  3918.375      25.0     3.769    -2.746
  3918.390 106.00112     0.954    -7.185               3.470
  3918.393 106.00112     0.312    -5.461               3.470
  3918.401      22.0     2.331    -4.253
  3918.409      26.0     3.957    -4.483
  3918.413 106.00112     0.312    -7.295               3.470
  3918.415      26.0     2.843     -1.30                                    ADJ
  3918.510      63.0     1.707    -0.060
  3918.518      73.0     0.000    -1.680
  3918.524      24.0     3.011    -1.592
  3918.528 106.00112     0.312    -5.424               3.470
  3918.528      26.1     5.906     -3.00                                    ADJ
  3918.553      66.1     1.357    -0.575
  3918.571      26.0     2.829     -2.90                                    ADJ
  3918.596      74.0     1.507    -1.270
  3918.605      27.0     2.041    -5.067
  3918.608      62.1     0.184     -1.52                                 LAWLER
  3918.640      26.0     3.015     -1.00                                    ADJ
  3918.673      21.1     7.466    -5.656
  3918.733      27.0     3.574    -2.072
  3918.779      26.0     4.183     -2.50                                    ADJ
  3918.855      59.1     0.371     0.142
  3918.886      26.0      3.50     -2.85                                   FAKE
  3918.888      60.1     1.328    -0.190
  3918.955      20.0     1.884    -6.180
  3918.971      76.0     3.463    -0.350
  3919.006      41.0     1.156    -1.020
  3919.021      26.1     7.392    -3.821
  3919.024      90.0     0.457    -0.869
  3919.065      26.0     2.988     -1.25                                    ADJ
  3919.101      26.0     4.175     -2.60                                    ADJ
  3919.104      22.0     2.776    -3.701
  3919.106      23.0     2.255    -2.312
  3919.117      66.0     1.965     0.970
  3919.148      24.0     3.011     -1.30                                    ADJ
  3919.150 106.00112     1.401    -4.669               3.470
  3919.158      24.0     1.029     -0.90                                    ADJ
  3919.174      41.0     1.531    -0.650
  3919.255 106.00112     1.401    -7.486               3.470
  3919.288      26.0     3.544     -4.00                                    ADJ
  3919.303      25.0     5.108    -0.790
  3919.324      24.1     4.981    -4.406
  3919.360      28.0     4.164     -1.70                                    ADJ
  3919.401      24.1     4.940    -3.665
  3919.442      25.0     5.130    -2.044
  3919.445      26.0     2.452     -4.50                                    ADJ
  3919.447 106.00112     0.313    -5.461               3.470
  3919.467 106.00112     0.313    -7.295               3.470
  3919.486      26.1     7.569    -3.023
  3919.492 106.00112     0.033    -3.580               3.470
  3919.499 106.00112     0.313    -5.424               3.470
  3919.505      65.1     0.790     +0.29                                 LAWLER
  3919.527 106.00112     1.401    -7.526               3.470
  3919.540      26.0     4.183     -2.65                                    ADJ
  3919.581      22.0     2.332     -0.60                                    ADJ
  3919.602      22.0     1.979    -4.457
  3919.619      27.0     3.565    -3.006
  3919.619      41.1     1.670    -0.900
  3919.631 106.00112     1.401    -4.684               3.470
  3919.635      26.0      3.50     -3.20                                   FAKE
  3919.642 106.00112     1.482    -6.226               3.470
  3919.703      26.0     4.183     -2.30                                    ADJ
  3919.727 106.00112     1.376    -3.446               3.470
  3919.730      24.0     2.985    -3.866
  3919.787      25.0     3.769    -2.930
  3919.788      24.0     4.385    -4.036
  3919.803      58.1     0.700     -0.15                                BIEMONT
  3919.806      22.0     1.501     -1.20                                    ADJ
  3919.838 106.00112     1.079    -5.909               3.470
  3919.840 106.00112     1.376    -5.859               3.470
  3919.840      60.1     0.320     -1.20                                 LAWLER
  3919.916      60.1     0.742    -0.360
  3919.917 106.00112     1.376    -3.465               3.470
  3919.924      22.0     2.159    -2.874
  3919.982      23.0     1.852    -1.119
  3920.069      42.0     2.596    -1.934
  3920.097      22.1     4.891    -3.747
  3920.113      26.0     3.940    -4.453
