Ho II    3890.9      line list
  3886.926   27.0059     3.626     -3.05                                 KURHFS 
  3886.926   27.0059     3.626     -3.42                                 KURHFS 
  3886.926   27.0059     3.626     -4.61                                 KURHFS 
  3886.942   27.0059     3.626     -2.92                                 KURHFS 
  3886.942   27.0059     3.626     -3.50                                 KURHFS 
  3886.942   27.0059     3.626     -5.01                                 KURHFS 
  3886.946      27.0     3.663     -1.03                               KURNOHFS 
  3886.960   27.0059     3.626     -2.81                                 KURHFS 
  3886.960   27.0059     3.626     -3.71                                 KURHFS 
  3886.982   27.0059     3.626     -2.70                                 KURHFS 
  3886.998   23.0051     1.349     -4.10                                 KURHFS 
  3887.000   23.0051     1.349     -3.82                                 KURHFS 
  3887.000   23.0051     1.349     -4.07                                 KURHFS 
  3887.004   23.0051     1.349     -3.63                                 KURHFS 
  3887.004   23.0051     1.349     -4.07                                 KURHFS 
  3887.004   23.0051     1.349     -4.12                                 KURHFS 
  3887.010   23.0051     1.349     -3.54                                 KURHFS 
  3887.010   23.0051     1.349     -3.68                                 KURHFS 
  3887.010   23.0051     1.349     -4.25                                 KURHFS 
  3887.015      22.0     1.442     -5.08                                        
  3887.018   23.0051     1.349     -3.43                                 KURHFS 
  3887.018   23.0051     1.349     -3.52                                 KURHFS 
  3887.018   23.0051     1.349     -4.47                                 KURHFS 
  3887.018 607.01214     4.062     -0.96               7.650                    
  3887.019      90.0     1.290     -0.07                                        
  3887.028   23.0051     1.349     -3.23                                 KURHFS 
  3887.028   23.0051     1.349     -3.57                                 KURHFS 
  3887.028   23.0051     1.349     -4.88                                 KURHFS 
  3887.028      24.0     2.985     -2.77                                        
  3887.040   23.0051     1.349     -3.07                                 KURHFS 
  3887.040   23.0051     1.349     -3.77                                 KURHFS 
  3887.045      28.0     3.594     -3.51                                        
  3887.048      26.0     0.914     -1.14                                        
  3887.052      23.1     4.700     -4.22                                        
  3887.054   23.0051     1.349     -2.93                                 KURHFS 
  3887.076      24.0     3.011     -1.86                                        
  3887.106 607.01214     3.702     -3.96               7.650                    
  3887.110      62.1     0.543     -1.48                                 LAWLER 
  3887.115      26.0     4.188     -3.80                                        
  3887.118 607.01214     3.702     -1.29               7.650                    
  3887.140      21.0     1.849     -3.65                               KURNOHFS 
  3887.143      24.1     4.934     -3.22                                        
  3887.149      68.1     1.368     -0.64                                 LAWLER 
  3887.150      64.1     0.078     -1.83                                 LAWLER 
  3887.151 607.01214     4.193     -4.89               7.650                    
  3887.154 607.01214     4.255     -0.32               7.650                    
  3887.180      21.0     1.952     -2.84                               KURNOHFS 
  3887.181 607.01214     3.702     -1.32               7.650                    
  3887.202 607.01214     3.680     -1.38               7.650                    
  3887.258 607.01214     3.680     -1.42               7.650                    
  3887.266 607.01214     3.680     -3.86               7.650                    
  3887.307 607.01214     4.255     -0.34               7.650                    
  3887.331 607.01214     4.255     -3.67               7.650                    
  3887.333      25.0     4.662     -1.77                                        
  3887.347      69.0     0.000     -0.17                                        
  3887.354      26.0     2.756     -7.40                                        
  3887.357      22.0     1.995     -1.06                                        
  3887.410      26.0     3.926     -3.64                                        
  3887.451      21.1     7.418     -1.98                                        
  3887.468 607.01214     2.395     -1.03               7.650                    
  3887.481      75.0     3.363      0.09                                        
  3887.486      24.0     2.965     -4.30                                        
  3887.495 607.01214     2.395     -1.08               7.650                    
  3887.502 607.01214     2.395     -3.16               7.650                    
  3887.517      26.0     4.100     -3.63                                        
  3887.518 607.01214     2.456     -3.51               7.650                    
  3887.534 607.01214     2.456     -0.69               7.650                    
  3887.551      23.0     1.891     -1.38                               KURNOHFS 
  3887.589 607.01214     2.456     -0.71               7.650                    
  3887.652      24.0     3.963     -4.11                                        
  3887.660      65.1     0.126     -0.84                               LAWNOHFS 
  3887.670      42.0     3.315     -1.15                                        
  3887.711      27.0     3.684     -2.94                               KURNOHFS 
  3887.714      23.0     2.038     -4.08                               KURNOHFS 
  3887.723 607.01214     4.149     -0.02               7.650                    
  3887.735      64.0     0.066     -1.27                                        
  3887.765      39.0     1.407     -0.99                                        
  3887.791      25.0     4.824     -2.18                                        
  3887.804      22.0     2.229     -2.69                                        
  3887.813      24.0     3.090     -4.35                                        
  3887.818      44.0     1.865     -0.70                                        
  3887.830   23.0051     2.255     -1.90                                 KURHFS 
  3887.830   23.0051     2.255     -2.15                                 KURHFS 
  3887.830   23.0051     2.255     -2.18                                 KURHFS 
  3887.836   23.0051     2.255     -1.71                                 KURHFS 
  3887.836   23.0051     2.255     -1.76                                 KURHFS 
  3887.836   23.0051     2.255     -2.15                                 KURHFS 
  3887.844   23.0051     2.255     -1.51                                 KURHFS 
  3887.844   23.0051     2.255     -1.62                                 KURHFS 
  3887.844   23.0051     2.255     -2.20                                 KURHFS 
  3887.855   23.0051     2.255     -1.31                                 KURHFS 
  3887.855   23.0051     2.255     -1.59                                 KURHFS 
  3887.855   23.0051     2.255     -2.33                                 KURHFS 
  3887.868   23.0051     2.255     -1.15                                 KURHFS 
  3887.868   23.0051     2.255     -1.65                                 KURHFS 
  3887.868   23.0051     2.255     -2.55                                 KURHFS 
  3887.870      60.1     0.064     -0.78                                 LAWLER 
  3887.884   23.0051     2.255     -1.00                                 KURHFS 
  3887.884   23.0051     2.255     -1.84                                 KURHFS 
  3887.884   23.0051     2.255     -2.96                                 KURHFS 
  3887.946 607.01214     2.668     -0.69               7.650                    
  3887.951      42.0     3.440     -0.87                                        
  3887.951      75.0     2.147     -0.86                                        
  3887.958 607.01214     4.149     -0.03               7.650                    
  3887.974      74.1     2.574     -1.74                                        
  3888.008 607.01214     2.668     -0.71               7.650                    
  3888.022      22.0     1.995     -0.97                                        
  3888.023 607.01214     2.668     -3.51               7.650                    
  3888.038   23.0051     1.948     -4.98                                 KURHFS 
  3888.041   23.0051     1.948     -4.70                                 KURHFS 
  3888.041   23.0051     1.948     -4.98                                 KURHFS 
  3888.041   23.0051     1.948     -6.00                                 KURHFS 
  3888.045   23.0051     1.948     -4.56                                 KURHFS 
  3888.045   23.0051     1.948     -4.70                                 KURHFS 
  3888.045   23.0051     1.948     -5.30                                 KURHFS 
  3888.048      26.0     4.188     -1.70                                        
  3888.052   23.0051     1.948     -4.49                                 KURHFS 
  3888.052   23.0051     1.948     -4.56                                 KURHFS 
  3888.052   23.0051     1.948     -4.85                                 KURHFS 
  3888.058 607.01214     4.293     -0.04               7.650                    
  3888.061   23.0051     1.948     -4.49                                 KURHFS 
  3888.061   23.0051     1.948     -4.49                                 KURHFS 
  3888.061   23.0051     1.948     -4.52                                 KURHFS 
  3888.072   23.0051     1.948     -4.26                                 KURHFS 
  3888.072   23.0051     1.948     -4.49                                 KURHFS 
  3888.072   23.0051     1.948     -4.55                                 KURHFS 
  3888.072 607.01214     2.750     -3.67               7.650                    
  3888.081 607.01214     4.149     -4.50               7.650                    
  3888.086   23.0051     1.948     -4.04                                 KURHFS 
  3888.086   23.0051     1.948     -4.55                                 KURHFS 
  3888.086   23.0051     1.948     -4.76                                 KURHFS 
  3888.095 607.01214     2.750     -0.54               7.650                    
  3888.101   23.0051     1.948     -3.85                                 KURHFS 
  3888.101   23.0051     1.948     -4.76                                 KURHFS 
  3888.108   27.0059     3.277     -6.09                                 KURHFS 
  3888.108   27.0059     3.277     -6.34                                 KURHFS 
  3888.108   27.0059     3.277     -6.37                                 KURHFS 
  3888.113      23.1     4.772     -2.08                                        
  3888.113   27.0059     3.277     -5.90                                 KURHFS 
  3888.113   27.0059     3.277     -5.96                                 KURHFS 
  3888.113   27.0059     3.277     -6.34                                 KURHFS 
  3888.119   27.0059     3.277     -5.70                                 KURHFS 
  3888.119   27.0059     3.277     -5.81                                 KURHFS 
  3888.119   27.0059     3.277     -6.39                                 KURHFS 
  3888.122      26.0     4.214     -2.40                                        
  3888.128   27.0059     3.277     -5.50                                 KURHFS 
  3888.128   27.0059     3.277     -5.79                                 KURHFS 
  3888.128   27.0059     3.277     -6.52                                 KURHFS 
  3888.139   27.0059     3.277     -5.34                                 KURHFS 
  3888.139   27.0059     3.277     -5.84                                 KURHFS 
  3888.139   27.0059     3.277     -6.74                                 KURHFS 
  3888.152   27.0059     3.277     -5.20                                 KURHFS 
  3888.152   27.0059     3.277     -6.04                                 KURHFS 
  3888.152   27.0059     3.277     -7.15                                 KURHFS 
  3888.159      23.0     2.576     -3.21                               KURNOHFS 
  3888.175      42.0     2.497     -1.07                                        
  3888.178 607.01214     2.750     -0.55               7.650                    
  3888.184 607.01214     3.437     -0.46               7.650                    
  3888.187      22.0     2.493     -1.29                                        
  3888.205      22.1     4.906     -1.63                                        
  3888.284 607.01214     4.293     -0.04               7.650                    
  3888.287      22.0     2.039     -2.57                                        
  3888.331      45.0     1.675     -0.80                                        
  3888.332      23.0     1.798     -1.69                               KURNOHFS 
  3888.338      28.0     3.737     -4.18                                        
  3888.363      58.1     1.854      0.38                                        
  3888.387      58.1     0.634     -0.80                                 LAWLER 
  3888.389      24.0     3.887     -2.36                                        
  3888.389 607.01214     3.437     -0.46               7.650                    
  3888.416      26.0     3.263     -1.50                                        
  3888.416 607.01214     4.293     -4.57               7.650                    
  3888.417      29.0     5.720     -1.87                                        
  3888.423      26.0     4.151     -2.85                                        
  3888.423 607.01214     4.158     -4.54               7.650                    
  3888.425      66.1     1.980      0.29                                        
  3888.441 607.01214     4.158     -1.51               7.650                    
  3888.443      22.1     4.891     -4.07                                        
  3888.444 607.01214     3.437     -4.37               7.650                    
  3888.511      23.1     2.599     -3.92                                        
  3888.512      23.0     2.330     -2.94                               KURNOHFS 
  3888.513      26.0     1.607     -0.53                                        
  3888.546 607.01214     4.158     -1.53               7.650                    
  3888.565      55.0     0.000     -2.70                                        
  3888.655      23.0     2.027     -2.07                               KURNOHFS 
  3888.680      23.1     4.513     -3.91                                        
  3888.734 607.01214     4.295     -0.12               7.650                    
  3888.747      22.0     2.015     -1.96                                        
  3888.801      22.0     2.235     -7.60                                        
  3888.815   67.1165     0.725     -1.73                                LAWLER  
  3888.816   67.1165     0.725     -0.47                                LAWLER  
  3888.822      26.0     3.015     -0.74                                        
  3888.830      25.0     4.675     -1.02                                        
  3888.863 607.01214     3.703     -3.73               7.650                    
  3888.864   67.1165     0.725     -1.50                                LAWLER  
  3888.867   67.1165     0.725     -0.56                                LAWLER  
  3888.868   67.1165     0.725     -1.73                                LAWLER  
  3888.871      42.0     2.621     -1.05                                        
  3888.873 607.01214     3.659     -0.68               7.650                    
  3888.891      22.0     2.693     -2.42                                        
  3888.891 607.01214     3.703     -0.34               7.650                    
  3888.900      25.1     6.666     -3.70                                        
  3888.903 607.01214     2.392     -1.08               7.650                    
  3888.909   67.1165     0.725     -1.42                                LAWLER  
  3888.912   67.1165     0.725     -0.66                                LAWLER  
  3888.915   67.1165     0.725     -1.50                                LAWLER  
  3888.925      64.0     1.356      0.50                                        
  3888.927 607.01214     2.392     -1.15               7.650                    
  3888.933 607.01214     2.392     -3.10               7.650                    
  3888.943 607.01214     4.295     -0.12               7.650                    
  3888.947 607.01214     2.448     -3.49               7.650                    
  3888.949   67.1165     0.725     -1.40                                LAWLER  
  3888.953   67.1165     0.725     -0.76                                LAWLER  
  3888.956   67.1165     0.725     -1.42                                LAWLER  
  3888.962 607.01214     2.448     -0.71               7.650                    
  3888.966 607.01214     3.798     -0.82               7.650                    
  3888.969 607.01214     3.013     -3.73               7.650                    
  3888.985   67.1165     0.725     -1.43                                LAWLER  
  3888.988      58.1     1.176     -0.21                                        
  3888.988   67.1165     0.725     -0.86                                LAWLER  
  3888.989      25.0     5.083     -1.39                                        
  3888.992   67.1165     0.725     -1.40                                LAWLER  
  3888.995 607.01214     3.013     -0.47               7.650                    
  3889.013 607.01214     2.448     -0.74               7.650                    
  3889.015   67.1165     0.725     -1.52                                LAWLER  
  3889.018   67.1165     0.725     -0.95                                LAWLER  
  3889.022   67.1165     0.725     -1.43                                LAWLER  
  3889.029 607.01214     3.703     -0.35               7.650                    
  3889.040      26.0     2.607     -4.55                                        
  3889.041   67.1165     0.725     -1.75                                LAWLER  
  3889.043   67.1165     0.725     -1.02                                LAWLER  
  3889.046   67.1165     0.725     -1.52                                LAWLER  
  3889.048       1.0    10.191     -1.19                                        
  3889.063   67.1165     0.725     -1.05                                LAWLER  
  3889.065   67.1165     0.725     -1.75                                LAWLER  
  3889.067      24.0     3.447     -1.00                                        
  3889.073 607.01214     3.659     -0.69               7.650                    
  3889.076 607.01214     3.937     -4.25               7.650                    
  3889.082 607.01214     4.295     -4.67               7.650                    
  3889.092 607.01214     3.937     -1.33               7.650                    
  3889.098 607.01214     3.013     -0.48               7.650                    
  3889.101      20.0     2.707     -2.83                                        
  3889.102      26.0     3.940     -1.96                                        
  3889.119      25.1     5.369     -2.38                                        
  3889.119 607.01214     3.659     -4.48               7.650                    
  3889.136      25.0     4.350     -1.30                                        
  3889.140      62.1     0.333     -1.36                                 LAWLER 
  3889.164 607.01214     3.798     -0.83               7.650                    
  3889.180 607.01214     3.937     -1.35               7.650                    
  3889.188      20.0     5.736     -3.72                                        
  3889.194   23.0051     1.948     -3.02                                 KURHFS 
  3889.196   23.0051     1.948     -2.73                                 KURHFS 
  3889.196   23.0051     1.948     -2.99                                 KURHFS 
  3889.201   23.0051     1.948     -2.54                                 KURHFS 
  3889.201   23.0051     1.948     -2.99                                 KURHFS 
  3889.201   23.0051     1.948     -3.04                                 KURHFS 
  3889.207 607.01214     3.798     -4.57               7.650                    
  3889.208   23.0051     1.948     -2.45                                 KURHFS 
  3889.208   23.0051     1.948     -2.60                                 KURHFS 
  3889.208   23.0051     1.948     -3.16                                 KURHFS 
  3889.217   23.0051     1.948     -2.34                                 KURHFS 
  3889.217   23.0051     1.948     -2.43                                 KURHFS 
  3889.217   23.0051     1.948     -3.38                                 KURHFS 
  3889.223      72.0     1.305     -0.71                                        
  3889.228   23.0051     1.948     -2.15                                 KURHFS 
  3889.228   23.0051     1.948     -2.48                                 KURHFS 
  3889.228   23.0051     1.948     -3.79                                 KURHFS 
  3889.241   23.0051     1.948     -1.98                                 KURHFS 
  3889.241   23.0051     1.948     -2.68                                 KURHFS 
  3889.257   23.0051     1.948     -1.84                                 KURHFS 
  3889.268      26.0     2.690     -3.13                                        
  3889.297      58.1     0.464     -1.16                                 LAWLER 
  3889.298 607.01214     3.663     -0.08               7.650                    
  3889.314      22.0     1.732     -4.54                                        
  3889.322      56.0     0.000     -1.99                                        
  3889.323      26.0     3.271     -3.09                                        
  3889.326      26.0     3.209     -4.62                                        
  3889.340      59.1     0.055     -0.63                                LINOHFS 
  3889.360      72.0     0.699     -1.26                                        
  3889.376 607.01214     4.195     -4.90               7.650                    
  3889.416      37.0     0.000     -9.41                                        
  3889.417 607.01214     4.195     -1.17               7.650                    
  3889.441      20.0     5.737     -3.71                                        
  3889.456      25.0     5.345     -0.01                                        
  3889.472      58.1     0.326     -1.29                                 LAWLER 
  3889.482   23.0051     2.267     -3.75                                 KURHFS 
  3889.485   23.0051     2.267     -3.49                                 KURHFS 
  3889.485   23.0051     2.267     -3.68                                 KURHFS 
  3889.490   23.0051     2.267     -3.28                                 KURHFS 
  3889.490   23.0051     2.267     -3.49                                 KURHFS 
  3889.490   23.0051     2.267     -4.38                                 KURHFS 
  3889.498   23.0051     2.267     -3.11                                 KURHFS 
  3889.498   23.0051     2.267     -3.38                                 KURHFS 
  3889.498   23.0051     2.267     -4.23                                 KURHFS 
  3889.508   23.0051     2.267     -2.97                                 KURHFS 
  3889.508   23.0051     2.267     -3.33                                 KURHFS 
  3889.508   23.0051     2.267     -4.23                                 KURHFS 
  3889.521   23.0051     2.267     -2.84                                 KURHFS 
  3889.521   23.0051     2.267     -3.34                                 KURHFS 
  3889.521   23.0051     2.267     -4.32                                 KURHFS 
  3889.532 607.01214     3.663     -0.08               7.650                    
  3889.537   23.0051     2.267     -2.72                                 KURHFS 
  3889.537   23.0051     2.267     -3.41                                 KURHFS 
  3889.537   23.0051     2.267     -4.53                                 KURHFS 
  3889.555   23.0051     2.267     -2.62                                 KURHFS 
  3889.555   23.0051     2.267     -3.62                                 KURHFS 
  3889.555   23.0051     2.267     -4.93                                 KURHFS 
  3889.585      25.0     4.191     -1.37                                        
  3889.625 607.01214     4.195     -1.17               7.650                    
  3889.630      60.1     0.204     -1.30                                 LAWLER 
  3889.631 607.01214     3.663     -4.40               7.650                    
  3889.641 607.01214     3.480     -0.13               7.650                    
  3889.646 607.01214     3.899     -4.42               7.650                    
  3889.660      28.0     3.831      0.10                                        
  3889.665   23.0051     2.284     -2.44                                 KURHFS 
  3889.670   23.0051     2.284     -2.32                                 KURHFS 
  3889.670   23.0051     2.284     -2.89                                 KURHFS 
  3889.674      28.0     0.212     -3.32                                        
  3889.678   23.0051     2.284     -2.20                                 KURHFS 
  3889.678   23.0051     2.284     -2.68                                 KURHFS 
  3889.678   23.0051     2.284     -3.89                                 KURHFS 
  3889.688   23.0051     2.284     -2.09                                 KURHFS 
  3889.688   23.0051     2.284     -2.58                                 KURHFS 
  3889.688   23.0051     2.284     -3.68                                 KURHFS 
  3889.688      23.0     2.682     -2.81                               KURNOHFS 
  3889.700   23.0051     2.284     -1.99                                 KURHFS 
  3889.700   23.0051     2.284     -2.55                                 KURHFS 
  3889.700   23.0051     2.284     -3.65                                 KURHFS 
  3889.716   23.0051     2.284     -1.89                                 KURHFS 
  3889.716   23.0051     2.284     -2.56                                 KURHFS 
  3889.716   23.0051     2.284     -3.73                                 KURHFS 
  3889.716 607.01214     3.485     -3.74               7.650                    
  3889.724      25.1     6.490     -4.06                                        
  3889.729 607.01214     3.899     -0.20               7.650                    
  3889.733   23.0051     2.284     -1.80                                 KURHFS 
  3889.733   23.0051     2.284     -2.64                                 KURHFS 
  3889.733   23.0051     2.284     -3.93                                 KURHFS 
  3889.745 607.01214     3.485     -0.37               7.650                    
  3889.754   23.0051     2.284     -1.72                                 KURHFS 
  3889.754   23.0051     2.284     -2.86                                 KURHFS 
  3889.754   23.0051     2.284     -4.32                                 KURHFS 
  3889.794      41.0     0.267     -1.86                                        
  3889.795      68.1     0.891     -0.95                                 LAWLER 
  3889.808   23.0051     1.944     -2.54                                 KURHFS 
  3889.811   23.0051     1.944     -2.54                                 KURHFS 
  3889.811   23.0051     1.944     -2.72                                 KURHFS 
  3889.816   23.0051     1.944     -2.38                                 KURHFS 
  3889.816   23.0051     1.944     -2.85                                 KURHFS 
  3889.816   23.0051     1.944     -2.97                                 KURHFS 
  3889.822   23.0051     1.944     -2.37                                 KURHFS 
  3889.822   23.0051     1.944     -2.41                                 KURHFS 
  3889.822   23.0051     1.944     -3.40                                 KURHFS 
  3889.830   23.0051     1.944     -2.12                                 KURHFS 
  3889.830   23.0051     1.944     -2.53                                 KURHFS 
  3889.839   23.0051     1.944     -1.91                                 KURHFS 
  3889.842      24.0     3.447     -0.18                                        
  3889.852      20.0     2.707     -6.38                                        
  3889.861      20.0     2.707     -7.69                                        
  3889.864      37.0     0.000     -9.23                                        
  3889.869 607.01214     3.479     -0.14               7.650                    
  3889.873 607.01214     3.485     -0.38               7.650                    
  3889.918      24.1     4.916     -3.30                                        
  3889.919      26.0     3.263     -2.53                                        
  3889.926   27.0059     3.565     -2.76                                 KURHFS 
  3889.929   27.0059     3.565     -2.48                                 KURHFS 
  3889.929   27.0059     3.565     -2.76                                 KURHFS 
  3889.929   27.0059     3.565     -3.78                                 KURHFS 
  3889.930      60.1     0.320     -0.10                                 LAWLER 
  3889.936   27.0059     3.565     -2.34                                 KURHFS 
  3889.936   27.0059     3.565     -2.48                                 KURHFS 
  3889.936   27.0059     3.565     -3.08                                 KURHFS 
  3889.946   27.0059     3.565     -2.28                                 KURHFS 
  3889.946   27.0059     3.565     -2.34                                 KURHFS 
  3889.946   27.0059     3.565     -2.63                                 KURHFS 
  3889.951      22.0     0.000     -2.24                                        
  3889.955 607.01214     3.480     -4.36               7.650                    
  3889.959   27.0059     3.565     -2.27                                 KURHFS 
  3889.959   27.0059     3.565     -2.28                                 KURHFS 
  3889.959   27.0059     3.565     -2.30                                 KURHFS 
  3889.965      75.0     2.745     -0.34                                        
  3889.973 607.01214     3.886     -0.04               7.650                    
  3889.976   27.0059     3.565     -2.04                                 KURHFS 
  3889.976   27.0059     3.565     -2.27                                 KURHFS 
  3889.976   27.0059     3.565     -2.33                                 KURHFS 
  3889.977 607.01214     3.178     -0.49               7.650                    
  3889.982      58.1     0.676      0.12                                 LAWLER 
  3889.983 607.01214     3.899     -0.20               7.650                    
  3889.987 607.01214     4.362     -0.56               7.650                    
  3889.996   27.0059     3.565     -1.82                                 KURHFS 
  3889.996   27.0059     3.565     -2.33                                 KURHFS 
  3889.996   27.0059     3.565     -2.54                                 KURHFS 
  3890.019   27.0059     3.565     -1.64                                 KURHFS 
  3890.019   27.0059     3.565     -2.54                                 KURHFS 
  3890.054      24.1     4.753     -3.09                                        
  3890.062      27.0     3.168     -5.18                               KURNOHFS 
  3890.077 607.01214     3.371     -0.20               7.650                    
  3890.079 607.01214     3.178     -0.51               7.650                    
  3890.080      62.1     0.184     -0.95                                 LAWLER 
  3890.086      23.1     6.160     -3.84                                        
  3890.101 607.01214     3.178     -3.67               7.650                    
  3890.103 607.01214     3.361     -0.36               7.650                    
  3890.112      27.0     3.407     -1.99                               KURNOHFS 
  3890.131      21.1     7.434     -1.59                                        
  3890.162   23.0051     0.040     -2.73                                 KURHFS 
  3890.163   23.0051     0.040     -2.45                                 KURHFS 
  3890.163   23.0051     0.040     -2.73                                 KURHFS 
  3890.163   23.0051     0.040     -3.75                                 KURHFS 
  3890.165   23.0051     0.040     -2.31                                 KURHFS 
  3890.165   23.0051     0.040     -2.45                                 KURHFS 
  3890.165   23.0051     0.040     -3.05                                 KURHFS 
  3890.169   23.0051     0.040     -2.24                                 KURHFS 
  3890.169   23.0051     0.040     -2.31                                 KURHFS 
  3890.169   23.0051     0.040     -2.60                                 KURHFS 
  3890.174   23.0051     0.040     -2.23                                 KURHFS 
  3890.174   23.0051     0.040     -2.24                                 KURHFS 
  3890.174   23.0051     0.040     -2.27                                 KURHFS 
  3890.178      12.0     7.162     -0.09                                        
  3890.180   23.0051     0.040     -2.01                                 KURHFS 
  3890.180   23.0051     0.040     -2.23                                 KURHFS 
  3890.180   23.0051     0.040     -2.30                                 KURHFS 
  3890.188   23.0051     0.040     -1.79                                 KURHFS 
  3890.188   23.0051     0.040     -2.30                                 KURHFS 
  3890.188   23.0051     0.040     -2.50                                 KURHFS 
  3890.197   23.0051     0.040     -1.60                                 KURHFS 
  3890.197   23.0051     0.040     -2.50                                 KURHFS 
  3890.209 607.01214     3.886     -0.04               7.650                    
  3890.212      44.0     1.138     -1.19                                        
  3890.219      60.1     0.559     -0.63                                        
  3890.224 607.01214     2.389     -1.15               7.650                    
  3890.244      25.0     4.341     -2.66                                        
  3890.246 607.01214     2.389     -1.22               7.650                    
  3890.250 607.01214     2.389     -3.03               7.650                    
  3890.262 607.01214     2.441     -3.46               7.650                    
  3890.265 607.01214     4.362     -0.56               7.650                    
  3890.277 607.01214     2.441     -0.74               7.650                    
  3890.280   23.0051     2.245     -2.22                                 KURHFS 
  3890.280   23.0051     2.245     -2.24                                 KURHFS 
  3890.280   23.0051     2.245     -2.37                                 KURHFS 
  3890.282   23.0051     2.245     -1.90                                 KURHFS 
  3890.282   23.0051     2.245     -2.22                                 KURHFS 
  3890.282   23.0051     2.245     -2.70                                 KURHFS 
  3890.297 607.01214     3.371     -0.20               7.650                    
  3890.312 607.01214     3.361     -0.37               7.650                    
  3890.315      40.0     0.154     -0.17                                        
  3890.320 607.01214     3.886     -4.44               7.650                    
  3890.325 607.01214     2.441     -0.77               7.650                    
  3890.332      24.0     4.398     -2.65                                        
  3890.333 607.01214     4.362     -4.69               7.650                    
  3890.361      92.1     0.036     -0.47                                        
  3890.373 607.01214     3.361     -4.35               7.650                    
  3890.374 607.01214     3.371     -4.34               7.650                    
  3890.386      26.0     4.151     -1.56                                        
  3890.394      26.0     3.239     -1.63                                        
  3890.421      64.0     0.896     -0.20                                        
  3890.427 607.01214     4.138     -0.33               7.650                    
  3890.451      42.0     3.499     -1.08                                        
  3890.457      23.1     5.845     -4.43                                        
  3890.494 607.01214     4.162     -4.43               7.650                    
  3890.515      58.1     0.327     -1.39                                 LAWLER 
  3890.520      69.1     0.000     -1.80                                 LAWLER 
  3890.532 607.01214     3.637     -0.39               7.650                    
  3890.542      25.0     3.380     -4.57                               KURNOHFS 
  3890.563      22.0     1.979     -5.91                                        
  3890.580      60.1     0.630      0.19                                 LAWLER 
  3890.590 607.01214     4.162     -0.10               7.650                    
  3890.613      68.1     1.368     -0.22                                        
  3890.614 607.01214     4.138     -0.34               7.650                    
  3890.630   27.0059     3.629     -4.72                                 KURHFS 
  3890.634   27.0059     3.629     -4.44                                 KURHFS 
  3890.634   27.0059     3.629     -4.72                                 KURHFS 
  3890.634   27.0059     3.629     -5.74                                 KURHFS 
  3890.642   27.0059     3.629     -4.30                                 KURHFS 
  3890.642   27.0059     3.629     -4.44                                 KURHFS 
  3890.642   27.0059     3.629     -5.04                                 KURHFS 
  3890.653   27.0059     3.629     -4.24                                 KURHFS 
  3890.653   27.0059     3.629     -4.30                                 KURHFS 
  3890.653   27.0059     3.629     -4.59                                 KURHFS 
  3890.659 607.01214     3.850     -0.36               7.650                    
  3890.660 607.01214     3.637     -0.40               7.650                    
  3890.668   27.0059     3.629     -4.23                                 KURHFS 
  3890.668   27.0059     3.629     -4.24                                 KURHFS 
  3890.668   27.0059     3.629     -4.26                                 KURHFS 
  3890.684 607.01214     3.637     -3.68               7.650                    
  3890.687   27.0059     3.629     -4.00                                 KURHFS 
  3890.687   27.0059     3.629     -4.23                                 KURHFS 
  3890.687   27.0059     3.629     -4.29                                 KURHFS 
  3890.702      28.0     3.536     -2.81                                        
  3890.704      42.0     3.245     -0.86                                        
  3890.710   27.0059     3.629     -3.78                                 KURHFS 
  3890.710   27.0059     3.629     -4.29                                 KURHFS 
  3890.710   27.0059     3.629     -4.50                                 KURHFS 
  3890.721      24.0     3.889     -1.21                                        
  3890.730      27.0     3.527     -3.50                               KURNOHFS 
  3890.737   27.0059     3.629     -3.59                                 KURHFS 
  3890.737   27.0059     3.629     -4.50                                 KURHFS 
  3890.744      58.1     0.265     -0.78                                 LAWLER 
  3890.745      74.0     2.265     -0.80                                        
  3890.757      24.0     3.407     -1.50                                        
  3890.757 607.01214     4.138     -4.89               7.650                    
  3890.797 607.01214     3.850     -0.37               7.650                    
  3890.821 607.01214     3.850     -3.67               7.650                    
  3890.839      24.0     3.844     -1.02                                        
  3890.840   67.1165     0.079     -0.29                                LAWLER  
  3890.841      26.0     2.725     -1.34                                        
  3890.850      64.1     1.373     -1.08                                 LAWLER 
  3890.859 607.01214     4.162     -0.11               7.650                    
  3890.862 607.01214     4.100     -0.03               7.650                    
  3890.893   67.1165     0.079     -1.71                                LAWLER  
  3890.894   67.1165     0.079     -0.35                                LAWLER  
  3890.913   23.0051     2.276     -7.28                                 KURHFS 
  3890.913   23.0051     2.276     -7.56                                 KURHFS 
  3890.913   23.0051     2.276     -7.56                                 KURHFS 
  3890.913   23.0051     2.276     -8.58                                 KURHFS 
  3890.914   23.0051     2.276     -7.14                                 KURHFS 
  3890.914   23.0051     2.276     -7.28                                 KURHFS 
  3890.914   23.0051     2.276     -7.88                                 KURHFS 
  3890.915   23.0051     2.276     -7.08                                 KURHFS 
  3890.915   23.0051     2.276     -7.14                                 KURHFS 
  3890.915   23.0051     2.276     -7.44                                 KURHFS 
  3890.916      20.0     4.128     -5.17                                        
  3890.917   23.0051     2.276     -7.07                                 KURHFS 
  3890.917   23.0051     2.276     -7.08                                 KURHFS 
  3890.917   23.0051     2.276     -7.11                                 KURHFS 
  3890.919   23.0051     2.276     -6.84                                 KURHFS 
  3890.919   23.0051     2.276     -7.07                                 KURHFS 
  3890.919   23.0051     2.276     -7.14                                 KURHFS 
  3890.921   23.0051     2.276     -6.62                                 KURHFS 
  3890.921   23.0051     2.276     -7.14                                 KURHFS 
  3890.921   23.0051     2.276     -7.34                                 KURHFS 
  3890.923   23.0051     2.276     -6.44                                 KURHFS 
  3890.923   23.0051     2.276     -7.34                                 KURHFS 
  3890.940      60.1     0.064     -0.22                                 LAWLER 
  3890.942   67.1165     0.079     -3.45                                LAWLER  
  3890.943   67.1165     0.079     -0.41                                LAWLER  
  3890.943   67.1165     0.079     -1.49                                LAWLER  
  3890.978      58.1     0.327     -0.78                                 LAWLER 
  3890.987      21.1     7.425     -2.21                                        
  3890.987   67.1165     0.079     -0.47                                LAWLER  
  3890.988   67.1165     0.079     -1.39                                LAWLER  
  3890.988   67.1165     0.079     -3.08                                LAWLER  
  3891.026   67.1165     0.079     -0.53                                LAWLER  
  3891.028   67.1165     0.079     -1.37                                LAWLER  
  3891.028   67.1165     0.079     -2.90                                LAWLER  
  3891.043      24.0     3.447     -0.95                                        
  3891.054      90.1     1.377     -0.93                                        
  3891.060   67.1165     0.079     -0.59                                LAWLER  
  3891.061      25.0     3.380     -4.31                               KURNOHFS 
  3891.061      25.0     3.380     -7.26                               KURNOHFS 
  3891.062   67.1165     0.079     -1.40                                LAWLER  
  3891.064   67.1165     0.079     -2.85                                LAWLER  
  3891.070 607.01214     2.660     -0.71               7.650                    
  3891.072      26.0     4.140     -3.89                                        
  3891.080      24.0     3.461     -0.51                                        
  3891.084      42.0     2.678     -2.01                                        
  3891.089   67.1165     0.079     -0.66                                LAWLER  
  3891.091   67.1165     0.079     -1.49                                LAWLER  
  3891.093   67.1165     0.079     -2.91                                LAWLER  
  3891.096 607.01214     4.100     -0.03               7.650                    
  3891.114   67.1165     0.079     -0.72                                LAWLER  
  3891.116   67.1165     0.079     -1.72                                LAWLER  
  3891.118   67.1165     0.079     -3.17                                LAWLER  
  3891.129 607.01214     2.660     -0.74               7.650                    
  3891.133 607.01214     3.757     -4.42               7.650                    
  3891.144 607.01214     2.660     -3.49               7.650                    
  3891.146      22.0     2.675     -2.81                                        
  3891.146      27.0     2.716     -4.79                               KURNOHFS 
  3891.187 607.01214     4.242     -0.04               7.650                    
  3891.189   23.0051     2.246     -1.48                                 KURHFS 
  3891.189   23.0051     2.246     -1.65                                 KURHFS 
  3891.189 607.01214     2.740     -3.66               7.650                    
  3891.190      62.1     0.188     -1.32                                 LAWLER 
  3891.198   23.0051     2.246     -1.35                                 KURHFS 
  3891.198   23.0051     2.246     -1.48                                 KURHFS 
  3891.206 607.01214     3.757     -0.29               7.650                    
  3891.210   23.0051     2.246     -1.35                                 KURHFS 
  3891.210   23.0051     2.246     -1.47                                 KURHFS 
  3891.210   23.0051     2.246     -1.67                                 KURHFS 
  3891.211   23.0051     1.050     -3.75                                 KURHFS 
  3891.211   23.0051     1.050     -3.96                                 KURHFS 
  3891.211   23.0051     1.050     -4.21                                 KURHFS 
  3891.211   23.0051     1.050     -4.22                                 KURHFS 
  3891.211   23.0051     1.050     -4.25                                 KURHFS 
  3891.211   23.0051     1.050     -4.37                                 KURHFS 
  3891.211   23.0051     1.050     -4.38                                 KURHFS 
  3891.211   23.0051     1.050     -4.38                                 KURHFS 
  3891.211   23.0051     1.050     -4.56                                 KURHFS 
  3891.211   23.0051     1.050     -4.68                                 KURHFS 
  3891.211   23.0051     1.050     -4.81                                 KURHFS 
  3891.211   23.0051     1.050     -5.24                                 KURHFS 
  3891.211 607.01214     2.740     -0.55               7.650                    
  3891.218 607.01214     4.100     -4.49               7.650                    
  3891.225   23.0051     2.246     -1.06                                 KURHFS 
  3891.225   23.0051     2.246     -1.47                                 KURHFS 
  3891.238 607.01214     2.925     -0.58               7.650                    
  3891.246      23.1     6.161     -2.60                                        
  3891.254      23.1     1.678     -2.35                                        
  3891.292 607.01214     2.740     -0.57               7.650                    
  3891.294      41.0     0.086     -0.85                                        
  3891.321 607.01214     2.925     -0.60               7.650                    
  3891.340 607.01214     2.925     -3.62               7.650                    
  3891.385      40.0     0.154     -0.10                                        
  3891.411 607.01214     4.242     -0.05               7.650                    
  3891.426      44.0     2.006     -0.74                                        
  3891.432 607.01214     2.387     -1.22               7.650                    
  3891.446 607.01214     3.757     -0.30               7.650                    
  3891.451 607.01214     2.387     -1.31               7.650                    
  3891.455 607.01214     2.387     -2.95               7.650                    
  3891.465 607.01214     2.434     -3.43               7.650                    
  3891.479 607.01214     2.434     -0.77               7.650                    
  3891.510      60.1     0.742     -0.14                                 LAWLER 
  3891.523 607.01214     2.434     -0.80               7.650                    
  3891.543 607.01214     4.242     -4.56               7.650                    
  3891.614      25.0     4.229     -1.54                                        
  3891.665 607.01214     3.750     -4.47               7.650                    
  3891.672      27.0     3.620     -0.84                               KURNOHFS 
  3891.685      92.1     1.054     -0.72                                        
  3891.696      28.0     3.603     -3.42                                        
  3891.705      28.0     3.703     -2.27                                        
  3891.712 607.01214     3.929     -4.61               7.650                    
  3891.722 607.01214     3.750     -0.51               7.650                    
  3891.726      90.0     1.387     -0.53                                        
  3891.753      26.0     2.607     -4.82                                        
  3891.759 607.01214     3.930     -0.78               7.650                    
  3891.769      58.1     0.587     -1.18                                        
  3891.776      56.1     2.510      0.28                                        
  3891.777      28.0     4.150     -1.67                                        
  3891.792      23.0     2.579     -3.53                               KURNOHFS 
  3891.802      92.0     0.870      0.28                                        
  3891.809 607.01214     4.431     -0.53               7.650                    
  3891.817      42.0     3.697     -1.00                                        
  3891.848      24.0     3.090     -4.37                                        
  3891.862      66.1     2.057      0.54                                        
  3891.863      22.0     1.878     -3.52                                        
  3891.906      12.0     7.165      0.26                                        
  3891.917      22.0     1.738     -4.13                                        
  3891.927      26.0     3.412     -0.57                                        
  3891.936      22.0     2.493     -6.00                                        
  3891.944 607.01214     3.750     -0.52               7.650                    
  3891.959      62.0     0.036     -2.19                                        
  3891.960      24.0     2.965     -3.05                                        
  3891.971 607.01214     3.929     -0.79               7.650                    
  3891.974      28.0     3.594     -4.47                                        
  3891.979      23.1     1.427     -4.77                                        
  3892.002      26.0     2.988     -4.38                                        
  3892.010      26.0     4.217     -3.41                                        
  3892.016      40.0     1.883      0.08                                        
  3892.031 607.01214     4.242     -0.12               7.650                    
  3892.056      60.1     1.456      0.69                                        
  3892.073   27.0059     2.540     -2.56                                 KURHFS 
  3892.073   27.0059     2.540     -2.73                                 KURHFS 
  3892.083 607.01214     3.824     -4.53               7.650                    
  3892.091   27.0059     2.540     -2.43                                 KURHFS 
  3892.091   27.0059     2.540     -2.56                                 KURHFS 
  3892.099 607.01214     4.431     -0.54               7.650                    
  3892.105      23.0     3.085     -2.03                               KURNOHFS 
  3892.116   27.0059     2.540     -2.43                                 KURHFS 
  3892.116   27.0059     2.540     -2.55                                 KURHFS 
  3892.116   27.0059     2.540     -2.75                                 KURHFS 
  3892.130      22.0     1.442     -3.21                                        
  3892.135 607.01214     3.824     -0.64               7.650                    
  3892.146   27.0059     2.540     -2.13                                 KURHFS 
  3892.146   27.0059     2.540     -2.55                                 KURHFS 
  3892.167      24.1     5.315     -2.17                                        
  3892.175 607.01214     4.431     -4.74               7.650                    
  3892.191 607.01214     3.325     -0.28               7.650                    
  3892.197      27.0     2.868     -2.83                               KURNOHFS 
  3892.207 607.01214     4.346     -0.60               7.650                    
  3892.221      24.0     4.093     -3.13                                        
  3892.225      44.0     0.997     -0.80                                        
  3892.239 607.01214     4.241     -0.13               7.650                    
  3892.291      42.0     2.274     -2.12                                        
  3892.308      26.0     3.544     -1.88                                        
  3892.308      90.1     0.774     -1.75                                        
  3892.351 607.01214     3.824     -0.64               7.650                    
  3892.354      12.0     4.343     -3.65                                        
  3892.377 607.01214     4.242     -4.67               7.650                    
  3892.404 607.01214     3.325     -0.29               7.650                    
  3892.418      24.0     2.965     -4.98                                        
  3892.440      26.0     2.880     -6.80                                        
  3892.472 607.01214     3.325     -4.33               7.650                    
  3892.475      72.0     2.452     -0.05                                        
  3892.476 607.01214     4.346     -0.60               7.650                    
  3892.499      21.1     7.418     -2.80                                        
  3892.527 607.01214     2.386     -1.31               7.650                    
  3892.537 607.01214     4.346     -4.65               7.650                    
  3892.542 607.01214     2.386     -1.42               7.650                    
  3892.545 607.01214     2.386     -2.85               7.650                    
  3892.553 607.01214     2.428     -3.40               7.650                    
  3892.566 607.01214     2.428     -0.80               7.650                    
  3892.583 607.01214     3.250     -3.74               7.650                    
  3892.608 607.01214     2.428     -0.83               7.650                    
  3892.610 607.01214     3.250     -0.42               7.650                    
  3892.637      25.0     3.370     -2.26                               KURNOHFS 
  3892.637      25.0     3.370     -2.82                               KURNOHFS 
  3892.653      28.0     3.539     -4.13                                        
  3892.657      56.0     1.412     -0.51                                        
  3892.682      92.1     0.652     -0.41                                        
  3892.685      68.0     0.000      0.26                                        
  3892.721      64.0     0.880     -0.50                                        
  3892.722      74.0     1.654     -0.93                                        
  3892.726 607.01214     3.250     -0.43               7.650                    
  3892.773      44.0     2.508     -0.54                                        
  3892.774 607.01214     3.908     -1.40               7.650                    
  3892.841   23.0051     0.040     -2.76                                 KURHFS 
  3892.843   23.0051     0.040     -2.47                                 KURHFS 
  3892.843   23.0051     0.040     -2.73                                 KURHFS 
  3892.845   23.0051     0.040     -2.28                                 KURHFS 
  3892.845   23.0051     0.040     -2.73                                 KURHFS 
  3892.845   23.0051     0.040     -2.78                                 KURHFS 
  3892.849   23.0051     0.040     -2.19                                 KURHFS 
  3892.849   23.0051     0.040     -2.34                                 KURHFS 
  3892.849   23.0051     0.040     -2.90                                 KURHFS 
  3892.854   23.0051     0.040     -2.08                                 KURHFS 
  3892.854   23.0051     0.040     -2.17                                 KURHFS 
  3892.854   23.0051     0.040     -3.12                                 KURHFS 
  3892.854 607.01214     3.908     -1.43               7.650                    
  3892.856      22.0     2.406     -2.10                                        
  3892.860   23.0051     0.040     -1.89                                 KURHFS 
  3892.860   23.0051     0.040     -2.22                                 KURHFS 
  3892.860   23.0051     0.040     -3.53                                 KURHFS 
  3892.867 607.01214     3.908     -4.17               7.650                    
  3892.868   23.0051     0.040     -1.72                                 KURHFS 
  3892.868   23.0051     0.040     -2.42                                 KURHFS 
  3892.877   23.0051     0.040     -1.58                                 KURHFS 
  3892.892      26.0     2.756     -2.98                                        
  3892.898      66.0     0.937      0.27                                        
  3892.931      22.0     1.732     -6.15                                        
  3892.944      24.0     4.385     -3.82                                        
  3892.948      27.0     3.620     -1.00                               KURNOHFS 
  3892.982      26.0     3.263     -1.59                                        
  3893.047   27.0059     2.326     -2.90                                 KURHFS 
  3893.047   27.0059     2.326     -3.38                                 KURHFS 
  3893.059   27.0059     2.326     -2.90                                 KURHFS 
  3893.059   27.0059     2.326     -3.05                                 KURHFS 
