Tb II    3848.7       line list
  3845.023      25.0     4.329     -1.12                                        
  3845.024 607.01214     0.533     -0.57               7.650                    
  3845.036 607.01214     0.370     -0.24               7.650                    
  3845.040      26.0     2.277     -4.50                                        
  3845.044 607.01214     0.533     -0.61               7.650                    
  3845.055 607.01214     0.533     -3.04               7.650                    
  3845.059 607.01214     0.370     -3.25               7.650                    
  3845.062 607.01214     1.705     -1.27               7.650                    
  3845.066      23.0     2.372     -2.33                               KURNOHFS 
  3845.074 607.01214     1.705     -1.38               7.650                    
  3845.075      25.1     5.544     -3.50                                        
  3845.077 607.01214     1.705     -2.81               7.650                    
  3845.095      22.0     1.979     -1.83                                        
  3845.099 607.01214     1.216     -3.59               7.650                    
  3845.102 607.01214     1.504     -3.79               7.650                    
  3845.118      92.1     0.685     -1.07                                        
  3845.130 607.01214     1.216     -0.30               7.650                    
  3845.159   27.0059     3.626     -5.33                                 KURHFS 
  3845.159   27.0059     3.626     -5.40                                 KURHFS 
  3845.159   27.0059     3.626     -6.03                                 KURHFS 
  3845.164   27.0059     3.626     -5.14                                 KURHFS 
  3845.164   27.0059     3.626     -5.14                                 KURHFS 
  3845.164   27.0059     3.626     -5.88                                 KURHFS 
  3845.169      26.0     2.422     -1.35                                        
  3845.171   27.0059     3.626     -4.93                                 KURHFS 
  3845.171   27.0059     3.626     -5.03                                 KURHFS 
  3845.171   27.0059     3.626     -5.88                                 KURHFS 
  3845.172 607.01214     1.504      0.16               7.650                    
  3845.180      26.1     4.476     -2.29                                        
  3845.182   27.0059     3.626     -4.76                                 KURHFS 
  3845.182   27.0059     3.626     -4.99                                 KURHFS 
  3845.182   27.0059     3.626     -5.97                                 KURHFS 
  3845.182 607.01214     3.898     -0.37               7.650                    
  3845.191 607.01214     1.216     -0.31               7.650                    
  3845.194   27.0059     3.626     -4.62                                 KURHFS 
  3845.194   27.0059     3.626     -4.99                                 KURHFS 
  3845.194   27.0059     3.626     -6.18                                 KURHFS 
  3845.210   27.0059     3.626     -4.49                                 KURHFS 
  3845.210   27.0059     3.626     -5.07                                 KURHFS 
  3845.210   27.0059     3.626     -6.58                                 KURHFS 
  3845.211      23.1     6.144     -2.14                                        
  3845.212 607.01214     2.399     -3.77               7.650                    
  3845.214      26.0     3.394     -1.78                                        
  3845.228   27.0059     3.626     -4.37                                 KURHFS 
  3845.228   27.0059     3.626     -5.28                                 KURHFS 
  3845.242 607.01214     2.399     -0.43               7.650                    
  3845.244 607.01214     3.691     -0.16               7.650                    
  3845.249   27.0059     3.626     -4.27                                 KURHFS 
  3845.258      27.0     3.131     -5.15                               KURNOHFS 
  3845.273      58.1     0.495     -1.25                                 LAWLER 
  3845.274 607.01214     1.279     -0.72               7.650                    
  3845.279 607.01214     1.504      0.15               7.650                    
  3845.281      26.0     3.544     -3.05                                        
  3845.284      22.0     2.248     -6.37                                        
  3845.309 607.01214     1.017     -3.10               7.650                    
  3845.320 607.01214     1.017     -0.78               7.650                    
  3845.327 607.01214     3.691     -4.38               7.650                    
  3845.335 607.01214     2.399     -0.44               7.650                    
  3845.337 607.01214     1.017     -0.82               7.650                    
  3845.346      26.0     3.981     -3.72                                        
  3845.368 607.01214     1.273     -3.26               7.650                    
  3845.376 607.01214     1.202     -3.57               7.650                    
  3845.381 607.01214     1.273     -0.72               7.650                    
  3845.392 607.01214     1.303     -3.73               7.650                    
  3845.406 607.01214     1.202     -0.31               7.650                    
  3845.411 607.01214     3.582     -0.24               7.650                    
  3845.428 607.01214     0.247      0.02               7.650                    
  3845.434 607.01214     1.286     -3.32               7.650                    
  3845.443 607.01214     1.303     -0.04               7.650                    
  3845.449 607.01214     1.286     -0.66               7.650                    
  3845.450   27.0059     0.922     -0.66                                 KURHFS 
  3845.450 607.01214     1.688     -3.79               7.650                    
  3845.455   27.0059     0.922     -0.77                                 KURHFS 
  3845.456      64.1     0.601     -1.12                                        
  3845.458   27.0059     0.922     -0.88                                 KURHFS 
  3845.462   27.0059     0.922     -1.01                                 KURHFS 
  3845.465   27.0059     0.922     -1.16                                 KURHFS 
  3845.465 607.01214     1.202     -0.33               7.650                    
  3845.467   27.0059     0.922     -1.33                                 KURHFS 
  3845.468   27.0059     0.922     -1.67                                 KURHFS 
  3845.470   27.0059     0.922     -1.46                                 KURHFS 
  3845.470   27.0059     0.922     -1.53                                 KURHFS 
  3845.471   27.0059     0.922     -1.39                                 KURHFS 
  3845.472   27.0059     0.922     -1.38                                 KURHFS 
  3845.472   27.0059     0.922     -1.80                                 KURHFS 
  3845.473   27.0059     0.922     -1.43                                 KURHFS 
  3845.474   27.0059     0.922     -1.53                                 KURHFS 
  3845.474   27.0059     0.922     -1.73                                 KURHFS 
  3845.475 607.01214     0.247      0.01               7.650                    
  3845.478   27.0059     0.922     -2.43                                 KURHFS 
  3845.480   27.0059     0.922     -2.27                                 KURHFS 
  3845.481   27.0059     0.922     -2.27                                 KURHFS 
  3845.482   27.0059     0.922     -2.37                                 KURHFS 
  3845.483   27.0059     0.922     -2.57                                 KURHFS 
  3845.483   27.0059     0.922     -2.97                                 KURHFS 
  3845.487      58.1     1.253     -0.20                                        
  3845.502 607.01214     3.493     -3.81               7.650                    
  3845.506      25.0     4.657     -1.98                                        
  3845.509 607.01214     0.247     -3.32               7.650                    
  3845.513 607.01214     3.493     -1.20               7.650                    
  3845.523      23.1     5.875     -3.18                                        
  3845.530 607.01214     1.303     -0.05               7.650                    
  3845.535 607.01214     1.689      0.31               7.650                    
  3845.555      22.0     2.266     -3.12                                        
  3845.568   23.0051     2.113     -2.75                                 KURHFS 
  3845.568   23.0051     2.113     -3.04                                 KURHFS 
  3845.568   23.0051     2.113     -3.24                                 KURHFS 
  3845.568   23.0051     2.113     -3.24                                 KURHFS 
  3845.568   23.0051     2.113     -3.27                                 KURHFS 
  3845.568   23.0051     2.113     -3.27                                 KURHFS 
  3845.568   23.0051     2.113     -3.30                                 KURHFS 
  3845.568   23.0051     2.113     -3.30                                 KURHFS 
  3845.568   23.0051     2.113     -3.45                                 KURHFS 
  3845.568   23.0051     2.113     -3.45                                 KURHFS 
  3845.568   23.0051     2.113     -3.45                                 KURHFS 
  3845.568   23.0051     2.113     -3.50                                 KURHFS 
  3845.568   23.0051     2.113     -3.50                                 KURHFS 
  3845.568   23.0051     2.113     -3.75                                 KURHFS 
  3845.568   23.0051     2.113     -4.16                                 KURHFS 
  3845.568   23.0051     2.113     -5.41                                 KURHFS 
  3845.568 607.01214     3.493     -1.23               7.650                    
  3845.577      25.1     5.516     -4.85                                        
  3845.582 607.01214     1.787     -3.75               7.650                    
  3845.606      24.1     4.916     -3.17                                        
  3845.625 607.01214     1.834     -3.60               7.650                    
  3845.626 607.01214     1.188     -3.56               7.650                    
  3845.630      65.1     0.790     -0.10                               LAWNOHFS 
  3845.633 607.01214     1.286     -0.69               7.650                    
  3845.641 607.01214     3.582     -0.24               7.650                    
  3845.648 607.01214     1.834     -0.53               7.650                    
  3845.650 607.01214     1.688      0.31               7.650                    
  3845.656 607.01214     1.188     -0.33               7.650                    
  3845.677 607.01214     1.787      0.45               7.650                    
  3845.694      26.0     3.544     -1.12                                        
  3845.698 607.01214     1.022     -3.14               7.650                    
  3845.706 607.01214     1.967     -0.81               7.650                    
  3845.707      22.0     2.101     -4.05                                        
  3845.707 607.01214     1.834     -0.55               7.650                    
  3845.709 607.01214     1.022     -0.74               7.650                    
  3845.712 607.01214     1.188     -0.34               7.650                    
  3845.715 607.01214     3.582     -4.38               7.650                    
  3845.727      24.1     7.381     -1.93                                        
  3845.729 607.01214     1.022     -0.78               7.650                    
  3845.739      60.1     1.401     -0.16                                        
  3845.744 607.01214     1.967     -0.84               7.650                    
  3845.755 607.01214     1.967     -3.35               7.650                    
  3845.781 607.01214     0.528     -0.61               7.650                    
  3845.791 607.01214     1.787      0.44               7.650                    
  3845.797 607.01214     1.704     -1.38               7.650                    
  3845.798      25.0     4.329     -1.67                                        
  3845.799 607.01214     0.528     -0.65               7.650                    
  3845.807 607.01214     1.704     -1.54               7.650                    
  3845.809 607.01214     1.704     -2.68               7.650                    
  3845.810 607.01214     0.528     -3.01               7.650                    
  3845.820 607.01214     1.293     -3.35               7.650                    
  3845.826 607.01214     2.241     -0.64               7.650                    
  3845.833 607.01214     4.389     -1.81               7.650                    
  3845.835      22.0     1.967     -1.32                                        
  3845.836 607.01214     1.293     -0.63               7.650                    
  3845.844      25.1     6.666     -4.32                                        
  3845.850 607.01214     1.175     -3.54               7.650                    
  3845.879 607.01214     1.175     -0.34               7.650                    
  3845.886 607.01214     2.241     -0.66               7.650                    
  3845.889 607.01214     1.475     -3.78               7.650                    
  3845.896      41.0     0.049     -1.30                                        
  3845.904 607.01214     2.241     -3.55               7.650                    
  3845.933 607.01214     1.175     -0.36               7.650                    
  3845.938      42.0     2.075     -1.62                                        
  3845.947      22.0     2.235     -5.93                                        
  3845.954 607.01214     1.281     -3.72               7.650                    
  3845.958 607.01214     1.475      0.15               7.650                    
  3845.959      20.0     5.317     -3.65                                        
  3845.959 607.01214     4.389     -1.82               7.650                    
  3845.963      28.0     3.838     -3.30                                        
  3845.969 607.01214     0.750     -1.91               7.650                    
  3845.971 607.01214     0.750     -1.61               7.650                    
  3845.975      42.0     2.756     -0.97                                        
  3845.978 607.01214     1.293     -0.66               7.650                    
  3845.980 607.01214     0.360     -0.24               7.650                    
  3845.982      26.0     3.684     -5.66                                        
  3845.985      26.0     3.366     -1.18                                        
  3846.003      57.1     0.173     -1.48                                        
  3846.003 607.01214     1.281     -0.05               7.650                    
  3846.012 607.01214     3.250     -0.41               7.650                    
  3846.017 607.01214     0.360     -0.26               7.650                    
  3846.040 607.01214     0.360     -3.23               7.650                    
  3846.048 607.01214     1.163     -3.53               7.650                    
  3846.054 607.01214     2.121     -3.70               7.650                    
  3846.062      23.1     6.857     -3.72                                        
  3846.063 607.01214     1.475      0.14               7.650                    
  3846.075 607.01214     1.163     -0.36               7.650                    
  3846.076 607.01214     1.028     -3.17               7.650                    
  3846.081 607.01214     2.121     -0.47               7.650                    
  3846.088 607.01214     1.028     -0.70               7.650                    
  3846.089 607.01214     1.281     -0.06               7.650                    
  3846.109 607.01214     1.028     -0.74               7.650                    
  3846.121      21.0     1.985     -1.64                               KURNOHFS 
  3846.128 607.01214     1.163     -0.37               7.650                    
  3846.133 607.01214     3.250     -0.42               7.650                    
  3846.158 607.01214     2.121     -0.48               7.650                    
  3846.160 607.01214     3.250     -3.75               7.650                    
  3846.175 607.01214     1.301     -3.38               7.650                    
  3846.177      42.0     3.245     -0.71                                        
  3846.180 607.01214     2.510     -0.55               7.650                    
  3846.192 607.01214     1.301     -0.60               7.650                    
  3846.213      74.0     0.207     -1.56                                        
  3846.218 607.01214     1.151     -3.51               7.650                    
  3846.222      27.0     3.663     -3.80                               KURNOHFS 
  3846.234      92.0     0.868      0.00                                        
  3846.245 607.01214     1.151     -0.37               7.650                    
  3846.249      90.1     2.727     -0.05                                        
  3846.259 607.01214     2.510     -0.57               7.650                    
  3846.271 607.01214     4.456     -0.62               7.650                    
  3846.279      62.0     0.101     -1.05                                        
  3846.281 607.01214     2.510     -3.66               7.650                    
  3846.283      26.0     3.692     -1.66                                        
  3846.295 607.01214     1.151     -0.39               7.650                    
  3846.306      26.1     4.491     -3.90                                        
  3846.313 607.01214     1.301     -0.63               7.650                    
  3846.315 607.01214     1.823     -3.58               7.650                    
  3846.320 607.01214     3.937     -1.31               7.650                    
  3846.337 607.01214     1.823     -0.55               7.650                    
  3846.340      66.1     0.590     -1.05                                 LAWLER 
  3846.362 607.01214     1.139     -3.49               7.650                    
  3846.373      39.1     4.130     -1.00                                        
  3846.378 607.01214     2.649     -3.80               7.650                    
  3846.388 607.01214     1.139     -0.39               7.650                    
  3846.393 607.01214     1.823     -0.56               7.650                    
  3846.409 607.01214     2.649     -0.41               7.650                    
  3846.410      26.0     3.571     -0.43                                        
  3846.416 607.01214     3.937     -1.33               7.650                    
  3846.431 607.01214     3.937     -4.27               7.650                    
  3846.432 607.01214     1.653     -3.78               7.650                    
  3846.436 607.01214     1.139     -0.41               7.650                    
  3846.437 607.01214     1.034     -3.21               7.650                    
  3846.439      22.0     1.967     -0.71                                        
  3846.451 607.01214     1.034     -0.67               7.650                    
  3846.472 607.01214     1.034     -0.70               7.650                    
  3846.480 607.01214     1.703     -1.54               7.650                    
  3846.487 607.01214     1.703     -1.79               7.650                    
  3846.489 607.01214     1.703     -2.49               7.650                    
  3846.490      64.0     0.864      0.03                                        
  3846.494 607.01214     1.259     -3.71               7.650                    
  3846.497 607.01214     0.751     -2.31               7.650                    
  3846.498 607.01214     0.751     -1.61               7.650                    
  3846.499 607.01214     0.751     -1.35               7.650                    
  3846.507 607.01214     1.309     -3.40               7.650                    
  3846.515 607.01214     2.649     -0.42               7.650                    
  3846.516 607.01214     1.653      0.31               7.650                    
  3846.517      58.1     1.013     -0.09                                        
  3846.525 607.01214     1.309     -0.58               7.650                    
  3846.527 607.01214     0.524     -0.65               7.650                    
  3846.536 607.01214     4.456     -0.63               7.650                    
  3846.543 607.01214     1.259     -0.06               7.650                    
  3846.545 607.01214     0.523     -0.69               7.650                    
  3846.546      23.0     1.941     -1.04                               KURNOHFS 
  3846.546      27.0     2.875     -6.31                               KURNOHFS 
  3846.550 607.01214     1.128     -0.42               7.650                    
  3846.553      92.0     0.471     -0.09                                        
  3846.554 607.01214     0.524     -2.97               7.650                    
  3846.578 607.01214     3.873     -0.09               7.650                    
  3846.588 607.01214     4.281     -0.30               7.650                    
  3846.591 607.01214     4.456     -4.64               7.650                    
  3846.615      73.0     1.146     -1.73                                        
  3846.627 607.01214     1.259     -0.07               7.650                    
  3846.629      26.0     2.756     -3.10                                        
  3846.630 607.01214     1.653      0.30               7.650                    
  3846.634 607.01214     0.232      0.01               7.650                    
  3846.634 607.01214     1.309     -0.60               7.650                    
  3846.658 607.01214     1.446     -3.77               7.650                    
  3846.672      44.0     1.122     -0.96                                        
  3846.678 607.01214     0.232      0.00               7.650                    
  3846.697      21.0     1.986     -1.89                               KURNOHFS 
  3846.698 607.01214     1.107     -0.46               7.650                    
  3846.706   27.0059     3.629     -3.10                                 KURHFS 
  3846.710   27.0059     3.629     -2.81                                 KURHFS 
  3846.710   27.0059     3.629     -3.07                                 KURHFS 
  3846.711 607.01214     0.232     -3.31               7.650                    
  3846.717   27.0059     3.629     -2.63                                 KURHFS 
  3846.717   27.0059     3.629     -3.07                                 KURHFS 
  3846.717   27.0059     3.629     -3.12                                 KURHFS 
  3846.726 607.01214     1.446      0.14               7.650                    
  3846.729   27.0059     3.629     -2.54                                 KURHFS 
  3846.729   27.0059     3.629     -2.68                                 KURHFS 
  3846.729   27.0059     3.629     -3.25                                 KURHFS 
  3846.743   27.0059     3.629     -2.43                                 KURHFS 
  3846.743   27.0059     3.629     -2.51                                 KURHFS 
  3846.743   27.0059     3.629     -3.47                                 KURHFS 
  3846.748 607.01214     4.281     -0.31               7.650                    
  3846.762   27.0059     3.629     -2.23                                 KURHFS 
  3846.762   27.0059     3.629     -2.57                                 KURHFS 
  3846.762   27.0059     3.629     -3.88                                 KURHFS 
  3846.763      62.0     0.036     -0.35                                        
  3846.769      60.1     0.204     -0.91                                        
  3846.773 607.01214     4.281     -3.69               7.650                    
  3846.783 607.01214     1.747     -3.74               7.650                    
  3846.784   27.0059     3.629     -2.06                                 KURHFS 
  3846.784   27.0059     3.629     -2.76                                 KURHFS 
  3846.784 607.01214     1.040     -3.24               7.650                    
  3846.791      26.0     3.366     -1.15                                        
  3846.799 607.01214     1.040     -0.64               7.650                    
  3846.800      26.0     3.249      0.01                                        
  3846.810   27.0059     3.629     -1.92                                 KURHFS 
  3846.820 607.01214     1.040     -0.67               7.650                    
  3846.823 607.01214     1.317     -3.42               7.650                    
  3846.825 607.01214     3.873     -0.09               7.650                    
  3846.830 607.01214     1.446      0.14               7.650                    
  3846.840      21.0     2.008     -4.23                               KURNOHFS 
  3846.842 607.01214     1.317     -0.56               7.650                    
  3846.851   23.0051     1.954     -3.89                                 KURHFS 
  3846.851   23.0051     1.954     -3.95                                 KURHFS 
  3846.851   23.0051     1.954     -4.59                                 KURHFS 
  3846.856   23.0051     1.954     -3.69                                 KURHFS 
  3846.856   23.0051     1.954     -3.69                                 KURHFS 
  3846.856   23.0051     1.954     -4.43                                 KURHFS 
  3846.863   23.0051     1.954     -3.49                                 KURHFS 
  3846.863   23.0051     1.954     -3.59                                 KURHFS 
  3846.863   23.0051     1.954     -4.43                                 KURHFS 
  3846.864      56.1     5.718     -3.32                                        
  3846.874   23.0051     1.954     -3.32                                 KURHFS 
  3846.874   23.0051     1.954     -3.54                                 KURHFS 
  3846.874   23.0051     1.954     -4.53                                 KURHFS 
  3846.877 607.01214     1.748      0.44               7.650                    
  3846.886   23.0051     1.954     -3.17                                 KURHFS 
  3846.886   23.0051     1.954     -3.54                                 KURHFS 
  3846.886   23.0051     1.954     -4.73                                 KURHFS 
  3846.901   23.0051     1.954     -3.04                                 KURHFS 
  3846.901   23.0051     1.954     -3.62                                 KURHFS 
  3846.901   23.0051     1.954     -5.13                                 KURHFS 
  3846.919   23.0051     1.954     -2.93                                 KURHFS 
  3846.919   23.0051     1.954     -3.83                                 KURHFS 
  3846.919 607.01214     3.873     -4.41               7.650                    
  3846.935      26.0     2.431     -2.00                                        
  3846.939   23.0051     1.954     -2.82                                 KURHFS 
  3846.944 607.01214     1.317     -0.58               7.650                    
  3846.945 607.01214     0.350     -0.26               7.650                    
  3846.953 607.01214     1.813     -3.56               7.650                    
  3846.974 607.01214     1.813     -0.56               7.650                    
  3846.980      60.1     0.064     -1.59                                 LAWLER 
  3846.981 607.01214     0.350     -0.28               7.650                    
  3846.983      20.0     5.736     -4.14                                        
  3846.990 607.01214     1.747      0.44               7.650                    
  3847.002 607.01214     0.350     -3.21               7.650                    
  3847.003 607.01214     0.752     -2.50               7.650                    
  3847.006 607.01214     0.752     -1.20               7.650                    
  3847.006 607.01214     0.752     -1.35               7.650                    
  3847.013 607.01214     1.238     -3.70               7.650                    
  3847.016      40.0     0.071     -0.95                                        
  3847.018      66.0     0.937      0.47                                        
  3847.028 607.01214     1.813     -0.58               7.650                    
  3847.060 607.01214     3.645     -0.53               7.650                    
  3847.061 607.01214     1.238     -0.07               7.650                    
  3847.098      26.0     3.414     -3.31                                        
  3847.105 607.01214     1.961     -0.84               7.650                    
  3847.110 607.01214     1.703     -1.79               7.650                    
  3847.113 607.01214     1.047     -3.27               7.650                    
  3847.115 607.01214     1.703     -2.09               7.650                    
  3847.120 607.01214     1.326     -3.45               7.650                    
  3847.128 607.01214     1.047     -0.61               7.650                    
  3847.140 607.01214     1.326     -0.53               7.650                    
  3847.140 607.01214     1.961     -0.88               7.650                    
  3847.143 607.01214     1.238     -0.08               7.650                    
  3847.151 607.01214     1.961     -3.32               7.650                    
  3847.155 607.01214     1.047     -0.64               7.650                    
  3847.159      26.0     3.940     -2.58                                        
  3847.212      26.0     3.299     -2.13                                        
  3847.225      25.0     4.824     -1.52                                        
  3847.231      20.0     5.737     -3.19                                        
  3847.237 607.01214     1.326     -0.56               7.650                    
  3847.242      28.0     3.703     -2.44                                        
  3847.245      42.0     1.380     -1.27                                        
  3847.263 607.01214     0.519     -0.69               7.650                    
  3847.264 607.01214     0.519     -0.74               7.650                    
  3847.271 607.01214     3.645     -0.54               7.650                    
  3847.273 607.01214     0.519     -2.92               7.650                    
  3847.274 607.01214     3.471     -0.37               7.650                    
  3847.309   23.0051     0.017     -2.59                                 KURHFS 
  3847.309   23.0051     0.017     -2.85                                 KURHFS 
  3847.309   23.0051     0.017     -2.88                                 KURHFS 
  3847.313   23.0051     0.017     -2.40                                 KURHFS 
  3847.313   23.0051     0.017     -2.46                                 KURHFS 
  3847.313   23.0051     0.017     -2.85                                 KURHFS 
  3847.317   23.0051     0.017     -2.20                                 KURHFS 
  3847.317   23.0051     0.017     -2.31                                 KURHFS 
  3847.317   23.0051     0.017     -2.90                                 KURHFS 
  3847.324   23.0051     0.017     -2.00                                 KURHFS 
  3847.324   23.0051     0.017     -2.29                                 KURHFS 
  3847.324   23.0051     0.017     -3.02                                 KURHFS 
  3847.324 607.01214     3.645     -4.45               7.650                    
  3847.332   23.0051     0.017     -1.84                                 KURHFS 
  3847.332   23.0051     0.017     -2.34                                 KURHFS 
  3847.332   23.0051     0.017     -3.24                                 KURHFS 
  3847.339      23.1     2.759     -0.61                                        
  3847.341   23.0051     0.017     -1.70                                 KURHFS 
  3847.341   23.0051     0.017     -2.54                                 KURHFS 
  3847.341   23.0051     0.017     -3.65                                 KURHFS 
  3847.397 607.01214     1.619     -3.77               7.650                    
  3847.405 607.01214     3.471     -0.38               7.650                    
  3847.407      23.1     5.784     -2.69                                        
  3847.407 607.01214     1.336     -3.47               7.650                    
  3847.410 607.01214     1.417     -3.77               7.650                    
  3847.428 607.01214     1.336     -0.51               7.650                    
  3847.430 607.01214     1.054     -3.30               7.650                    
  3847.430 607.01214     2.108     -3.69               7.650                    
  3847.432 607.01214     3.471     -3.74               7.650                    
  3847.447 607.01214     1.054     -0.58               7.650                    
  3847.456 607.01214     2.108     -0.48               7.650                    
  3847.459      23.1     6.876     -2.34                                        
  3847.476 607.01214     1.054     -0.61               7.650                    
  3847.476 607.01214     1.417      0.14               7.650                    
  3847.478 607.01214     2.385     -3.76               7.650                    
  3847.480 607.01214     1.619      0.30               7.650                    
  3847.484      22.0     2.091     -4.39                                        
  3847.490      74.0     0.000     -2.40                                        
  3847.498 607.01214     0.754     -2.63               7.650                    
  3847.502 607.01214     0.754     -1.20               7.650                    
  3847.503 607.01214     0.754     -1.09               7.650                    
  3847.507 607.01214     2.385     -0.44               7.650                    
  3847.511 607.01214     1.217     -3.69               7.650                    
  3847.520      62.1     0.333     -0.78                                 LAWLER 
  3847.530 607.01214     2.108     -0.50               7.650                    
  3847.535 607.01214     1.336     -0.53               7.650                    
  3847.539 607.01214     1.804     -3.54               7.650                    
  3847.548      22.1     4.891     -1.62                                        
  3847.557 607.01214     1.217     -0.08               7.650                    
  3847.559 607.01214     1.804     -0.58               7.650                    
  3847.579 607.01214     1.417      0.13               7.650                    
  3847.592 607.01214     1.619      0.30               7.650                    
  3847.598 607.01214     2.385     -0.45               7.650                    
  3847.602      22.0     1.979     -3.31                                        
  3847.606      21.0     2.336     -3.62                               KURNOHFS 
  3847.610 607.01214     1.804     -0.60               7.650                    
  3847.612 607.01214     3.013     -0.46               7.650                    
  3847.614      22.0     1.442     -4.91                                        
  3847.625      26.0     4.214     -2.12                                        
  3847.638 607.01214     1.217     -0.09               7.650                    
  3847.710      24.0     3.008     -2.55                                        
  3847.721 607.01214     3.013     -0.47               7.650                    
  3847.731      22.0     2.406     -1.15                                        
  3847.732 607.01214     1.062     -3.33               7.650                    
  3847.736 607.01214     1.345     -3.49               7.650                    
  3847.746 607.01214     3.013     -3.75               7.650                    
  3847.749 607.01214     1.062     -0.55               7.650                    
  3847.758 607.01214     1.345     -0.49               7.650                    
  3847.758 607.01214     3.889     -0.32               7.650                    
  3847.781 607.01214     1.062     -0.58               7.650                    
  3847.786 607.01214     3.926     -4.55               7.650                    
  3847.791 607.01214     1.345     -0.51               7.650                    
  3847.819 607.01214     0.217      0.00               7.650                    
  3847.833      92.0     0.870      0.23                                        
  3847.838 607.01214     4.143     -3.73               7.650                    
  3847.840 607.01214     3.926     -0.61               7.650                    
  3847.863 607.01214     0.217     -0.02               7.650                    
  3847.866 607.01214     4.143     -0.27               7.650                    
  3847.886      23.0     2.053     -3.15                               KURNOHFS 
  3847.888 607.01214     3.571     -0.42               7.650                    
  3847.890 607.01214     0.341     -0.28               7.650                    
  3847.895 607.01214     0.217     -3.29               7.650                    
  3847.905      20.0     5.685     -2.31                                        
  3847.905 607.01214     3.889     -0.33               7.650                    
  3847.927 607.01214     0.341     -0.30               7.650                    
  3847.931 607.01214     3.889     -3.71               7.650                    
  3847.946      22.1     4.861     -3.96                                        
  3847.947 607.01214     1.356     -3.51               7.650                    
  3847.948 607.01214     0.341     -3.19               7.650                    
  3847.952   23.0051     2.364     -4.46                                 KURHFS 
  3847.953   23.0051     2.364     -4.17                                 KURHFS 
  3847.953   23.0051     2.364     -4.46                                 KURHFS 
  3847.953   23.0051     2.364     -5.48                                 KURHFS 
  3847.954   23.0051     2.364     -4.04                                 KURHFS 
  3847.954   23.0051     2.364     -4.17                                 KURHFS 
  3847.954   23.0051     2.364     -4.78                                 KURHFS 
  3847.955   23.0051     2.364     -3.97                                 KURHFS 
  3847.955   23.0051     2.364     -4.04                                 KURHFS 
  3847.955   23.0051     2.364     -4.33                                 KURHFS 
  3847.957   23.0051     2.364     -3.96                                 KURHFS 
  3847.957   23.0051     2.364     -3.97                                 KURHFS 
  3847.957   23.0051     2.364     -4.00                                 KURHFS 
  3847.959   23.0051     2.364     -3.74                                 KURHFS 
  3847.959   23.0051     2.364     -3.96                                 KURHFS 
  3847.959   23.0051     2.364     -4.03                                 KURHFS 
  3847.962   23.0051     2.364     -3.52                                 KURHFS 
  3847.962   23.0051     2.364     -4.03                                 KURHFS 
  3847.962   23.0051     2.364     -4.23                                 KURHFS 
  3847.965   23.0051     2.364     -3.33                                 KURHFS 
  3847.965   23.0051     2.364     -4.23                                 KURHFS 
  3847.966 607.01214     1.709     -3.74               7.650                    
  3847.970 607.01214     1.356     -0.47               7.650                    
  3847.973 607.01214     0.516     -0.74               7.650                    
  3847.974 607.01214     0.516     -0.79               7.650                    
  3847.975 607.01214     0.756     -2.73               7.650                    
  3847.979 607.01214     0.756     -1.09               7.650                    
  3847.980 607.01214     0.756     -1.00               7.650                    
  3847.982 607.01214     0.516     -2.87               7.650                    
  3847.987 607.01214     1.197     -3.68               7.650                    
  3847.989      22.0     2.229     -1.27                                        
  3848.019 607.01214     1.070     -3.35               7.650                    
  3848.020      69.1     0.000     -0.14                                 LAWLER 
  3848.021   23.0051     1.858     -3.49                                 KURHFS 
  3848.021   23.0051     1.858     -3.94                                 KURHFS 
  3848.021   23.0051     1.858     -4.94                                 KURHFS 
  3848.027   23.0051     1.858     -3.37                                 KURHFS 
  3848.027   23.0051     1.858     -3.73                                 KURHFS 
  3848.027   23.0051     1.858     -4.73                                 KURHFS 
  3848.027 607.01214     4.143     -0.28               7.650                    
  3848.032 607.01214     1.197     -0.09               7.650                    
  3848.034   23.0051     1.858     -3.25                                 KURHFS 
  3848.034   23.0051     1.858     -3.63                                 KURHFS 
  3848.034   23.0051     1.858     -4.70                                 KURHFS 
  3848.037      73.0     0.696     -1.56                                        
  3848.038 607.01214     1.070     -0.53               7.650                    
  3848.043   23.0051     1.858     -3.14                                 KURHFS 
  3848.043   23.0051     1.858     -3.60                                 KURHFS 
  3848.043   23.0051     1.858     -4.78                                 KURHFS 
  3848.049      39.1     4.000      0.50                                        
  3848.055   23.0051     1.858     -3.03                                 KURHFS 
  3848.055   23.0051     1.858     -3.61                                 KURHFS 
  3848.055   23.0051     1.858     -4.97                                 KURHFS 
  3848.059 607.01214     1.709      0.44               7.650                    
  3848.059 607.01214     4.140     -0.03               7.650                    
  3848.061 607.01214     1.356     -0.49               7.650                    
  3848.065 607.01214     3.926     -0.62               7.650                    
  3848.068   23.0051     1.858     -2.94                                 KURHFS 
  3848.068   23.0051     1.858     -3.69                                 KURHFS 
  3848.068   23.0051     1.858     -5.36                                 KURHFS 
  3848.071 607.01214     1.070     -0.55               7.650                    
  3848.073 607.01214     1.795     -3.52               7.650                    
  3848.077 607.01214     2.233     -0.66               7.650                    
  3848.078      21.0     2.318     -1.36                               KURNOHFS 
  3848.082   23.0051     1.858     -2.85                                 KURHFS 
  3848.082   23.0051     1.858     -3.91                                 KURHFS 
  3848.083      25.0     4.791     -1.38                                        
  3848.092 607.01214     1.795     -0.60               7.650                    
  3848.099   23.0051     1.858     -2.76                                 KURHFS 
  3848.100      58.1     0.529     -0.54                                 LAWLER 
  3848.103      24.0     3.382     -2.03                                        
  3848.104 607.01214     3.571     -0.43               7.650                    
  3848.111 607.01214     1.197     -0.10               7.650                    
  3848.135 607.01214     2.233     -0.69               7.650                    
  3848.140 607.01214     1.795     -0.63               7.650                    
  3848.143 607.01214     1.389     -3.76               7.650                    
  3848.151 607.01214     2.233     -3.53               7.650                    
  3848.163 607.01214     3.571     -4.41               7.650                    
  3848.171 607.01214     1.709      0.43               7.650                    
  3848.185      26.0     4.188     -2.82                                        
  3848.203 607.01214     1.366     -3.53               7.650                    
  3848.209 607.01214     1.389      0.13               7.650                    
  3848.211 607.01214     1.703     -2.09               7.650                    
  3848.212 607.01214     1.703     -1.79               7.650                    
  3848.227 607.01214     1.366     -0.46               7.650                    
  3848.230      60.1     0.182     -0.25                                 LAWLER 
  3848.271      24.0     3.847     -4.11                                        
  3848.289   27.0059     3.229     -6.61                                 KURHFS 
  3848.290      26.0     2.607     -2.18                                        
  3848.294 607.01214     1.078     -3.38               7.650                    
  3848.298      42.0     2.497     -0.60                                        
  3848.301   27.0059     3.229     -6.58                                 KURHFS 
  3848.301   27.0059     3.229     -7.06                                 KURHFS 
  3848.306      68.1     0.669     -1.24                                        
  3848.307      22.0     1.442     -1.00                                        
  3848.309      24.0     3.426      0.35                                        
  3848.309 607.01214     1.389      0.12               7.650                    
  3848.309 607.01214     4.434     -0.58               7.650                    
  3848.310 607.01214     1.366     -0.47               7.650                    
  3848.313 607.01214     4.140     -0.04               7.650                    
  3848.314 607.01214     1.078     -0.51               7.650                    
  3848.316   27.0059     3.229     -6.58                                 KURHFS 
  3848.316   27.0059     3.229     -6.73                                 KURHFS 
  3848.320      60.1     0.320     -0.30                                 LAWLER 
  3848.335   27.0059     3.229     -6.26                                 KURHFS 
  3848.346 607.01214     1.078     -0.53               7.650                    
  3848.346 607.01214     1.584     -3.77               7.650                    
  3848.351 607.01214     3.469     -1.34               7.650                    
  3848.395 607.01214     3.469     -1.39               7.650                    
  3848.403 607.01214     3.469     -3.66               7.650                    
  3848.420 607.01214     4.140     -4.44               7.650                    
  3848.427 607.01214     1.584      0.30               7.650                    
  3848.438 607.01214     0.759     -2.81               7.650                    
  3848.438 607.01214     1.957     -0.88               7.650                    
  3848.441 607.01214     1.177     -3.67               7.650                    
  3848.444 607.01214     0.759     -1.00               7.650                    
  3848.445 607.01214     0.759     -0.93               7.650                    
  3848.470 607.01214     1.957     -0.92               7.650                    
  3848.480 607.01214     1.957     -3.28               7.650                    
  3848.485 607.01214     1.177     -0.10               7.650                    
  3848.493      24.0     4.486     -4.09                                        
  3848.499      24.0     3.842     -2.49                                        
  3848.513      60.1     0.380      0.15                                        
  3848.522 607.01214     3.737     -4.08               7.650                    
  3848.538 607.01214     1.584      0.29               7.650                    
  3848.538 607.01214     3.738     -1.17               7.650                    
  3848.539 607.01214     1.377     -0.46               7.650                    
  3848.554 607.01214     1.087     -3.40               7.650                    
  3848.554 607.01214     1.786     -3.50               7.650                    
  3848.562 607.01214     1.177     -0.11               7.650                    
  3848.571      27.0     4.022     -1.80                               KURNOHFS 
  3848.572 607.01214     1.786     -0.63               7.650                    
  3848.574      25.1     5.516     -3.33                                        
  3848.575 607.01214     1.087     -0.48               7.650                    
  3848.582 607.01214     4.434     -0.59               7.650                    
  3848.592      58.1     0.521     -0.07                                 LAWLER 
  3848.604      92.1     0.652     -0.49                                        
  3848.610 607.01214     1.087     -0.51               7.650                    
  3848.619 607.01214     1.786     -0.65               7.650                    
  3848.621 607.01214     3.737     -1.19               7.650                    
  3848.644 607.01214     4.434     -4.67               7.650                    
  3848.654   65.1159     0.000     -2.01                                 LAWLER 
  3848.663 607.01214     3.708     -1.24               7.650                    
  3848.664 607.01214     0.512     -0.79               7.650                    
  3848.665 607.01214     0.512     -0.86               7.650                    
  3848.672 607.01214     0.512     -2.81               7.650                    
  3848.674   65.1159     0.000     -0.42                                 LAWLER 
  3848.678   65.1159     0.000     -1.88                                 LAWLER 
  3848.680 607.01214     1.704     -2.49               7.650                    
  3848.682 607.01214     1.704     -1.54               7.650                    
  3848.685 607.01214     1.704     -1.79               7.650                    
  3848.698      42.0     2.596     -2.14                                        
  3848.705   65.1159     0.000     -0.37                                 LAWLER 
  3848.707   65.1159     0.000     -2.01                                 LAWLER 
  3848.725   65.1159     0.000     -2.01                                 LAWLER 
  3848.739 607.01214     3.708     -1.26               7.650                    
  3848.740 607.01214     2.096     -3.67               7.650                    
  3848.740   65.1159     0.000     -0.32                                 LAWLER 
  3848.751 607.01214     3.708     -4.01               7.650                    
  3848.758      62.1     0.184     -0.98                                        
  3848.759 607.01214     1.389     -0.44               7.650                    
  3848.765 607.01214     2.096     -0.50               7.650                    
  3848.766   65.1159     0.000     -1.88                                 LAWLER 
  3848.780   65.1159     0.000     -0.26                                 LAWLER 
  3848.800 607.01214     1.097     -3.42               7.650                    
  3848.807      25.0     4.682     -4.40                                        
  3848.814   65.1159     0.000     -2.01                                 LAWLER 
  3848.820   27.0059     3.629     -5.27                                 KURHFS 
  3848.822 607.01214     1.097     -0.46               7.650                    
  3848.823   27.0059     3.629     -4.99                                 KURHFS 
  3848.823   27.0059     3.629     -5.27                                 KURHFS 
  3848.823   27.0059     3.629     -6.29                                 KURHFS 
  3848.829 607.01214     0.332     -0.30               7.650                    
  3848.831   27.0059     3.629     -4.85                                 KURHFS 
  3848.831   27.0059     3.629     -4.99                                 KURHFS 
  3848.831   27.0059     3.629     -5.59                                 KURHFS 
  3848.836 607.01214     2.096     -0.52               7.650                    
  3848.842   27.0059     3.629     -4.78                                 KURHFS 
  3848.842   27.0059     3.629     -4.85                                 KURHFS 
  3848.842   27.0059     3.629     -5.14                                 KURHFS 
  3848.852 607.01214     1.097     -0.48               7.650                    
  3848.857   27.0059     3.629     -4.78                                 KURHFS 
  3848.857   27.0059     3.629     -4.78                                 KURHFS 
  3848.857   27.0059     3.629     -4.81                                 KURHFS 
  3848.858 607.01214     1.361     -3.75               7.650                    
  3848.862 607.01214     0.332     -0.32               7.650                    
  3848.873 607.01214     1.158     -3.66               7.650                    
  3848.875   27.0059     3.629     -4.55                                 KURHFS 
  3848.875   27.0059     3.629     -4.78                                 KURHFS 
  3848.875   27.0059     3.629     -4.84                                 KURHFS 
  3848.878 607.01214     0.762     -2.88               7.650                    
  3848.881 607.01214     0.332     -3.17               7.650                    
  3848.886 607.01214     0.762     -0.86               7.650                    
  3848.890 607.01214     0.762     -0.93               7.650                    
  3848.898   27.0059     3.629     -4.33                                 KURHFS 
  3848.898   27.0059     3.629     -4.84                                 KURHFS 
  3848.898   27.0059     3.629     -5.05                                 KURHFS 
  3848.901 607.01214     4.059     -1.59               7.650                    
  3848.909      27.1     2.777     -3.86                                        
  3848.917 607.01214     1.158     -0.11               7.650                    
  3848.923 607.01214     1.361      0.12               7.650                    
  3848.924   27.0059     3.629     -4.14                                 KURHFS 
  3848.924   27.0059     3.629     -5.05                                 KURHFS 
  3848.938 607.01214     4.059     -1.65               7.650                    
  3848.942 607.01214     4.059     -3.61               7.650                    
  3848.975      24.0     2.706     -0.18                                        
  3848.984 607.01214     1.777     -3.47               7.650                    
  3848.988 607.01214     0.203     -0.02               7.650                    
  3848.988 607.01214     3.536     -0.33               7.650                    
  3848.992 607.01214     1.158     -0.12               7.650                    
  3849.001   57.1139     0.000     -1.45                                 LAWLER 
  3849.001 607.01214     1.777     -0.65               7.650                    
  3849.003   57.1139     0.000     -1.35                                 LAWLER 
  3849.005   57.1139     0.000     -1.47                                 LAWLER 
  3849.010   57.1139     0.000     -0.97                                 LAWLER 
  3849.012   57.1139     0.000     -1.27                                 LAWLER 
  3849.012   57.1139     0.000     -1.72                                 LAWLER 
  3849.022 607.01214     1.361      0.12               7.650                    
  3849.030 607.01214     0.203     -0.03               7.650                    
  3849.035 607.01214     1.107     -3.44               7.650                    
  3849.045 607.01214     1.777     -0.67               7.650                    
  3849.051 607.01214     3.336     -3.81               7.650                    
  3849.058 607.01214     1.107     -0.44               7.650                    
  3849.061 607.01214     0.203     -3.28               7.650                    
  3849.082 607.01214     3.337     -0.35               7.650                    
  3849.094 607.01214     4.087     -0.30               7.650                    
  3849.095 607.01214     1.705     -2.68               7.650                    
  3849.099 607.01214     1.705     -1.38               7.650                    
  3849.104 607.01214     1.705     -1.54               7.650                    
  3849.132 607.01214     1.670     -3.73               7.650                    
  3849.181      72.0     0.699     -0.34                                        
  3849.209 607.01214     3.536     -0.33               7.650                    
  3849.216 607.01214     3.336     -0.36               7.650                    
  3849.224 607.01214     1.671      0.43               7.650                    
  3849.239 607.01214     2.762     -0.50               7.650                    
  3849.248 607.01214     4.087     -0.32               7.650                    
  3849.251 607.01214     1.117     -3.46               7.650                    
  3849.252      40.0     0.000     -1.02                                        
  3849.273 607.01214     4.087     -3.70               7.650                    
  3849.274 607.01214     1.117     -0.42               7.650                    
  3849.274 607.01214     3.536     -4.38               7.650                    
  3849.277 607.01214     1.550     -3.76               7.650                    
  3849.283 607.01214     1.139     -3.65               7.650                    
  3849.286      68.1     0.000     -1.85                                        
  3849.305 607.01214     0.766     -2.94               7.650                    
  3849.314 607.01214     0.766     -0.81               7.650                    
  3849.314 607.01214     1.117     -0.44               7.650                    
  3849.326 607.01214     1.139     -0.12               7.650                    
  3849.329 607.01214     0.766     -0.86               7.650                    
  3849.333 607.01214     2.762     -0.52               7.650                    
  3849.334 607.01214     1.670      0.43               7.650                    
  3849.339 607.01214     0.510     -0.86               7.650                    
  3849.340 607.01214     0.510     -0.93               7.650                    
  3849.341   23.0051     2.364     -5.23                                 KURHFS 
  3849.341   23.0051     2.364     -5.48                                 KURHFS 
  3849.341   23.0051     2.364     -5.51                                 KURHFS 
  3849.342   23.0051     2.364     -5.04                                 KURHFS 
  3849.342   23.0051     2.364     -5.48                                 KURHFS 
  3849.342   23.0051     2.364     -5.53                                 KURHFS 
  3849.343   23.0051     2.364     -4.95                                 KURHFS 
  3849.343   23.0051     2.364     -5.09                                 KURHFS 
  3849.343   23.0051     2.364     -5.66                                 KURHFS 
  3849.345   23.0051     2.364     -4.84                                 KURHFS 
  3849.345   23.0051     2.364     -4.92                                 KURHFS 
  3849.345   23.0051     2.364     -5.88                                 KURHFS 
  3849.346 607.01214     0.510     -2.74               7.650                    
  3849.348   23.0051     2.364     -4.64                                 KURHFS 
  3849.348   23.0051     2.364     -4.98                                 KURHFS 
  3849.348   23.0051     2.364     -6.29                                 KURHFS 
  3849.350   23.0051     2.364     -4.48                                 KURHFS 
  3849.350   23.0051     2.364     -5.17                                 KURHFS 
  3849.354   23.0051     2.364     -4.33                                 KURHFS 
  3849.356 607.01214     2.762     -3.71               7.650                    
  3849.358 607.01214     1.551      0.29               7.650                    
  3849.361 607.01214     1.770     -3.45               7.650                    
  3849.363      24.0     3.886     -1.21                                        
  3849.364      24.0     3.008      0.38                                        
  3849.377 607.01214     1.770     -0.67               7.650                    
  3849.390      66.1     1.220     -0.52                                 LAWLER 
  3849.399 607.01214     1.139     -0.13               7.650                    
  3849.407      22.0     2.254     -4.09                                        
  3849.413 607.01214     4.164     -4.45               7.650                    
  3849.418 607.01214     1.770     -0.70               7.650                    
  3849.424   23.0051     1.852     -4.97                                 KURHFS 
  3849.426   23.0051     1.852     -4.86                                 KURHFS 
  3849.426   23.0051     1.852     -5.43                                 KURHFS 
  3849.430   23.0051     1.852     -4.74                                 KURHFS 
  3849.430   23.0051     1.852     -5.22                                 KURHFS 
  3849.430   23.0051     1.852     -6.43                                 KURHFS 
  3849.435   23.0051     1.852     -4.63                                 KURHFS 
  3849.435   23.0051     1.852     -5.12                                 KURHFS 
  3849.435   23.0051     1.852     -6.22                                 KURHFS 
  3849.442   23.0051     1.852     -4.52                                 KURHFS 
  3849.442   23.0051     1.852     -5.08                                 KURHFS 
  3849.442   23.0051     1.852     -6.19                                 KURHFS 
  3849.444 607.01214     2.882     -3.81               7.650                    
  3849.450   23.0051     1.852     -4.43                                 KURHFS 
  3849.450   23.0051     1.852     -5.10                                 KURHFS 
  3849.450   23.0051     1.852     -6.27                                 KURHFS 
  3849.453 607.01214     1.128     -3.48               7.650                    
  3849.456   27.0059     3.512     -3.05                                 KURHFS 
  3849.457   27.0059     3.229     -6.77                                 KURHFS 
  3849.457   27.0059     3.229     -6.95                                 KURHFS 
  3849.458 607.01214     1.707     -2.81               7.650                    
  3849.459   23.0051     1.852     -4.34                                 KURHFS 
  3849.459   23.0051     1.852     -5.18                                 KURHFS 
  3849.459   23.0051     1.852     -6.46                                 KURHFS 
  3849.463 607.01214     1.707     -1.27               7.650                    
  3849.464   27.0059     3.512     -2.94                                 KURHFS 
  3849.464   27.0059     3.512     -3.50                                 KURHFS 
  3849.467 607.01214     1.550      0.28               7.650                    
  3849.467 607.01214     2.500     -0.57               7.650                    
  3849.468   27.0059     3.229     -6.65                                 KURHFS 
  3849.468   27.0059     3.229     -6.77                                 KURHFS 
  3849.469   23.0051     1.852     -4.25                                 KURHFS 
  3849.469   23.0051     1.852     -5.40                                 KURHFS 
  3849.469   23.0051     1.852     -6.85                                 KURHFS 
  3849.471 607.01214     1.707     -1.38               7.650                    
  3849.475 607.01214     2.882     -0.40               7.650                    
  3849.476   27.0059     3.512     -2.82                                 KURHFS 
  3849.476   27.0059     3.512     -3.29                                 KURHFS 
  3849.476   27.0059     3.512     -4.50                                 KURHFS 
  3849.478 607.01214     1.128     -0.41               7.650                    
  3849.479      58.1     0.459     -0.98                                BIEMONT 
  3849.484   27.0059     3.229     -6.65                                 KURHFS 
  3849.484   27.0059     3.229     -6.76                                 KURHFS 
  3849.484   27.0059     3.229     -6.97                                 KURHFS 
  3849.492   27.0059     3.512     -2.71                                 KURHFS 
  3849.492   27.0059     3.512     -3.20                                 KURHFS 
  3849.492   27.0059     3.512     -4.30                                 KURHFS 
  3849.501 607.01214     4.164     -0.16               7.650                    
  3849.501      72.1     2.194     -0.10                                        
  3849.503   27.0059     3.229     -6.35                                 KURHFS 
  3849.503   27.0059     3.229     -6.76                                 KURHFS 
  3849.512   27.0059     3.512     -2.60                                 KURHFS 
  3849.512   27.0059     3.512     -3.16                                 KURHFS 
  3849.512   27.0059     3.512     -4.27                                 KURHFS 
  3849.516   23.0051     2.377     -3.98                                 KURHFS 
  3849.516   23.0051     2.377     -4.39                                 KURHFS 
  3849.521   23.0051     2.377     -4.28                                 KURHFS 
  3849.521   23.0051     2.377     -4.39                                 KURHFS 
  3849.521   23.0051     2.377     -4.60                                 KURHFS 
  3849.526   23.0051     2.377     -4.28                                 KURHFS 
  3849.526   23.0051     2.377     -4.40                                 KURHFS 
  3849.529   23.0051     2.377     -4.40                                 KURHFS 
  3849.529   23.0051     2.377     -4.58                                 KURHFS 
  3849.533      24.0     0.982     -1.82                                        
  3849.536   27.0059     3.512     -2.50                                 KURHFS 
  3849.536   27.0059     3.512     -3.18                                 KURHFS 
  3849.536   27.0059     3.512     -4.35                                 KURHFS 
  3849.544 607.01214     2.500     -0.59               7.650                    
  3849.554      28.1     4.029     -1.88                                        
  3849.554 607.01214     1.334     -3.75               7.650                    
  3849.558      58.1     0.175     -1.01                                 LAWLER 
  3849.564   27.0059     3.512     -2.42                                 KURHFS 
  3849.564   27.0059     3.512     -3.26                                 KURHFS 
  3849.564   27.0059     3.512     -4.54                                 KURHFS 
  3849.564 607.01214     2.500     -3.64               7.650                    
  3849.573      22.0     2.266     -2.77                                        
  3849.590 607.01214     2.882     -0.41               7.650                    
  3849.596   27.0059     3.512     -2.33                                 KURHFS 
  3849.596   27.0059     3.512     -3.48                                 KURHFS 
  3849.596   27.0059     3.512     -4.93                                 KURHFS 
  3849.608      26.0     4.175     -3.58                                        
  3849.618 607.01214     1.334      0.12               7.650                    
  3849.633      23.0     2.682     -1.64                               KURNOHFS 
  3849.654 607.01214     2.635     -3.79               7.650                    
  3849.661 607.01214     2.372     -3.74               7.650                    
  3849.669      58.1     1.353     -0.40                                        
  3849.671 607.01214     1.121     -3.64               7.650                    
  3849.684 607.01214     2.635     -0.42               7.650                    
  3849.685 607.01214     1.762     -3.42               7.650                    
  3849.690 607.01214     2.372     -0.45               7.650                    
  3849.700 607.01214     1.762     -0.70               7.650                    
  3849.704 607.01214     1.952     -0.92               7.650                    
  3849.712 607.01214     0.770     -2.99               7.650                    
  3849.713 607.01214     1.121     -0.13               7.650                    
  3849.716 607.01214     1.334      0.11               7.650                    
  3849.722 607.01214     0.770     -0.76               7.650                    
  3849.726      26.0     4.151     -3.55                                        
  3849.734 607.01214     1.952     -0.96               7.650                    
  3849.739 607.01214     1.762     -0.73               7.650                    
  3849.742 607.01214     0.324     -0.32               7.650                    
  3849.742 607.01214     1.952     -3.24               7.650                    
  3849.743 607.01214     0.770     -0.81               7.650                    
  3849.759      23.1     1.792     -3.00                                        
  3849.768 607.01214     4.164     -0.17               7.650                    
  3849.769 607.01214     1.709     -2.91               7.650                    
  3849.773 607.01214     0.324     -0.34               7.650                    
  3849.774 607.01214     1.709     -1.18               7.650                    
  3849.777 607.01214     2.372     -0.47               7.650                    
  3849.782      42.0     3.185     -0.99                                        
  3849.782 607.01214     4.453      0.00               7.650                    
  3849.784 607.01214     1.709     -1.27               7.650                    
  3849.785 607.01214     1.121     -0.14               7.650                    
  3849.787 607.01214     2.635     -0.43               7.650                    
  3849.791 607.01214     0.324     -3.14               7.650                    
  3849.829   27.0059     3.126    -10.15                                 KURHFS 
  3849.829   27.0059     3.126    -10.47                                 KURHFS 
  3849.829   27.0059     3.126    -10.95                                 KURHFS 
  3849.830   27.0059     3.126    -10.47                                 KURHFS 
  3849.830   27.0059     3.126    -10.49                                 KURHFS 
  3849.830   27.0059     3.126    -10.62                                 KURHFS 
  3849.847      92.1     0.000     -1.52                                        
  3849.883      26.0     2.725     -4.02                                        
  3849.915      68.0     1.068      0.84                                        
  3849.927      22.0     1.459     -1.62                                        
  3849.957 607.01214     1.755     -3.39               7.650                    
  3849.965   21.0045     1.427    -10.17                                 KURHFS 
  3849.965   21.0045     1.427     -9.76                                 KURHFS 
  3849.966      26.0     1.010     -0.87                                        
  3849.969   21.0045     1.427    -10.06                                 KURHFS 
  3849.969   21.0045     1.427    -10.17                                 KURHFS 
  3849.969   21.0045     1.427    -10.38                                 KURHFS 
  3849.971 607.01214     1.755     -0.73               7.650                    
  3849.972   21.0045     1.427    -10.06                                 KURHFS 
  3849.972   21.0045     1.427    -10.19                                 KURHFS 
  3849.974   21.0045     1.427    -10.19                                 KURHFS 
  3849.974   21.0045     1.427    -10.36                                 KURHFS 
  3849.978      76.0     1.583     -1.14                                        
  3849.984 607.01214     2.085     -3.65               7.650                    
  3849.997 607.01214     0.507     -0.93               7.650                    
  3849.998 607.01214     0.507     -1.02               7.650                    
  3850.002 607.01214     0.507     -2.66               7.650                    
  3850.007 607.01214     1.755     -0.76               7.650                    
  3850.008 607.01214     2.085     -0.52               7.650                    
  3850.017      24.0     2.707      0.06                                        
  3850.025 607.01214     1.712     -2.99               7.650                    
  3850.032 607.01214     1.712     -1.11               7.650                    
  3850.037   27.0059     2.135     -3.94                                 KURHFS 
  3850.037 607.01214     1.103     -3.63               7.650                    
  3850.039 607.01214     4.453      0.00               7.650                    
  3850.041   27.0059     2.135     -3.66                                 KURHFS 
  3850.041   27.0059     2.135     -3.91                                 KURHFS 
  3850.045 607.01214     1.712     -1.18               7.650                    
  3850.050   27.0059     2.135     -3.47                                 KURHFS 
  3850.050   27.0059     2.135     -3.91                                 KURHFS 
  3850.050   27.0059     2.135     -3.96                                 KURHFS 
  3850.062   27.0059     2.135     -3.38                                 KURHFS 
  3850.062   27.0059     2.135     -3.53                                 KURHFS 
  3850.062   27.0059     2.135     -4.09                                 KURHFS 
  3850.077 607.01214     2.085     -0.53               7.650                    
  3850.078 607.01214     1.103     -0.14               7.650                    
  3850.079   27.0059     2.135     -3.27                                 KURHFS 
  3850.079   27.0059     2.135     -3.36                                 KURHFS 
  3850.079   27.0059     2.135     -4.31                                 KURHFS 
  3850.092      27.0     3.407     -5.64                               KURNOHFS 
  3850.092      58.1     0.739     -0.66                                BIEMONT 
  3850.093   23.0051     1.944     -3.73                                 KURHFS 
  3850.093   23.0051     1.944     -3.98                                 KURHFS 
  3850.096   23.0051     1.944     -3.53                                 KURHFS 
  3850.096   23.0051     1.944     -3.73                                 KURHFS 
  3850.096   23.0051     1.944     -5.64                                 KURHFS 
  3850.100   27.0059     2.135     -3.07                                 KURHFS 
  3850.100   27.0059     2.135     -3.41                                 KURHFS 
  3850.100   27.0059     2.135     -4.72                                 KURHFS 
  3850.101   23.0051     1.944     -3.47                                 KURHFS 
  3850.101   23.0051     1.944     -3.53                                 KURHFS 
  3850.101   23.0051     1.944     -4.39                                 KURHFS 
  3850.102      24.0     3.446     -4.55                                        
  3850.104 607.01214     3.654     -0.16               7.650                    
  3850.106 607.01214     0.774     -3.04               7.650                    
  3850.107   23.0051     1.944     -3.47                                 KURHFS 
  3850.107   23.0051     1.944     -3.50                                 KURHFS 
  3850.107   23.0051     1.944     -3.68                                 KURHFS 
  3850.114   23.0051     1.944     -3.27                                 KURHFS 
  3850.114   23.0051     1.944     -3.50                                 KURHFS 
  3850.114   23.0051     1.944     -3.68                                 KURHFS 
  3850.117 607.01214     0.774     -0.71               7.650                    
  3850.123   23.0051     1.944     -2.98                                 KURHFS 
  3850.123   23.0051     1.944     -3.68                                 KURHFS 
  3850.124   27.0059     2.135     -2.91                                 KURHFS 
  3850.124   27.0059     2.135     -3.61                                 KURHFS 
  3850.137 607.01214     0.190     -0.03               7.650                    
  3850.140 607.01214     0.774     -0.76               7.650                    
  3850.146 607.01214     3.862     -0.80               7.650                    
  3850.148 607.01214     1.103     -0.15               7.650                    
  3850.153   27.0059     2.135     -2.77                                 KURHFS 
  3850.159 607.01214     4.453     -4.49               7.650                    
  3850.169 607.01214     4.068     -3.72               7.650                    
  3850.175 607.01214     4.274     -1.28               7.650                    
  3850.176 607.01214     1.749     -3.36               7.650                    
  3850.176 607.01214     4.068     -1.49               7.650                    
  3850.178      26.1     2.028     -6.33                                        
  3850.178 607.01214     0.190     -0.05               7.650                    
  3850.179   23.0051     2.129     -2.77                                 KURHFS 
  3850.179   23.0051     2.129     -2.84                                 KURHFS 
  3850.179   23.0051     2.129     -3.47                                 KURHFS 
  3850.183   23.0051     2.129     -2.58                                 KURHFS 
  3850.183   23.0051     2.129     -2.58                                 KURHFS 
  3850.183   23.0051     2.129     -3.32                                 KURHFS 
  3850.184      23.0     2.682     -0.50                               KURNOHFS 
  3850.189   23.0051     2.129     -2.38                                 KURHFS 
  3850.189   23.0051     2.129     -2.47                                 KURHFS 
  3850.189   23.0051     2.129     -3.32                                 KURHFS 
  3850.189 607.01214     1.749     -0.76               7.650                    
  3850.192 607.01214     1.517     -3.76               7.650                    
  3850.195      26.0     4.188     -3.50                                        
  3850.197   23.0051     2.129     -2.21                                 KURHFS 
  3850.197   23.0051     2.129     -2.43                                 KURHFS 
  3850.197   23.0051     2.129     -3.42                                 KURHFS 
  3850.206   23.0051     2.129     -2.06                                 KURHFS 
  3850.206   23.0051     2.129     -2.43                                 KURHFS 
  3850.206   23.0051     2.129     -3.62                                 KURHFS 
  3850.208 607.01214     3.487     -3.78               7.650                    
  3850.209 607.01214     0.190     -3.26               7.650                    
  3850.216 607.01214     4.068     -1.53               7.650                    
  3850.218   23.0051     2.129     -1.93                                 KURHFS 
  3850.218   23.0051     2.129     -2.51                                 KURHFS 
  3850.218   23.0051     2.129     -4.02                                 KURHFS 
  3850.218 607.01214     3.487     -1.23               7.650                    
  3850.223 607.01214     1.749     -0.79               7.650                    
  3850.230 607.01214     1.715     -3.06               7.650                    
  3850.232   23.0051     2.129     -1.81                                 KURHFS 
  3850.232   23.0051     2.129     -2.72                                 KURHFS 
  3850.233 607.01214     1.307     -3.74               7.650                    
  3850.237 607.01214     1.715     -1.04               7.650                    
  3850.243 607.01214     4.274     -1.31               7.650                    
  3850.245      24.0     2.913     -1.49                                        
  3850.245 607.01214     2.225     -0.69               7.650                    
  3850.246      23.1     5.845     -3.63                                        
  3850.248   23.0051     2.129     -1.71                                 KURHFS 
  3850.252 607.01214     1.715     -1.11               7.650                    
  3850.252 607.01214     4.274     -3.83               7.650                    
  3850.269 607.01214     3.487     -1.27               7.650                    
  3850.271 607.01214     1.517      0.28               7.650                    
  3850.279 607.01214     1.633     -3.73               7.650                    
  3850.295 607.01214     1.307      0.11               7.650                    
  3850.300 607.01214     2.225     -0.71               7.650                    
  3850.303      24.0     3.011     -2.51                                        
  3850.305      24.0     2.985     -2.25                                        
  3850.315 607.01214     2.225     -3.51               7.650                    
  3850.327      26.0     3.015     -6.18                                        
  3850.340 607.01214     3.654     -0.16               7.650                    
  3850.342 607.01214     1.742     -3.33               7.650                    
  3850.351 607.01214     3.862     -0.80               7.650                    
  3850.355 607.01214     1.743     -0.79               7.650                    
  3850.371 607.01214     1.633      0.43               7.650                    
  3850.372 607.01214     3.960     -4.45               7.650                    
  3850.379 607.01214     1.517      0.28               7.650                    
  3850.380      25.0     4.329     -1.91                                        
  3850.381 607.01214     1.085     -3.62               7.650                    
  3850.381 607.01214     1.718     -3.12               7.650                    
  3850.386 607.01214     1.742     -0.82               7.650                    
  3850.389 607.01214     1.718     -0.99               7.650                    
  3850.391 607.01214     1.307      0.10               7.650                    
  3850.396 607.01214     3.862     -4.60               7.650                    
  3850.407 607.01214     1.718     -1.04               7.650                    
  3850.421      23.1     1.399     -2.31                                        
  3850.421 607.01214     1.085     -0.15               7.650                    
  3850.423 607.01214     3.654     -4.38               7.650                    
  3850.429      44.0     0.927     -0.65                                        
  3850.443   27.0059     2.041     -5.05                                 KURHFS 
  3850.443   27.0059     2.041     -5.05                                 KURHFS 
  3850.443   27.0059     2.041     -5.36                                 KURHFS 
  3850.446   27.0059     2.041     -4.89                                 KURHFS 
  3850.446   27.0059     2.041     -4.92                                 KURHFS 
  3850.446   27.0059     2.041     -5.23                                 KURHFS 
  3850.448 607.01214     3.960     -0.26               7.650                    
  3850.450   27.0059     2.041     -4.63                                 KURHFS 
  3850.450   27.0059     2.041     -4.88                                 KURHFS 
  3850.450   27.0059     2.041     -5.48                                 KURHFS 
  3850.455   27.0059     2.041     -4.42                                 KURHFS 
  3850.455   27.0059     2.041     -5.04                                 KURHFS 
  3850.455   27.0059     2.041     -5.91                                 KURHFS 
  3850.456 607.01214     1.737     -3.30               7.650                    
  3850.467 607.01214     1.737     -0.82               7.650                    
  3850.479 607.01214     1.722     -3.17               7.650                    
  3850.480 607.01214     1.633      0.42               7.650                    
  3850.482 607.01214     0.779     -3.08               7.650                    
  3850.488 607.01214     1.722     -0.94               7.650                    
  3850.489 607.01214     1.085     -0.16               7.650                    
  3850.494 607.01214     0.779     -0.68               7.650                    
  3850.496 607.01214     1.737     -0.86               7.650                    
  3850.508 607.01214     1.722     -0.99               7.650                    
  3850.516 607.01214     1.732     -3.26               7.650                    
  3850.520 607.01214     0.779     -0.71               7.650                    
  3850.524 607.01214     1.727     -3.22               7.650                    
  3850.527 607.01214     1.732     -0.86               7.650                    
  3850.534 607.01214     1.727     -0.90               7.650                    
  3850.553 607.01214     1.732     -0.90               7.650                    
  3850.555 607.01214     4.290     -3.89               7.650                    
  3850.557 607.01214     1.727     -0.94               7.650                    
  3850.566 607.01214     4.290     -1.22               7.650                    
  3850.616      25.1     6.900     -4.57                                        
  3850.634 607.01214     0.316     -0.34               7.650                    
  3850.637 607.01214     0.506     -1.02               7.650                    
  3850.637 607.01214     4.290     -1.25               7.650                    
  3850.638 607.01214     0.506     -1.13               7.650                    
  3850.642 607.01214     0.506     -2.56               7.650                    
  3850.666 607.01214     0.316     -0.37               7.650                    
  3850.684 607.01214     0.316     -3.12               7.650                    
  3850.699      27.1     2.983     -3.44                                        
  3850.700      64.1     0.078     -0.22                                 LAWLER 
  3850.701 607.01214     3.960     -0.27               7.650                    
  3850.702 607.01214     1.068     -3.60               7.650                    
  3850.734 607.01214     3.998     -0.96               7.650                    
  3850.741 607.01214     1.068     -0.16               7.650                    
  3850.807 607.01214     1.068     -0.17               7.650                    
  3850.818      26.0     0.989     -1.73                                        
  3850.823 607.01214     3.111     -3.82               7.650                    
  3850.845 607.01214     0.785     -3.12               7.650                    
  3850.854 607.01214     3.111     -0.38               7.650                    
  3850.858 607.01214     0.785     -0.64               7.650                    
  3850.884 607.01214     0.785     -0.68               7.650                    
  3850.891   27.0059     0.513     -4.35                                 KURHFS 
  3850.892 607.01214     1.280     -3.73               7.650                    
  3850.895   27.0059     0.513     -4.06                                 KURHFS 
  3850.895   27.0059     0.513     -4.32                                 KURHFS 
  3850.901   27.0059     0.513     -3.87                                 KURHFS 
  3850.901   27.0059     0.513     -4.32                                 KURHFS 
  3850.901   27.0059     0.513     -4.37                                 KURHFS 
  3850.903 607.01214     1.948     -0.96               7.650                    
  3850.905      24.0     3.011     -3.13                                        
  3850.911   27.0059     0.513     -3.78                                 KURHFS 
  3850.911   27.0059     0.513     -3.93                                 KURHFS 
  3850.911   27.0059     0.513     -4.49                                 KURHFS 
  3850.925   27.0059     0.513     -3.67                                 KURHFS 
  3850.925   27.0059     0.513     -3.76                                 KURHFS 
  3850.925   27.0059     0.513     -4.71                                 KURHFS 
  3850.930 607.01214     1.948     -1.01               7.650                    
  3850.938 607.01214     1.948     -3.19               7.650                    
  3850.938 607.01214     3.998     -0.97               7.650                    
  3850.941   27.0059     0.513     -3.48                                 KURHFS 
  3850.941   27.0059     0.513     -3.81                                 KURHFS 
  3850.941   27.0059     0.513     -5.12                                 KURHFS 
  3850.941 607.01214     3.832     -0.09               7.650                    
  3850.954 607.01214     1.280      0.10               7.650                    
  3850.961   27.0059     0.513     -3.31                                 KURHFS 
  3850.961   27.0059     0.513     -4.01                                 KURHFS 
  3850.977      64.1     0.000     -0.09                                        
  3850.984   27.0059     0.513     -3.17                                 KURHFS 
