Y II     3774.3       line list
  3771.020      22.0     1.045     -2.51                                        
  3771.024      20.0     5.485     -2.38                                        
  3771.049      22.0     2.776     -3.81                                        
  3771.057      23.0     2.614     -1.84                               KURNOHFS 
  3771.103      68.1     0.886     -0.75                                 LAWLER 
  3771.104      66.0     1.672      1.12                                        
  3771.115      26.0     3.271     -3.34                                        
  3771.136      21.0     2.567     -2.03                               KURNOHFS 
  3771.154      26.0     2.988     -6.61                                        
  3771.170      22.0     2.406     -1.68                                        
  3771.187   23.0051     1.080     -1.65                                 KURHFS 
  3771.193   23.0051     1.080     -1.79                                 KURHFS 
  3771.193   23.0051     1.080     -2.48                                 KURHFS 
  3771.197   23.0051     1.080     -1.95                                 KURHFS 
  3771.197   23.0051     1.080     -2.29                                 KURHFS 
  3771.197   23.0051     1.080     -3.60                                 KURHFS 
  3771.201   23.0051     1.080     -2.15                                 KURHFS 
  3771.201   23.0051     1.080     -2.23                                 KURHFS 
  3771.201   23.0051     1.080     -3.19                                 KURHFS 
  3771.204   23.0051     1.080     -2.26                                 KURHFS 
  3771.204   23.0051     1.080     -2.40                                 KURHFS 
  3771.204   23.0051     1.080     -2.97                                 KURHFS 
  3771.206   23.0051     1.080     -2.35                                 KURHFS 
  3771.206   23.0051     1.080     -2.79                                 KURHFS 
  3771.206   23.0051     1.080     -2.84                                 KURHFS 
  3771.208   23.0051     1.080     -2.54                                 KURHFS 
  3771.208   23.0051     1.080     -2.79                                 KURHFS 
  3771.209   23.0051     1.080     -2.82                                 KURHFS 
  3771.265      64.0     0.066     -0.97                                        
  3771.309      25.0     3.769     -4.19                               KURNOHFS 
  3771.313      22.0     2.304     -8.48                                        
  3771.345      66.0     1.488      0.40                                        
  3771.350      72.1     1.495     -1.12                                        
  3771.371      90.0     0.000     -0.99                                        
  3771.382      62.1     1.707     -0.34                                        
  3771.434      25.0     5.334     -0.24                                        
  3771.474      23.0     1.941     -4.43                               KURNOHFS 
  3771.490      26.0     3.414     -1.76                                        
  3771.491      26.0     3.234     -1.85                                        
  3771.537      24.0     2.913     -3.08                                        
  3771.558      25.0     3.769     -6.50                               KURNOHFS 
  3771.560      26.0     3.879     -3.23                                        
  3771.600      58.1     0.536     -0.55                                 LAWLER 
  3771.645   27.0059     3.565     -3.81                                 KURHFS 
  3771.649   27.0059     3.565     -3.53                                 KURHFS 
  3771.649   27.0059     3.565     -3.79                                 KURHFS 
  3771.651      22.0     0.048     -1.05                                        
  3771.651   23.0051     0.000     -4.30                                 KURHFS 
  3771.651   23.0051     0.000     -4.30                                 KURHFS 
  3771.651   23.0051     0.000     -4.60                                 KURHFS 
  3771.655   27.0059     3.565     -3.34                                 KURHFS 
  3771.655   27.0059     3.565     -3.79                                 KURHFS 
  3771.655   27.0059     3.565     -3.84                                 KURHFS 
  3771.659   23.0051     0.000     -4.14                                 KURHFS 
  3771.659   23.0051     0.000     -4.17                                 KURHFS 
  3771.659   23.0051     0.000     -4.48                                 KURHFS 
  3771.664   27.0059     3.565     -3.25                                 KURHFS 
  3771.664   27.0059     3.565     -3.40                                 KURHFS 
  3771.664   27.0059     3.565     -3.96                                 KURHFS 
  3771.670   23.0051     0.000     -3.88                                 KURHFS 
  3771.670   23.0051     0.000     -4.13                                 KURHFS 
  3771.670   23.0051     0.000     -4.73                                 KURHFS 
  3771.677   27.0059     3.565     -3.14                                 KURHFS 
  3771.677   27.0059     3.565     -3.23                                 KURHFS 
  3771.677   27.0059     3.565     -4.18                                 KURHFS 
  3771.682      23.1     2.542     -3.57                                        
  3771.683   23.0051     0.000     -3.67                                 KURHFS 
  3771.683   23.0051     0.000     -4.29                                 KURHFS 
  3771.683   23.0051     0.000     -5.16                                 KURHFS 
  3771.692   27.0059     3.565     -2.94                                 KURHFS 
  3771.692   27.0059     3.565     -3.28                                 KURHFS 
  3771.692   27.0059     3.565     -4.59                                 KURHFS 
  3771.711   27.0059     3.565     -2.78                                 KURHFS 
  3771.711   27.0059     3.565     -3.48                                 KURHFS 
  3771.733   27.0059     3.565     -2.64                                 KURHFS 
  3771.740      25.0     3.769     -7.41                               KURNOHFS 
  3771.760      23.1     6.182     -4.69                                        
  3771.796      23.0     2.503     -6.26                               KURNOHFS 
  3771.840      69.1     1.086     -2.52                                 LAWLER 
  3771.846      41.0     0.049     -0.97                                        
  3771.853      27.0     3.620     -3.63                               KURNOHFS 
  3771.887      29.0     5.773     -1.02                                        
  3771.902      24.0     2.542     -5.12                                        
  3771.944      20.0     5.295     -3.94                                        
  3771.948      42.0     2.068     -0.75                                        
  3771.961      21.0     2.612     -0.62                               KURNOHFS 
  3771.973      24.0     3.085     -4.24                                        
  3771.974      28.0     3.676     -3.81                                        
  3771.974      40.1     0.713     -1.50                                        
  3771.987   27.0059     0.922     -5.20                                 KURHFS 
  3771.989   27.0059     0.922     -4.92                                 KURHFS 
  3771.989   27.0059     0.922     -5.17                                 KURHFS 
  3771.993   27.0059     0.922     -4.73                                 KURHFS 
  3771.993   27.0059     0.922     -5.17                                 KURHFS 
  3771.993   27.0059     0.922     -5.22                                 KURHFS 
  3771.998   27.0059     0.922     -4.64                                 KURHFS 
  3771.998   27.0059     0.922     -4.78                                 KURHFS 
  3771.998   27.0059     0.922     -5.35                                 KURHFS 
  3772.006   27.0059     0.922     -4.53                                 KURHFS 
  3772.006   27.0059     0.922     -4.62                                 KURHFS 
  3772.006   27.0059     0.922     -5.57                                 KURHFS 
  3772.015   27.0059     0.922     -4.33                                 KURHFS 
  3772.015   27.0059     0.922     -4.67                                 KURHFS 
  3772.015   27.0059     0.922     -5.98                                 KURHFS 
  3772.026   27.0059     0.922     -4.17                                 KURHFS 
  3772.026   27.0059     0.922     -4.87                                 KURHFS 
  3772.033      22.0     2.304     -4.90                                        
  3772.039   27.0059     0.922     -4.03                                 KURHFS 
  3772.050      60.1     0.320     -1.01                                 LAWLER 
  3772.082      21.0     2.606     -2.75                               KURNOHFS 
  3772.085      40.1     0.757     -1.20                                        
  3772.188      20.0     5.296     -3.48                                        
  3772.193      24.0     3.823     -3.20                                        
  3772.232      26.0     3.045     -5.27                                        
  3772.237      90.1     0.970     -1.20                                        
  3772.306      24.0     2.980     -5.42                                        
  3772.380      60.1     0.064     -1.37                                 LAWLER 
  3772.400   23.0051     1.858     -5.36                                 KURHFS 
  3772.400   23.0051     1.858     -5.81                                 KURHFS 
  3772.400   23.0051     1.858     -6.81                                 KURHFS 
  3772.405   23.0051     1.858     -5.24                                 KURHFS 
  3772.405   23.0051     1.858     -5.60                                 KURHFS 
  3772.405   23.0051     1.858     -6.60                                 KURHFS 
  3772.413   23.0051     1.858     -5.12                                 KURHFS 
  3772.413   23.0051     1.858     -5.50                                 KURHFS 
  3772.413   23.0051     1.858     -6.57                                 KURHFS 
  3772.419      74.0     2.600     -0.12                                        
  3772.421   23.0051     1.858     -5.01                                 KURHFS 
  3772.421   23.0051     1.858     -5.46                                 KURHFS 
  3772.421   23.0051     1.858     -6.65                                 KURHFS 
  3772.432   23.0051     1.858     -4.90                                 KURHFS 
  3772.432   23.0051     1.858     -5.48                                 KURHFS 
  3772.432   23.0051     1.858     -6.84                                 KURHFS 
  3772.445   23.0051     1.858     -4.81                                 KURHFS 
  3772.445   23.0051     1.858     -5.56                                 KURHFS 
  3772.445   23.0051     1.858     -7.23                                 KURHFS 
  3772.459   23.0051     1.858     -4.72                                 KURHFS 
  3772.459   23.0051     1.858     -5.78                                 KURHFS 
  3772.462   23.0051     2.113     -5.55                                 KURHFS 
  3772.462   23.0051     2.113     -5.69                                 KURHFS 
  3772.462   23.0051     2.113     -5.86                                 KURHFS 
  3772.462   23.0051     2.113     -6.05                                 KURHFS 
  3772.462   23.0051     2.113     -6.14                                 KURHFS 
  3772.462   23.0051     2.113     -6.16                                 KURHFS 
  3772.462   23.0051     2.113     -6.20                                 KURHFS 
  3772.462   23.0051     2.113     -6.25                                 KURHFS 
  3772.462   23.0051     2.113     -6.31                                 KURHFS 
  3772.462   23.0051     2.113     -6.39                                 KURHFS 
  3772.462   23.0051     2.113     -6.44                                 KURHFS 
  3772.462   23.0051     2.113     -6.70                                 KURHFS 
  3772.462   23.0051     2.113     -6.70                                 KURHFS 
  3772.462   23.0051     2.113     -6.73                                 KURHFS 
  3772.462   23.0051     2.113     -6.75                                 KURHFS 
  3772.462   23.0051     2.113     -6.87                                 KURHFS 
  3772.462   23.0051     2.113     -7.09                                 KURHFS 
  3772.462   23.0051     2.113     -7.50                                 KURHFS 
  3772.466      68.1     0.886     -0.85                                        
  3772.475   23.0051     1.858     -4.63                                 KURHFS 
  3772.507      24.0     3.446     -4.28                                        
  3772.525      28.0     0.212     -3.06                                        
  3772.581      26.0     3.412     -2.00                                        
  3772.638      66.0     1.238      0.38                                        
  3772.647      58.1     0.721     -0.91                                        
  3772.650      62.1     0.434     -1.15                                 LAWLER 
  3772.651   23.0051     2.377     -2.15                                 KURHFS 
  3772.651   23.0051     2.377     -2.77                                 KURHFS 
  3772.651   23.0051     2.377     -3.64                                 KURHFS 
  3772.657   23.0051     2.377     -2.36                                 KURHFS 
  3772.657   23.0051     2.377     -2.61                                 KURHFS 
  3772.657   23.0051     2.377     -3.21                                 KURHFS 
  3772.661   23.0051     2.377     -2.62                                 KURHFS 
  3772.661   23.0051     2.377     -2.64                                 KURHFS 
  3772.661   23.0051     2.377     -2.96                                 KURHFS 
  3772.664   23.0051     2.377     -2.78                                 KURHFS 
  3772.664   23.0051     2.377     -2.78                                 KURHFS 
  3772.664   23.0051     2.377     -3.08                                 KURHFS 
  3772.812      92.1     1.034     -0.48                                        
  3772.820      42.0     2.075     -1.02                                        
  3772.929      60.1     1.374      0.14                                        
  3772.935   25.0055     3.856     -1.69                                 KURHFS 
  3772.935   25.0055     3.856     -2.05                                 KURHFS 
  3772.935   25.0055     3.856     -2.59                                 KURHFS 
  3772.962      24.0     3.319     -2.61                                        
  3772.965   25.0055     3.856     -2.05                                 KURHFS 
  3772.965   25.0055     3.856     -2.15                                 KURHFS 
  3772.965   25.0055     3.856     -2.16                                 KURHFS 
  3772.973      23.1     2.489     -1.12                                        
  3773.047      66.0     1.238      0.98                                        
  3773.097      24.0     3.102     -9.54                                        
  3773.123      72.0     1.737     -0.70                                        
  3773.124      57.1     3.325      0.77                                        
  3773.131      23.0     1.871     -2.13                               KURNOHFS 
  3773.141      41.0     1.368     -0.54                                        
  3773.168      60.1     1.667      0.56                                        
  3773.172      44.0     1.316     -1.47                                        
  3773.198      58.1     0.811     -0.67                                        
  3773.202      26.0     2.988     -4.54                                        
  3773.308      66.1     1.777      0.23                                        
  3773.320      42.0     3.196     -1.50                                        
  3773.321      22.0     0.000     -4.19                                        
  3773.336      62.0     0.036     -0.89                                        
  3773.359      26.0     3.045     -2.17                                        
  3773.375      22.0     2.425     -2.21                                        
  3773.382      22.1     4.959     -3.72                                        
  3773.414      22.0     2.693     -3.96                                        
  3773.430      62.1     0.188     -1.49                                 LAWLER 
  3773.434      92.0     0.774      0.60                                        
  3773.437      58.1     0.674     -0.86                                        
  3773.451      64.0     0.948      0.30                                        
  3773.494      23.1     6.052     -2.10                                        
  3773.510      25.1     5.811     -3.13                                        
  3773.513      23.0     2.682     -0.72                               KURNOHFS 
  3773.568   23.0051     2.255     -8.05                                 KURHFS 
  3773.568   23.0051     2.255     -8.30                                 KURHFS 
  3773.568   23.0051     2.255     -8.33                                 KURHFS 
  3773.573   23.0051     2.255     -7.86                                 KURHFS 
  3773.573   23.0051     2.255     -7.91                                 KURHFS 
  3773.573   23.0051     2.255     -8.30                                 KURHFS 
  3773.580      25.1     5.433     -2.33                                        
  3773.581   23.0051     2.255     -7.66                                 KURHFS 
  3773.581   23.0051     2.255     -7.77                                 KURHFS 
  3773.581   23.0051     2.255     -8.35                                 KURHFS 
  3773.591   23.0051     2.255     -7.46                                 KURHFS 
  3773.591   23.0051     2.255     -7.75                                 KURHFS 
  3773.591   23.0051     2.255     -8.48                                 KURHFS 
  3773.592      28.0     3.603     -3.25                                        
  3773.604   23.0051     2.255     -7.30                                 KURHFS 
  3773.604   23.0051     2.255     -7.80                                 KURHFS 
  3773.604   23.0051     2.255     -8.70                                 KURHFS 
  3773.619   23.0051     2.255     -7.16                                 KURHFS 
  3773.619   23.0051     2.255     -8.00                                 KURHFS 
  3773.619   23.0051     2.255     -9.11                                 KURHFS 
  3773.627      25.1     5.811     -4.48                                        
  3773.632      24.0     3.319     -3.59                                        
  3773.650      24.0     3.823     -3.80                                        
  3773.677   27.0059     3.565     -7.03                                 KURHFS 
  3773.680   27.0059     3.565     -6.75                                 KURHFS 
  3773.680   27.0059     3.565     -7.03                                 KURHFS 
  3773.680   27.0059     3.565     -8.05                                 KURHFS 
  3773.687   27.0059     3.565     -6.61                                 KURHFS 
  3773.687   27.0059     3.565     -6.75                                 KURHFS 
  3773.687   27.0059     3.565     -7.35                                 KURHFS 
  3773.691      22.0     0.818     -5.40                                        
  3773.691      26.0     3.036     -1.45                                        
  3773.696   27.0059     3.565     -6.54                                 KURHFS 
  3773.696   27.0059     3.565     -6.61                                 KURHFS 
  3773.696   27.0059     3.565     -6.90                                 KURHFS 
  3773.704      74.0     1.707     -0.30                                        
  3773.709   27.0059     3.565     -6.53                                 KURHFS 
  3773.709   27.0059     3.565     -6.54                                 KURHFS 
  3773.709   27.0059     3.565     -6.57                                 KURHFS 
  3773.724   27.0059     3.565     -6.31                                 KURHFS 
  3773.724   27.0059     3.565     -6.53                                 KURHFS 
  3773.724   27.0059     3.565     -6.60                                 KURHFS 
  3773.743   27.0059     3.565     -6.09                                 KURHFS 
  3773.743   27.0059     3.565     -6.60                                 KURHFS 
  3773.743   27.0059     3.565     -6.80                                 KURHFS 
  3773.748      24.1     5.326     -2.68                                        
  3773.748      26.0     3.881     -2.27                                        
  3773.757      90.1     1.310     -0.63                                        
  3773.765   27.0059     3.565     -5.90                                 KURHFS 
  3773.765   27.0059     3.565     -6.80                                 KURHFS 
  3773.772      25.1     6.860     -3.06                                        
  3773.795      23.1     5.784     -2.40                                        
  3773.801      23.1     2.554     -2.59                                        
  3773.843      25.1     5.563     -3.83                                        
  3773.855      25.0     5.345     -0.20                                        
  3773.944      22.0     2.394     -3.92                                        
  3773.944      23.1     1.674     -4.82                                        
  3774.098      63.0     2.058      0.35                                        
  3774.175      38.1     6.612     -0.82                                        
  3774.175      38.1     6.612     -2.12                                        
  3774.204      90.1     2.463     -0.02                                        
  3774.216      24.0     3.320     -2.73                                        
  3774.293      64.1     1.405     -0.17                                        
  3774.304      25.0     5.130     -3.66                                        
  3774.305   23.0051     1.852     -2.59                                 KURHFS 
  3774.305   23.0051     1.852     -2.65                                 KURHFS 
  3774.305   23.0051     1.852     -3.29                                 KURHFS 
  3774.308   23.0051     1.852     -2.39                                 KURHFS 
  3774.308   23.0051     1.852     -2.39                                 KURHFS 
  3774.308   23.0051     1.852     -3.13                                 KURHFS 
  3774.310      62.1     0.434     -1.17                                 LAWLER 
  3774.311   23.0051     1.852     -2.19                                 KURHFS 
  3774.311   23.0051     1.852     -2.29                                 KURHFS 
  3774.311   23.0051     1.852     -3.13                                 KURHFS 
  3774.316   23.0051     1.852     -2.02                                 KURHFS 
  3774.316   23.0051     1.852     -2.24                                 KURHFS 
  3774.316   23.0051     1.852     -3.23                                 KURHFS 
  3774.323   23.0051     1.852     -1.87                                 KURHFS 
  3774.323   23.0051     1.852     -2.25                                 KURHFS 
  3774.323   23.0051     1.852     -3.43                                 KURHFS 
  3774.325      22.0     0.021     -3.21                                        
  3774.330   23.0051     1.852     -1.74                                 KURHFS 
  3774.330   23.0051     1.852     -2.32                                 KURHFS 
  3774.330   23.0051     1.852     -3.83                                 KURHFS 
  3774.339   23.0051     1.852     -1.63                                 KURHFS 
  3774.339   23.0051     1.852     -2.53                                 KURHFS 
  3774.339      39.1     0.129      0.21                                BIEMONT 
  3774.349   23.0051     1.852     -1.52                                 KURHFS 
  3774.374      22.0     2.493     -2.08                                        
  3774.400      76.0     2.342     -0.51                                        
  3774.430      41.0     0.739     -1.36                                        
  3774.463      26.0     2.843     -5.33                                        
  3774.518   27.0059     2.079     -2.10                                 KURHFS 
  3774.531   27.0059     2.079     -2.10                                 KURHFS 
  3774.531   27.0059     2.079     -2.27                                 KURHFS 
  3774.550   27.0059     2.079     -1.93                                 KURHFS 
  3774.550   27.0059     2.079     -2.40                                 KURHFS 
  3774.550   27.0059     2.079     -2.52                                 KURHFS 
  3774.576   27.0059     2.079     -1.92                                 KURHFS 
  3774.576   27.0059     2.079     -1.96                                 KURHFS 
  3774.576   27.0059     2.079     -2.95                                 KURHFS 
  3774.609   27.0059     2.079     -1.68                                 KURHFS 
  3774.609   27.0059     2.079     -2.08                                 KURHFS 
  3774.619      22.0     1.732     -5.91                                        
  3774.626      76.0     1.907     -0.97                                        
  3774.640      22.1     0.573     -2.73                                        
  3774.649   27.0059     2.079     -1.46                                 KURHFS 
  3774.658      20.0     4.128     -4.50                                        
  3774.658   25.0055     3.841     -1.75                                 KURHFS 
  3774.658   25.0055     3.841     -2.53                                 KURHFS 
  3774.670      23.1     2.554     -1.82                                        
  3774.672   25.0055     3.841     -2.02                                 KURHFS 
  3774.672   25.0055     3.841     -2.37                                 KURHFS 
  3774.672   25.0055     3.841     -2.53                                 KURHFS 
  3774.683   25.0055     3.841     -2.35                                 KURHFS 
  3774.683   25.0055     3.841     -2.36                                 KURHFS 
  3774.683   25.0055     3.841     -2.37                                 KURHFS 
  3774.692   25.0055     3.841     -2.36                                 KURHFS 
  3774.692   25.0055     3.841     -2.46                                 KURHFS 
  3774.692   25.0055     3.841     -2.79                                 KURHFS 
  3774.698   25.0055     3.841     -2.46                                 KURHFS 
  3774.698   25.0055     3.841     -2.73                                 KURHFS 
  3774.698   25.0055     3.841     -3.49                                 KURHFS 
  3774.700      27.0     3.250     -4.24                               KURNOHFS 
  3774.700      62.1     0.000     -1.52                                 LAWLER 
  3774.701   25.0055     3.841     -2.73                                 KURHFS 
  3774.714      66.0     1.055      0.56                                        
  3774.716      22.0     2.660     -3.57                                        
  3774.720      28.0     3.793     -2.40                                        
  3774.824      26.0     2.221     -1.52                                        
  3774.835      24.0     3.548     -3.29                                        
  3774.838      68.0     1.158      0.19                                        
  3774.846      22.0     2.133     -3.06                                        
  3774.877      24.0     2.707     -2.33                                        
  3774.884   23.0051     1.944     -4.80                                 KURHFS 
  3774.884   23.0051     1.944     -5.05                                 KURHFS 
  3774.887   23.0051     1.944     -4.60                                 KURHFS 
  3774.887   23.0051     1.944     -4.80                                 KURHFS 
  3774.887   23.0051     1.944     -6.71                                 KURHFS 
  3774.887      24.0     3.320     -4.62                                        
  3774.891   23.0051     1.944     -4.54                                 KURHFS 
  3774.891   23.0051     1.944     -4.60                                 KURHFS 
  3774.891   23.0051     1.944     -5.46                                 KURHFS 
  3774.897   23.0051     1.944     -4.54                                 KURHFS 
  3774.897   23.0051     1.944     -4.57                                 KURHFS 
  3774.897   23.0051     1.944     -4.75                                 KURHFS 
  3774.904   23.0051     1.944     -4.34                                 KURHFS 
  3774.904   23.0051     1.944     -4.57                                 KURHFS 
  3774.904   23.0051     1.944     -4.75                                 KURHFS 
  3774.913   23.0051     1.944     -4.05                                 KURHFS 
  3774.913   23.0051     1.944     -4.75                                 KURHFS 
  3774.923      60.1     0.559     -0.81                                        
  3775.049      25.1     5.811     -2.73                                        
  3775.144   23.0051     1.892     -1.36                                 KURHFS 
  3775.156   23.0051     1.892     -1.34                                 KURHFS 
  3775.156   23.0051     1.892     -1.82                                 KURHFS 
  3775.171   23.0051     1.892     -1.34                                 KURHFS 
  3775.171   23.0051     1.892     -1.49                                 KURHFS 
  3775.190   23.0051     1.892     -1.02                                 KURHFS 
  3775.270      65.1     0.790     -0.45                               LAWNOHFS 
  3775.314      68.0     1.196      0.32                                        
  3775.430      25.0     4.265     -3.17                                        
  3775.441      41.0     1.368     -0.44                                        
  3775.500      60.1     0.742      0.12                                 LAWLER 
  3775.514      23.1     2.555     -2.54                                        
  3775.550      24.0     4.486     -2.97                                        
  3775.565      28.0     0.422     -1.35                                        
  3775.570      60.1     0.064     -1.55                                 LAWLER 
  3775.585      26.0     3.329     -2.73                                        
  3775.641      42.0     2.474     -1.63                                        
  3775.664      68.1     2.098      0.67                                        
  3775.690      24.0     3.320     -4.33                                        
  3775.702   23.0051     2.314     -2.31                                 KURHFS 
  3775.702   23.0051     2.314     -2.77                                 KURHFS 
  3775.702   23.0051     2.314     -3.77                                 KURHFS 
  3775.703   23.0051     2.314     -2.20                                 KURHFS 
  3775.703   23.0051     2.314     -2.56                                 KURHFS 
  3775.703   23.0051     2.314     -3.56                                 KURHFS 
  3775.704   23.0051     2.314     -2.08                                 KURHFS 
  3775.704   23.0051     2.314     -2.46                                 KURHFS 
  3775.704   23.0051     2.314     -3.53                                 KURHFS 
  3775.706   23.0051     2.314     -1.97                                 KURHFS 
  3775.706   23.0051     2.314     -2.42                                 KURHFS 
  3775.706   23.0051     2.314     -3.61                                 KURHFS 
  3775.708   23.0051     2.314     -1.86                                 KURHFS 
  3775.708   23.0051     2.314     -2.44                                 KURHFS 
  3775.708   23.0051     2.314     -3.80                                 KURHFS 
  3775.710   23.0051     2.314     -1.77                                 KURHFS 
  3775.710   23.0051     2.314     -2.52                                 KURHFS 
  3775.710   23.0051     2.314     -4.19                                 KURHFS 
  3775.712   23.0051     2.314     -1.68                                 KURHFS 
  3775.712   23.0051     2.314     -2.74                                 KURHFS 
  3775.713      45.0     1.984     -0.44                                        
  3775.715   23.0051     2.314     -1.59                                 KURHFS 
  3775.719      81.0     0.000     -0.67                                        
  3775.725      21.0     2.612     -3.60                               KURNOHFS 
  3775.768      24.0     2.897     -7.73                                        
  3775.770      27.1     5.085     -2.18                                        
  3775.779      21.0     1.942     -2.35                               KURNOHFS 
  3775.820      22.0     1.872     -3.63                                        
  3775.854      26.0     2.725     -2.48                                        
  3775.903      90.1     1.778     -0.56                                        
  3775.920      25.1     6.795     -3.18                                        
  3776.051      22.1     1.581     -1.34                                        
  3776.076   23.0051     1.954     -2.52                                 KURHFS 
  3776.076   23.0051     1.954     -2.58                                 KURHFS 
  3776.076   23.0051     1.954     -3.21                                 KURHFS 
  3776.081   23.0051     1.954     -2.32                                 KURHFS 
  3776.081   23.0051     1.954     -2.32                                 KURHFS 
  3776.081   23.0051     1.954     -3.06                                 KURHFS 
  3776.088   23.0051     1.954     -2.12                                 KURHFS 
  3776.088   23.0051     1.954     -2.21                                 KURHFS 
  3776.088   23.0051     1.954     -3.06                                 KURHFS 
  3776.097      42.0     3.185     -0.88                                        
  3776.098   23.0051     1.954     -1.95                                 KURHFS 
  3776.098   23.0051     1.954     -2.17                                 KURHFS 
  3776.098   23.0051     1.954     -3.16                                 KURHFS 
  3776.110   23.0051     1.954     -1.80                                 KURHFS 
  3776.110   23.0051     1.954     -2.17                                 KURHFS 
  3776.110   23.0051     1.954     -3.36                                 KURHFS 
  3776.124   23.0051     1.954     -1.67                                 KURHFS 
  3776.124   23.0051     1.954     -2.25                                 KURHFS 
  3776.124   23.0051     1.954     -3.76                                 KURHFS 
  3776.127      21.0     2.606     -3.92                               KURNOHFS 
  3776.135      58.1     1.922      0.38                                        
  3776.142   23.0051     1.954     -1.55                                 KURHFS 
  3776.142   23.0051     1.954     -2.46                                 KURHFS 
  3776.161   23.0051     1.954     -1.45                                 KURHFS 
  3776.174      24.0     2.708     -2.19                                        
  3776.257      76.0     1.613     -1.23                                        
  3776.271      90.0     1.090     -0.28                                        
  3776.301      25.0     5.083     -0.89                                        
  3776.323      24.0     3.553     -1.83                                        
  3776.325      23.0     1.941     -2.74                               KURNOHFS 
  3776.332      60.1     1.337      0.36                                        
  3776.455      26.0     2.174     -1.54                                        
  3776.477      92.0     0.530      0.10                                        
  3776.490      65.1     0.426      0.25                               LAWNOHFS 
  3776.500   25.0055     2.113     -3.69                                 KURHFS 
  3776.500   25.0055     2.113     -4.21                                 KURHFS 
  3776.500   25.0055     2.113     -5.30                                 KURHFS 
  3776.508   25.0055     2.113     -3.56                                 KURHFS 
  3776.508   25.0055     2.113     -4.02                                 KURHFS 
  3776.508   25.0055     2.113     -5.17                                 KURHFS 
  3776.517   25.0055     2.113     -3.43                                 KURHFS 
  3776.517   25.0055     2.113     -3.96                                 KURHFS 
  3776.517   25.0055     2.113     -5.27                                 KURHFS 
  3776.529   25.0055     2.113     -3.31                                 KURHFS 
  3776.529   25.0055     2.113     -4.00                                 KURHFS 
  3776.529   25.0055     2.113     -5.60                                 KURHFS 
  3776.543      42.0     2.593     -1.52                                        
  3776.544   25.0055     2.113     -3.20                                 KURHFS 
  3776.544   25.0055     2.113     -4.19                                 KURHFS 
  3776.558      39.1     0.129     -0.81                                BIEMONT 
  3776.559      22.0     2.406     -3.62                                        
  3776.561   25.0055     2.113     -3.09                                 KURHFS 
  3776.602      41.0     0.142     -1.80                                        
  3776.606      58.1     0.445     -0.77                                 LAWLER 
  3776.609      42.0     3.393     -1.19                                        
  3776.720      24.0     3.553     -1.73                                        
  3776.829      64.0     0.896      0.25                                        
  3776.839   23.0051     1.349     -4.42                                 KURHFS 
  3776.841   23.0051     1.349     -4.16                                 KURHFS 
  3776.841   23.0051     1.349     -4.35                                 KURHFS 
  3776.845   23.0051     1.349     -3.95                                 KURHFS 
  3776.845   23.0051     1.349     -4.16                                 KURHFS 
  3776.845   23.0051     1.349     -5.05                                 KURHFS 
  3776.850   23.0051     1.349     -3.78                                 KURHFS 
  3776.850   23.0051     1.349     -4.05                                 KURHFS 
  3776.850   23.0051     1.349     -4.90                                 KURHFS 
  3776.858   23.0051     1.349     -3.64                                 KURHFS 
  3776.858   23.0051     1.349     -4.00                                 KURHFS 
  3776.858   23.0051     1.349     -4.90                                 KURHFS 
  3776.867   23.0051     1.349     -3.51                                 KURHFS 
  3776.867   23.0051     1.349     -4.01                                 KURHFS 
  3776.867   23.0051     1.349     -4.99                                 KURHFS 
  3776.879   23.0051     1.349     -3.39                                 KURHFS 
  3776.879   23.0051     1.349     -4.08                                 KURHFS 
  3776.879   23.0051     1.349     -5.20                                 KURHFS 
  3776.892   23.0051     1.349     -3.29                                 KURHFS 
  3776.892   23.0051     1.349     -4.29                                 KURHFS 
  3776.892   23.0051     1.349     -5.59                                 KURHFS 
  3776.920      66.1     1.220     -1.00                                 LAWLER 
  3776.935   23.0051     2.121     -6.26                                 KURHFS 
  3776.936   23.0051     2.121     -5.97                                 KURHFS 
  3776.936   23.0051     2.121     -6.23                                 KURHFS 
  3776.939   23.0051     2.121     -5.79                                 KURHFS 
  3776.939   23.0051     2.121     -6.23                                 KURHFS 
  3776.939   23.0051     2.121     -6.28                                 KURHFS 
  3776.943   23.0051     2.121     -5.70                                 KURHFS 
  3776.943   23.0051     2.121     -5.84                                 KURHFS 
  3776.943   23.0051     2.121     -6.41                                 KURHFS 
  3776.948   23.0051     2.121     -5.59                                 KURHFS 
  3776.948   23.0051     2.121     -5.67                                 KURHFS 
  3776.948   23.0051     2.121     -6.63                                 KURHFS 
  3776.955   23.0051     2.121     -5.39                                 KURHFS 
  3776.955   23.0051     2.121     -5.73                                 KURHFS 
  3776.955   23.0051     2.121     -7.04                                 KURHFS 
  3776.963   23.0051     2.121     -5.22                                 KURHFS 
  3776.963   23.0051     2.121     -5.92                                 KURHFS 
  3776.972   23.0051     2.121     -5.08                                 KURHFS 
  3776.994      76.0     1.259     -1.21                                        
  3777.000      60.1     1.246      0.02                                        
  3777.064   27.0059     2.278     -4.43                                 KURHFS 
  3777.068   27.0059     2.278     -4.41                                 KURHFS 
  3777.068   27.0059     2.278     -4.89                                 KURHFS 
  3777.074   27.0059     2.278     -4.41                                 KURHFS 
  3777.074   27.0059     2.278     -4.56                                 KURHFS 
  3777.083   27.0059     2.278     -4.09                                 KURHFS 
