Al I     3961.5       line list
  3957.902   23.0051     2.129     -6.73                                 KURHFS 
  3957.905   27.0059     0.581     -3.40                                 KURHFS 
  3957.906   23.0051     2.129     -6.61                                 KURHFS 
  3957.906   23.0051     2.129     -7.18                                 KURHFS 
  3957.912   23.0051     2.129     -6.49                                 KURHFS 
  3957.912   23.0051     2.129     -6.97                                 KURHFS 
  3957.912   23.0051     2.129     -8.18                                 KURHFS 
  3957.913   27.0059     0.581     -3.22                                 KURHFS 
  3957.920   23.0051     2.129     -6.38                                 KURHFS 
  3957.920   23.0051     2.129     -6.87                                 KURHFS 
  3957.920   23.0051     2.129     -7.97                                 KURHFS 
  3957.921   27.0059     0.581     -3.19                                 KURHFS 
  3957.922   27.0059     0.581     -2.71                                 KURHFS 
  3957.928   27.0059     0.581     -3.00                                 KURHFS 
  3957.928   27.0059     0.581     -3.26                                 KURHFS 
  3957.931   23.0051     2.129     -6.28                                 KURHFS 
  3957.931   23.0051     2.129     -6.84                                 KURHFS 
  3957.931   23.0051     2.129     -7.94                                 KURHFS 
  3957.933   27.0059     0.581     -3.40                                 KURHFS 
  3957.934   27.0059     0.581     -3.46                                 KURHFS 
  3957.937   27.0059     0.581     -4.12                                 KURHFS 
  3957.940   27.0059     0.581     -5.36                                 KURHFS 
  3957.942   27.0059     0.581     -3.71                                 KURHFS 
  3957.943   23.0051     2.129     -6.18                                 KURHFS 
  3957.943   23.0051     2.129     -6.85                                 KURHFS 
  3957.943   23.0051     2.129     -8.02                                 KURHFS 
  3957.946   27.0059     0.581     -3.40                                 KURHFS 
  3957.948   27.0059     0.581     -3.22                                 KURHFS 
  3957.948   27.0059     0.581     -3.46                                 KURHFS 
  3957.949   27.0059     0.581     -3.19                                 KURHFS 
  3957.949   27.0059     0.581     -3.26                                 KURHFS 
  3957.958   23.0051     2.129     -6.09                                 KURHFS 
  3957.958   23.0051     2.129     -6.93                                 KURHFS 
  3957.958   23.0051     2.129     -8.22                                 KURHFS 
  3957.975   23.0051     2.129     -6.00                                 KURHFS 
  3957.975   23.0051     2.129     -7.15                                 KURHFS 
  3957.975   23.0051     2.129     -8.61                                 KURHFS 
  3958.072      24.0     4.452     -0.34                                        
  3958.100      69.1     0.000     -1.12                                 LAWLER 
  3958.206      22.0     0.048     -0.18                                        
  3958.229   23.0051     1.948     -6.57                                 KURHFS 
  3958.230      40.1     0.526     -0.31                                        
  3958.232   23.0051     1.948     -6.31                                 KURHFS 
  3958.232   23.0051     1.948     -6.51                                 KURHFS 
  3958.233      45.0     1.731     -0.66                                        
  3958.236   23.0051     1.948     -6.11                                 KURHFS 
  3958.236   23.0051     1.948     -6.31                                 KURHFS 
  3958.236   23.0051     1.948     -7.21                                 KURHFS 
  3958.243   23.0051     1.948     -5.94                                 KURHFS 
  3958.243   23.0051     1.948     -6.21                                 KURHFS 
  3958.243   23.0051     1.948     -7.05                                 KURHFS 
  3958.253   23.0051     1.948     -5.79                                 KURHFS 
  3958.253   23.0051     1.948     -6.16                                 KURHFS 
  3958.253   23.0051     1.948     -7.05                                 KURHFS 
  3958.258      58.1     0.721     -0.42                                BIEMONT 
  3958.264   23.0051     1.948     -5.66                                 KURHFS 
  3958.264   23.0051     1.948     -6.16                                 KURHFS 
  3958.264   23.0051     1.948     -7.15                                 KURHFS 
  3958.278   23.0051     1.948     -5.54                                 KURHFS 
  3958.278   23.0051     1.948     -6.24                                 KURHFS 
  3958.278   23.0051     1.948     -7.35                                 KURHFS 
  3958.295   23.0051     1.948     -5.44                                 KURHFS 
  3958.295   23.0051     1.948     -6.45                                 KURHFS 
  3958.295   23.0051     1.948     -7.75                                 KURHFS 
  3958.392      24.0     3.008     -0.99                                        
  3958.409      26.1     2.690     -6.66                                        
  3958.440      26.0     4.151     -4.38                                        
  3958.542      20.0     4.621     -5.57                                        
  3958.580      27.0     3.684     -3.29                               KURNOHFS 
  3958.595      28.0     3.793     -1.37                                        
  3958.602      42.0     2.985     -0.99                                        
  3958.623      46.0     1.452     -0.83                                        
  3958.652      22.0     2.332     -2.08                                        
  3958.674      64.0     0.000     -1.22                                        
  3958.700      62.1     0.333     -1.65                                 LAWLER 
  3958.743      24.0     2.887     -5.47                                        
  3958.754      22.0     2.101     -4.82                                        
  3958.841      20.0     5.827     -3.48                                        
  3958.856      45.0     0.965      0.01                                        
  3958.857      42.0     3.165     -1.55                                        
  3958.863      24.0     4.444     -1.60                                        
  3958.864      58.1     0.875     -0.36                                BIEMONT 
  3958.877      74.0     1.707     -1.09                                        
  3959.019      21.1     4.846     -3.88                                        
  3959.039      21.0     2.336     -1.88                               KURNOHFS 
  3959.126      24.0     3.645     -3.18                                        
  3959.147   23.0051     0.275     -8.48                                 KURHFS 
  3959.147   23.0051     0.275     -8.73                                 KURHFS 
  3959.147   23.0051     0.275     -8.76                                 KURHFS 
  3959.151   23.0051     0.275     -8.29                                 KURHFS 
  3959.151   23.0051     0.275     -8.35                                 KURHFS 
  3959.151   23.0051     0.275     -8.73                                 KURHFS 
  3959.157   23.0051     0.275     -8.09                                 KURHFS 
  3959.157   23.0051     0.275     -8.20                                 KURHFS 
  3959.157   23.0051     0.275     -8.79                                 KURHFS 
  3959.165   23.0051     0.275     -7.89                                 KURHFS 
  3959.165   23.0051     0.275     -8.18                                 KURHFS 
  3959.165   23.0051     0.275     -8.91                                 KURHFS 
  3959.174   23.0051     0.275     -7.73                                 KURHFS 
  3959.174   23.0051     0.275     -8.23                                 KURHFS 
  3959.174   23.0051     0.275     -9.13                                 KURHFS 
  3959.181      26.1     4.734     -4.07                                        
  3959.186   23.0051     0.275     -7.59                                 KURHFS 
  3959.186   23.0051     0.275     -8.43                                 KURHFS 
  3959.186   23.0051     0.275     -9.54                                 KURHFS 
  3959.186      25.0     4.636     -2.58                                        
  3959.191      26.0     3.940     -2.48                                        
  3959.206      92.0     0.868     -0.05                                        
  3959.219      25.0     5.130     -3.45                                        
  3959.224   23.0051     1.868     -2.86                                 KURHFS 
  3959.224   23.0051     1.868     -3.33                                 KURHFS 
  3959.243      24.0     3.963     -3.25                                        
  3959.254   23.0051     1.868     -2.86                                 KURHFS 
  3959.254   23.0051     1.868     -3.00                                 KURHFS 
  3959.268   21.0045     1.438     -4.24                                 KURHFS 
  3959.269   21.0045     1.438     -3.96                                 KURHFS 
  3959.269   21.0045     1.438     -4.21                                 KURHFS 
  3959.272   21.0045     1.438     -3.77                                 KURHFS 
  3959.272   21.0045     1.438     -4.21                                 KURHFS 
  3959.272   21.0045     1.438     -4.26                                 KURHFS 
  3959.276   21.0045     1.438     -3.68                                 KURHFS 
  3959.276   21.0045     1.438     -3.82                                 KURHFS 
  3959.276   21.0045     1.438     -4.39                                 KURHFS 
  3959.281   21.0045     1.438     -3.57                                 KURHFS 
  3959.281   21.0045     1.438     -3.65                                 KURHFS 
  3959.281   21.0045     1.438     -4.61                                 KURHFS 
  3959.287   21.0045     1.438     -3.37                                 KURHFS 
  3959.287   21.0045     1.438     -3.71                                 KURHFS 
  3959.287   21.0045     1.438     -5.02                                 KURHFS 
  3959.295   21.0045     1.438     -3.21                                 KURHFS 
  3959.295   21.0045     1.438     -3.90                                 KURHFS 
  3959.300      90.0     0.689     -0.66                                        
  3959.304   21.0045     1.438     -3.06                                 KURHFS 
  3959.308      22.0     2.304     -5.81                                        
  3959.359      41.0     1.608     -0.59                                        
  3959.381      66.1     2.107      0.04                                        
  3959.420      64.1     0.601     -0.84                                 LAWLER 
  3959.434      20.0     5.828     -3.50                                        
  3959.445      22.0     0.812     -5.08                                        
  3959.455      26.0     3.209     -4.58                                        
  3959.520      62.1     0.104     -1.25                                 LAWLER 
  3959.530      64.1     0.731     -0.71                                 LAWLER 
  3959.607      58.1     0.521     -0.81                                 LAWLER 
  3959.669      22.1     4.959     -4.04                                        
  3959.754      59.1     1.009     -0.71                                        
  3959.796      27.1     5.051     -2.71                                        
  3959.797      58.1     0.587     -0.73                                        
  3959.810      24.0     4.407     -3.38                                        
  3959.841      26.0     3.637     -4.31                                        
  3959.899      68.1     1.535     -0.64                                        
  3959.948      42.0     3.300     -1.20                                        
  3960.017   27.0059     3.626     -3.38                                 KURHFS 
  3960.017   27.0059     3.626     -3.44                                 KURHFS 
  3960.017   27.0059     3.626     -4.08                                 KURHFS 
  3960.022   27.0059     3.626     -3.18                                 KURHFS 
  3960.022   27.0059     3.626     -3.18                                 KURHFS 
  3960.022   27.0059     3.626     -3.92                                 KURHFS 
  3960.030   27.0059     3.626     -2.98                                 KURHFS 
  3960.030   27.0059     3.626     -3.08                                 KURHFS 
  3960.030   27.0059     3.626     -3.92                                 KURHFS 
  3960.041   27.0059     3.626     -2.81                                 KURHFS 
  3960.041   27.0059     3.626     -3.03                                 KURHFS 
  3960.041   27.0059     3.626     -4.02                                 KURHFS 
  3960.055   27.0059     3.626     -2.66                                 KURHFS 
  3960.055   27.0059     3.626     -3.03                                 KURHFS 
  3960.055   27.0059     3.626     -4.22                                 KURHFS 
  3960.071   27.0059     3.626     -2.53                                 KURHFS 
  3960.071   27.0059     3.626     -3.11                                 KURHFS 
  3960.071   27.0059     3.626     -4.62                                 KURHFS 
  3960.090   27.0059     3.626     -2.42                                 KURHFS 
  3960.090   27.0059     3.626     -3.32                                 KURHFS 
  3960.108      64.0     0.864      0.06                                        
  3960.113   27.0059     3.626     -2.31                                 KURHFS 
  3960.154      24.0     3.090     -6.98                                        
  3960.179   21.0045     1.427     -3.17                                 KURHFS 
  3960.184   21.0045     1.427     -3.49                                 KURHFS 
  3960.184   21.0045     1.427     -3.64                                 KURHFS 
  3960.185      22.0     2.343     -6.65                                        
  3960.187   21.0045     1.427     -3.49                                 KURHFS 
  3960.187   21.0045     1.427     -3.97                                 KURHFS 
  3960.189   21.0045     1.427     -3.51                                 KURHFS 
  3960.192      25.0     4.602     -2.28                                        
  3960.279      26.0     3.637     -1.16                                        
  3960.286   23.0051     1.847     -2.13                                 KURHFS 
  3960.286   23.0051     1.847     -2.39                                 KURHFS 
  3960.286   23.0051     1.847     -2.42                                 KURHFS 
  3960.287   23.0051     1.847     -1.85                                 KURHFS 
  3960.287   23.0051     1.847     -1.95                                 KURHFS 
  3960.287   23.0051     1.847     -2.00                                 KURHFS 
  3960.287   23.0051     1.847     -2.39                                 KURHFS 
  3960.287   23.0051     1.847     -2.44                                 KURHFS 
  3960.287   23.0051     1.847     -2.56                                 KURHFS 
  3960.288   23.0051     1.847     -1.75                                 KURHFS 
  3960.288   23.0051     1.847     -1.83                                 KURHFS 
  3960.288   23.0051     1.847     -2.79                                 KURHFS 
  3960.289   23.0051     1.847     -1.55                                 KURHFS 
  3960.289   23.0051     1.847     -1.89                                 KURHFS 
  3960.289   23.0051     1.847     -3.20                                 KURHFS 
  3960.290   23.0051     1.847     -1.38                                 KURHFS 
  3960.290   23.0051     1.847     -2.08                                 KURHFS 
  3960.291   23.0051     1.847     -1.24                                 KURHFS 
  3960.299      28.0     3.844     -1.55                                        
  3960.308      24.0     3.090     -2.68                                        
  3960.313      26.0     3.879     -3.86                                        
  3960.333      90.1     1.642     -0.78                                        
  3960.364      21.0     2.301     -2.83                               KURNOHFS 
  3960.366      23.1     3.325     -2.85                                        
  3960.369      58.1     0.739     -0.76                                        
  3960.482      76.0     3.010     -0.18                                        
  3960.510      62.0     0.101     -2.23                                        
  3960.531      25.0     3.376     -6.58                               KURNOHFS 
  3960.724      24.1     4.916     -5.22                                        
  3960.757      24.0     2.707     -1.68                                        
  3960.884      22.1     4.965     -2.54                                        
  3960.904      23.0     2.579     -5.19                               KURNOHFS 
  3960.909      58.1     0.322     -0.36                                 LAWLER 
  3960.949      24.0     3.884     -4.34                                        
  3960.989      41.0     1.612     -0.89                                        
  3960.993      27.0     2.628     -2.97                               KURNOHFS 
  3961.008      76.0     1.840     -0.92                                        
  3961.012      24.0     4.446     -0.47                                        
  3961.033      75.0     1.713     -1.63                                        
  3961.139      26.0     2.856     -1.79                                        
  3961.139      28.0     3.594     -4.20                                        
  3961.206      68.0     1.158      0.35                                        
  3961.256      22.0     1.738     -5.34                                        
  3961.257      24.0     3.008     -4.68                                        
  3961.259      20.0     2.707     -8.08                                        
  3961.276      59.1     1.038     -0.59                                        
  3961.364      27.0     3.213     -4.80                               KURNOHFS 
  3961.393      26.0     3.069     -5.02                                        
  3961.400      24.0     3.885     -3.31                                        
  3961.469   21.0045     1.432     -3.71                                 KURHFS 
  3961.471   21.0045     1.432     -3.71                                 KURHFS 
  3961.471   21.0045     1.432     -3.88                                 KURHFS 
  3961.472      27.0     2.875     -2.52                               KURNOHFS 
  3961.473   21.0045     1.432     -3.54                                 KURHFS 
  3961.473   21.0045     1.432     -4.01                                 KURHFS 
  3961.473   21.0045     1.432     -4.13                                 KURHFS 
  3961.477   21.0045     1.432     -3.53                                 KURHFS 
  3961.477   21.0045     1.432     -3.57                                 KURHFS 
  3961.477   21.0045     1.432     -4.56                                 KURHFS 
  3961.481   21.0045     1.432     -3.28                                 KURHFS 
  3961.481   21.0045     1.432     -3.69                                 KURHFS 
  3961.486   21.0045     1.432     -3.07                                 KURHFS 
  3961.507      42.1     3.140     -1.00                                        
  3961.512      20.0     2.707     -5.54                                        
  3961.520      13.0     0.014     -0.34                              mendoza95 
  3961.540      66.1     1.460     -0.66                                 LAWLER 
  3961.648      58.1     0.521     -1.39                                 LAWLER 
  3961.709      27.1     3.116     -4.15                                        
  3961.757      26.0     4.188     -3.34                                        
  3961.785      27.0     4.143     -2.27                                        
  3961.796      24.0     3.665     -2.60                                        
  3961.810      62.1     0.543     -1.29                                 LAWLER 
  3961.821      22.1     4.965     -4.47                                        
  3961.841      25.1     5.832     -6.64                                        
  3961.861      26.0     2.988     -6.97                                        
  3961.901      26.0     4.280     -3.32                                        
  3961.906      26.0     3.544     -2.06                                        
  3961.974      16.0     6.520     -2.11                                        
  3961.984      42.0     3.263     -1.51                                        
  3962.014      27.0     3.213     -3.36                               KURNOHFS 
  3962.056      58.1     0.674     -0.45                                BIEMONT 
  3962.078      58.1     0.969     -0.36                                        
  3962.101      42.0     3.901     -0.69                                        
  3962.106      64.1     0.556     -1.56                                        
  3962.119      28.0     3.844     -0.50                                        
  3962.128      24.0     4.096     -3.40                                        
  3962.132      62.0     0.185     -0.90                                        
  3962.142      28.0     3.655     -0.69                                        
  3962.184      24.0     2.708     -2.44                                        
  3962.200      60.1     0.320     -0.57                                 LAWLER 
  3962.216      25.0     4.751     -2.91                                        
  3962.250      62.1     0.434     -1.56                                 LAWLER 
  3962.320      26.0     3.045     -4.86                                        
  3962.322      25.0     4.357     -1.82                                        
  3962.326      74.0     2.107     -0.64                                        
  3962.335      24.0     3.977     -3.80                                        
  3962.352      26.0     3.263     -1.73                                        
  3962.419      90.0     0.457     -1.19                                        
  3962.420      26.0     3.239     -3.81                                        
  3962.450      59.1     0.216     -0.47                                        
  3962.478      16.0     6.520     -2.28                                        
  3962.482      75.0     2.023     -0.38                                        
  3962.534      27.0     3.620     -5.29                               KURNOHFS 
  3962.587      66.0     1.238      0.65                                        
  3962.644      26.0     3.639     -2.43                                        
  3962.732      26.0     4.257     -2.23                                        
  3962.771      25.0     4.723     -2.29                                        
  3962.779      24.0     4.385     -1.77                                        
  3962.782      77.0     1.514     -2.10                                        
  3962.817      24.0     4.452     -0.43                                        
  3962.827      26.0     3.981     -4.54                                        
  3962.830      24.0     3.886     -3.66                                        
  3962.851      22.0     0.000     -1.17                                        
  3962.869      26.0     3.263     -3.39                                        
  3962.870      16.0     6.520     -2.50                                        
  3962.980      62.1     0.434     -1.05                                 LAWLER 
  3963.018      62.1     0.040     -0.81                                        
  3963.100      26.0     3.281     -0.70                                        
  3963.100      60.1     0.471      0.23                                 LAWLER 
  3963.165      66.0     1.753      0.64                                        
  3963.167      24.0     3.645     -1.93                                        
  3963.198      21.0     1.849     -3.36                               KURNOHFS 
  3963.220      90.1     1.902     -0.67                                        
  3963.223      62.0     0.185     -2.08                                        
  3963.267      75.0     2.059     -1.11                                        
  3963.300      24.0     3.847     -4.34                                        
  3963.350      22.0     1.045     -2.74                                        
  3963.361      68.1     0.846     -0.98                                        
  3963.362      25.0     5.108     -3.47                                        
  3963.365      58.1     0.608     -1.09                                 LAWLER 
  3963.368      24.0     3.077     -2.83                                        
  3963.430      26.0     3.271     -2.21                                        
  3963.434      25.0     4.191     -1.36                                        
  3963.468      90.1     1.286     -1.53                                        
  3963.486      22.0     2.101     -1.59                                        
  3963.522      42.0     3.300     -0.98                                        
  3963.530      25.0     4.191     -2.40                                        
  3963.604      63.0     1.976     -0.06                                        
  3963.619      76.0     0.515     -1.51                                        
  3963.645      64.1     1.405     -0.12                                        
  3963.690      24.0     2.542      0.62                                 SOBECK 
  3963.725      23.0     2.682     -4.47                               KURNOHFS 
  3963.770      21.0     4.494     -3.32                                        
  3963.786      40.0     2.022      0.07                                        
  3963.806      66.1     1.652     -0.41                                        
  3963.888      25.0     4.662     -3.34                                        
  3963.900   27.0059     3.629     -4.74                                 KURHFS 
  3963.904   27.0059     3.629     -4.46                                 KURHFS 
  3963.904   27.0059     3.629     -4.74                                 KURHFS 
  3963.904   27.0059     3.629     -5.76                                 KURHFS 
  3963.910      60.1     0.630     -0.37                                 LAWLER 
  3963.912   27.0059     3.629     -4.32                                 KURHFS 
  3963.912   27.0059     3.629     -4.46                                 KURHFS 
  3963.912   27.0059     3.629     -5.06                                 KURHFS 
  3963.924   27.0059     3.629     -4.26                                 KURHFS 
  3963.924   27.0059     3.629     -4.32                                 KURHFS 
  3963.924   27.0059     3.629     -4.62                                 KURHFS 
  3963.939   27.0059     3.629     -4.25                                 KURHFS 
  3963.939   27.0059     3.629     -4.26                                 KURHFS 
  3963.939   27.0059     3.629     -4.29                                 KURHFS 
  3963.959   27.0059     3.629     -4.02                                 KURHFS 
  3963.959   27.0059     3.629     -4.25                                 KURHFS 
  3963.959   27.0059     3.629     -4.32                                 KURHFS 
  3963.980      24.0     3.665     -2.07                                        
  3963.981      42.0     3.300     -0.84                                        
  3963.983   27.0059     3.629     -3.80                                 KURHFS 
  3963.983   27.0059     3.629     -4.32                                 KURHFS 
  3963.983   27.0059     3.629     -4.52                                 KURHFS 
  3963.991      26.0     3.015     -6.09                                        
  3964.010   27.0059     3.629     -3.62                                 KURHFS 
  3964.010   27.0059     3.629     -4.52                                 KURHFS 
