Yb II    3594.2       line list
  3691.001      26.0     3.394     -6.02                                        
  3691.003 106.00113     0.957     -4.77               3.470               Plez 
  3691.075      22.0     1.052     -2.64                                        
  3691.157 106.00113     0.957     -4.79               3.470               Plez 
  3691.157      22.0     2.675     -3.30                                        
  3691.174      26.0     2.607     -2.94                                        
  3691.188      28.0     3.895     -2.06                                        
  3691.237      26.0     1.607     -6.50                                        
  3691.301      24.0     3.382     -3.99                                        
  3691.347 106.00113     0.957     -6.95               3.470               Plez 
  3691.465 106.00112     0.995     -4.21               3.470               Plez 
  3691.478      24.1     5.867     -3.04                                        
  3691.501 106.00112     0.995     -4.24               3.470               Plez 
  3691.509      22.0     0.818     -5.96                                        
  3691.541      26.0     3.428     -8.45                                        
  3691.557 106.00112     0.995     -8.69               3.470               Plez 
  3691.656      25.1     4.933     -4.99                                        
  3691.669      21.0     2.109     -1.36                                        
  3691.684      58.1     0.739     -0.81                                BIEMONT 
  3691.710      22.0     1.967     -3.91                                        
  3691.800      28.0     3.417     -4.14                                        
  3691.862      26.0     4.073     -3.77                                        
  3691.876      90.0     0.966     -0.04                                        
  3691.895      22.0     2.101     -2.37                                        
  3691.918      92.1     0.583     -0.43                                        
  3692.078      25.0     4.191     -3.31                                        
  3692.164      23.0     2.053     -1.99                                        
  3692.180      25.0     2.886     -3.14                                        
  3692.199      22.0     2.425     -1.89                                        
  3692.220      23.0     0.275     -0.40                                    ADJ 
  3692.220      62.1     0.277     -1.34                                 LAWLER 
  3692.247      24.0     3.367     -3.95                                        
  3692.281      58.1     0.445     -1.00                                BIEMONT 
  3692.358      45.0     0.000      0.17                                        
  3692.366 106.00113     0.777     -6.79               3.470               Plez 
  3692.381      23.1     3.750     -5.71                                        
  3692.411      21.0     2.507     -4.23                                        
  3692.448      25.1     4.934     -6.17                                        
  3692.523      39.0     2.121      0.64                                        
  3692.572      26.0     4.073     -3.73                                        
  3692.613      26.0     4.073     -2.64                                        
  3692.640      42.1     3.055     -0.25                                        
  3692.648      26.0     3.298     -1.86                                        
  3692.649      68.1     0.055      0.28                                 LAWLER 
  3692.733      24.0     3.407     -2.98                                        
  3692.742      22.0     2.504     -4.83                                        
  3692.747      26.0     3.692     -5.90                                        
  3692.780      62.1     0.277     -1.49                                 LAWLER 
  3692.812      25.0     2.162     -2.12                                        
  3692.831      24.0     3.090     -4.68                                        
  3692.865      23.0     1.852     -4.63                                        
  3692.873 106.00112     0.705     -7.71               3.470               Plez 
  3692.910      62.1     0.378     -1.74                                 LAWLER 
  3692.996      21.0     2.292     -0.46                                        
  3693.022      26.0     3.366     -4.10                                        
  3693.027      26.0     3.015     -1.39                                        
  3693.029      22.0     2.248     -1.95                                        
  3693.079      24.0     3.446     -0.78                                        
  3693.100      27.0     2.079     -1.12                                        
  3693.123      26.0     3.632     -2.21                                        
  3693.180 106.00113     0.228     -4.68               3.470               Plez 
  3693.180      24.1     5.867     -3.54                                        
  3693.255      27.0     1.739     -2.78                                        
  3693.325 106.00113     0.228     -1.68               3.470               Plez 
  3693.353      27.0     2.006     -2.00                                    ADJ 
  3693.358 106.00113     0.228     -1.64               3.470               Plez 
  3693.363      41.0     0.619     -1.08                                        
  3693.373      23.1     1.554     -3.87                                        
  3693.400 106.00112     0.228     -1.68               3.470               Plez 
  3693.424      25.0     3.769     -1.53                                        
  3693.434 106.00112     0.228     -4.68               3.470               Plez 
  3693.436      58.1     1.273     -0.69                                BIEMONT 
  3693.450      25.1     4.934     -4.96                                        
  3693.459      23.0     1.349     -3.25                                        
  3693.470      27.0     2.041     -0.65                                    ADJ 
  3693.502 106.00113     0.228     -4.68               3.470               Plez 
  3693.505 106.00112     0.228     -4.68               3.470               Plez 
  3693.539 106.00112     0.228     -1.64               3.470               Plez 
  3693.556      24.0     2.542     -2.54                                        
  3693.641      23.0     1.891     -6.54                                        
  3693.667      25.0     4.229      0.56                                        
  3693.687      27.0     1.739     -2.95                                        
  3693.696      92.1     0.935     -0.30                                        
  3693.712      58.1     1.026     -1.21                                BIEMONT 
  3693.775      26.0     1.556     -3.72                                        
  3693.811 106.00113     0.705     -7.71               3.470               Plez 
  3693.843      22.0     1.748     -8.31                                        
  3693.924      23.0     1.194     -3.89                                        
  3693.946      24.1     5.869     -2.04                                        
  3693.944      28.0     0.109     -2.66                                        
  3693.990      62.1     0.000     -0.64                                 LAWLER 
  3694.006      26.0     3.036     -0.40                                   ADJ  
  3694.037      64.1     0.382     -1.60                                   ADJ  
  3694.084      25.0     2.886     -1.85                                        
  3694.095      22.0     2.015     -2.57                                        
  3694.097 106.00112     0.777     -6.79               3.470               Plez 
  3694.112      24.0     2.543     -1.20                                    ADJ 
  3694.122      24.0     3.090     -6.86                                        
  3694.139   70.1171     0.000     -0.90                                 LAWLER 
  3694.149      24.0     2.543     -3.80                                    ADJ 
  3694.157      25.0     4.265     -2.50                                    ADJ 
  3694.167   70.1173     0.000     -0.79                                 LAWLER 
  3694.175   70.1173     0.000     -0.88                                 LAWLER 
  3694.178      58.1     0.417     -1.88                                BIEMONT 
  3694.178   70.1170     0.000     -0.30                                 LAWLER 
  3694.181      22.0     0.818     -6.23                                        
  3694.189   70.1172     0.000     -0.30                                 LAWLER 
  3694.195   70.1174     0.000     -0.30                                 LAWLER 
  3694.197   70.1171     0.000     -0.60                                 LAWLER 
  3694.201   70.1176     0.000     -0.30                                 LAWLER 
  3694.206   70.1171     0.000     -0.90                                 LAWLER 
  3694.207      26.0     2.843     -7.03                                        
  3694.215   70.1173     0.000     -1.33                                 LAWLER 
  3694.223      23.0     2.121     -3.69                                        
  3694.223   70.1173     0.000     -0.79                                 LAWLER 
  3694.237 106.00112     0.733     -7.84               3.470               Plez 
  3694.272      25.0     3.769     -1.20                                    ADJ 
  3694.275      22.0     2.248     -2.15                                        
  3694.308      68.1     1.618     -0.66                                 LAWLER 
  3694.310      23.0     2.364     -3.57                                        
  3694.310      62.1     0.484     -1.16                                 LAWLER 
  3694.336      21.0     1.968     -2.56                                        
  3694.371      22.0     2.235     -1.96                                        
  3694.420      66.1     0.920     -1.06                                 LAWLER 
  3694.422      26.0     3.412     -2.30                                    ADJ 
  3694.430      27.1     5.065     -1.70                                        
  3694.441      22.0     1.442     -1.25                                        
  3694.456      26.0     3.036     -3.15                                        
  3694.501      73.1     1.796      0.15                                        
  3694.578      23.0     2.614     -2.10                                        
  3694.583      21.0     2.294     -1.12                                        
  3694.611      23.0     2.073     -0.49                                        
  3694.627      23.0     1.194     -2.10                                        
  3694.665      22.0     2.083     -1.19                                        
  3694.735      69.1     0.029     -1.35                                        
  3694.750 106.00112     0.707     -7.71               3.470               Plez 
  3694.805      25.0     4.265     -2.59                                        
  3694.810      66.1     0.100     -0.11                                 LAWLER 
  3694.821      69.1     2.981      1.03                                        
  3694.835      22.0     0.818     -5.32                                        
  3694.849      42.0     2.644     -1.50                                        
  3694.863      26.0     3.500     -3.50                                   FAKE 
  3694.903      23.0     2.573     -4.71                                        
  3694.908      58.1     0.295     -0.91                                 LAWLER 
  3694.967      25.0     5.108     -4.01                                        
  3694.973      24.1     5.315     -2.90                                        
  3694.992      58.1     1.012     -0.79                                BIEMONT 
  3695.009      26.0     3.069     -3.48                                        
  3695.052      26.0     3.045     -1.00                                    ADJ 
  3695.053      26.0     2.586     -1.20                                    ADJ 
  3695.069      26.0     3.069     -5.77                                        
  3695.075 106.00113     0.733     -7.84               3.470               Plez 
  3695.130      22.1     4.006     -1.11                                        
  3695.161      24.0     3.842     -2.72                                        
  3695.168      23.1     2.508     -1.68                                        
  3695.171      23.1     3.121     -2.93                                        
  3695.236      58.1     0.902     -1.40                                BIEMONT 
  3695.322      27.1     5.051     -2.00                                    ADJ 
  3695.322      29.0     5.570     -1.65                                        
  3695.335      26.0     4.140     -2.10                                    ADJ 
  3695.341      23.0     2.123      0.97                                        
  3695.359 106.00112     0.734     -7.84               3.470               Plez 
  3695.375      23.0     2.636     -4.15                                        
  3695.444      25.0     4.657     -4.12                                        
  3695.515      26.0     2.557     -2.64                                        
  3695.516      26.0     3.414     -5.33                                        
  3695.519      45.0     1.984      0.73                                        
  3695.605      26.0     3.639     -2.57                                        
  3695.655      26.0     3.500     -1.50                                   FAKE 
  3695.688 106.00113     0.707     -7.71               3.470               Plez 
  3695.730      22.0     1.066     -2.54                                        
  3695.754      23.0     0.017     -3.74                                        
  3695.848      24.0     3.446     -1.07                                        
  3695.852      26.1     5.565     -3.45                                        
  3695.860      23.0     2.113     -3.82                                        
  3695.869      23.0     0.267     -0.27                                        
  3695.875      22.0     2.159     -4.06                                        
  3695.891      41.1     1.816     -0.40                                        
  3695.917      25.1     5.414     -1.97                                        
  3695.956 106.00112     0.096     -4.47               3.470               Plez 
  3695.957      58.1     1.353     -0.14                                        
  3696.033      26.0     2.422     -3.63                                        
  3696.072 106.00113     0.096     -4.47               3.470               Plez 
  3696.087      23.0     1.892     -1.46                                        
  3696.118      22.0     2.115     -1.92                                        
  3696.127      58.1     0.495     -1.69                                BIEMONT 
  3696.165      58.1     0.559     -1.76                                BIEMONT 
  3696.171      22.1     3.999     -2.92                                        
  3696.198 106.00113     0.734     -7.84               3.470               Plez 
  3696.249      68.1     0.886     -0.49                                 LAWLER 
  3696.290      28.0     1.934     -3.11                                        
  3696.294      25.0     4.265     -1.93                                        
  3696.300      58.1     0.536     -1.46                                BIEMONT 
  3696.362      22.1     1.565     -2.02                                        
  3696.491      58.1     0.560     -1.36                                BIEMONT 
  3696.540      25.0     2.886     -0.79                                        
  3696.540      25.0     2.951     -5.56                                        
  3696.562      39.1     4.000      0.00                                        
  3696.568      26.0     3.045     -5.80                                        
  3696.585      21.0     2.336     -3.42                                        
  3696.592      24.0     4.093     -2.38                                        
  3696.645      28.0     1.934     -2.70                                        
  3696.673      58.1     0.721     -1.31                                BIEMONT 
  3696.754      24.1     4.916     -3.46                                        
  3696.758      64.1     1.405     -0.22                                        
  3696.805      26.0     3.015     -3.64                                        
  3696.831      26.0     3.957     -1.59                                        
  3696.860      23.0     1.868     -5.24                                        
  3696.884      22.0     1.995     -0.96                                        
  3696.903      28.0     3.676     -1.03                                        
  3696.924      68.1     2.098      0.56                                        
  3696.986      26.0     4.183     -2.31                                        
