Tb II    3874.2       line list
  3871.035      92.0     0.000      0.23                                        
  3871.039      21.1     7.375     -1.40                                        
  3871.041 607.01214     0.544     -3.43               7.650                    
  3871.042 607.01214     0.381     -0.24               7.650                    
  3871.048 607.01214     4.055     -1.93               7.650                    
  3871.050 607.01214     3.857     -0.28               7.650                    
  3871.075      23.0     1.375     -0.30                               KURNOHFS 
  3871.079 607.01214     0.544     -0.04               7.650                    
  3871.099 607.01214     0.392     -3.27               7.650                    
  3871.107 607.01214     0.561     -0.04               7.650                    
  3871.121      21.0     1.994     -2.77                               KURNOHFS 
  3871.125 607.01214     0.392     -0.20               7.650                    
  3871.125 607.01214     0.544     -0.05               7.650                    
  3871.145 607.01214     0.528     -3.42               7.650                    
  3871.157      23.0     2.073     -2.37                               KURNOHFS 
  3871.159 607.01214     0.392     -0.22               7.650                    
  3871.181      23.0     3.076     -0.53                               KURNOHFS 
  3871.182 607.01214     0.528     -0.05               7.650                    
  3871.188      41.0     1.120     -1.03                                        
  3871.195 607.01214     0.404     -3.29               7.650                    
  3871.218      23.1     6.779     -4.25                                        
  3871.222      26.0     3.926     -1.68                                        
  3871.222 607.01214     0.404     -0.18               7.650                    
  3871.222 607.01214     0.512     -3.41               7.650                    
  3871.222 607.01214     0.528     -0.06               7.650                    
  3871.258 607.01214     0.404     -0.20               7.650                    
  3871.258 607.01214     0.512     -0.06               7.650                    
  3871.270 607.01214     0.416     -3.30               7.650                    
  3871.294 607.01214     0.497     -3.39               7.650                    
  3871.297 607.01214     3.857     -0.28               7.650                    
  3871.298 607.01214     0.416     -0.17               7.650                    
  3871.298 607.01214     0.512     -0.08               7.650                    
  3871.309 607.01214     0.428     -3.32               7.650                    
  3871.329 607.01214     0.416     -0.18               7.650                    
  3871.329 607.01214     0.497     -0.08               7.650                    
  3871.332 607.01214     0.483     -3.38               7.650                    
  3871.338 607.01214     0.428     -0.15               7.650                    
  3871.340 607.01214     2.225     -3.48               7.650                    
  3871.341      25.0     5.083     -1.94                                        
  3871.352 607.01214     0.441     -3.34               7.650                    
  3871.356 607.01214     2.225     -0.71               7.650                    
  3871.360 607.01214     0.468     -3.37               7.650                    
  3871.360 607.01214     0.497     -0.09               7.650                    
  3871.361 607.01214     4.329     -4.45               7.650                    
  3871.362 607.01214     0.454     -3.35               7.650                    
  3871.364 607.01214     0.007     -0.69               7.650                    
  3871.366      26.0     3.600     -4.14                                        
  3871.366 607.01214     0.483     -0.09               7.650                    
  3871.372 607.01214     0.007     -0.76               7.650                    
  3871.378 607.01214     0.007     -2.58               7.650                    
  3871.382 607.01214     0.428     -0.17               7.650                    
  3871.382 607.01214     0.441     -0.13               7.650                    
  3871.393 607.01214     0.454     -0.12               7.650                    
  3871.393 607.01214     0.468     -0.10               7.650                    
  3871.404 607.01214     2.225     -0.73               7.650                    
  3871.405 607.01214     3.452     -1.83               7.650                    
  3871.417 607.01214     0.441     -0.15               7.650                    
  3871.417 607.01214     0.483     -0.10               7.650                    
  3871.421 607.01214     3.452     -1.98               7.650                    
  3871.423 607.01214     3.452     -3.13               7.650                    
  3871.434 607.01214     0.903     -3.59               7.650                    
  3871.438 607.01214     0.454     -0.13               7.650                    
  3871.438 607.01214     0.468     -0.12               7.650                    
  3871.449      42.1     4.714     -1.00                                        
  3871.452      42.1     4.153     -1.00                                        
  3871.460 607.01214     4.329     -0.09               7.650                    
  3871.494 607.01214     3.513     -3.77               7.650                    
  3871.503 607.01214     0.903      0.29               7.650                    
  3871.518      24.0     3.886     -0.17                                        
  3871.524 607.01214     3.513     -0.35               7.650                    
  3871.527 607.01214     4.498     -3.71               7.650                    
  3871.540      64.1     0.078     -1.47                                 LAWLER 
  3871.553 607.01214     4.498     -0.29               7.650                    
  3871.573 607.01214     0.903      0.29               7.650                    
  3871.589      28.0     3.838     -1.10                                        
  3871.623   57.1139     0.126     -1.60                                 LAWLER 
  3871.627   57.1139     0.126     -0.80                                 LAWLER 
  3871.629   57.1139     0.126     -1.41                                 LAWLER 
  3871.630      66.1     0.930     -0.84                                 LAWLER 
  3871.632   57.1139     0.126     -1.02                                 LAWLER 
  3871.634   57.1139     0.126     -1.35                                 LAWLER 
  3871.634 607.01214     2.162     -1.30               7.650                    
  3871.635   57.1139     0.126     -1.60                                 LAWLER 
  3871.636   57.1139     0.126     -1.31                                 LAWLER 
  3871.638   57.1139     0.126     -1.38                                 LAWLER 
  3871.639   57.1139     0.126     -1.41                                 LAWLER 
  3871.640   57.1139     0.126     -1.70                                 LAWLER 
  3871.641   57.1139     0.126     -1.48                                 LAWLER 
  3871.642   57.1139     0.126     -1.35                                 LAWLER 
  3871.642   57.1139     0.126     -2.33                                 LAWLER 
  3871.644   57.1139     0.126     -1.38                                 LAWLER 
  3871.644   57.1139     0.126     -1.70                                 LAWLER 
  3871.644   57.1139     0.126    -20.13                                 LAWLER 
  3871.645   57.1139     0.126     -2.18                                 LAWLER 
  3871.646   57.1139     0.126     -1.48                                 LAWLER 
  3871.646   57.1139     0.126     -1.70                                 LAWLER 
  3871.648 607.01214     2.162     -1.42               7.650                    
  3871.651 607.01214     2.162     -2.85               7.650                    
  3871.658      25.1     5.516     -3.34                                        
  3871.659 607.01214     3.513     -0.36               7.650                    
  3871.683      25.0     3.380     -2.06                               KURNOHFS 
  3871.692 607.01214     3.291     -3.78               7.650                    
  3871.701   27.0059     3.189     -5.82                                 KURHFS 
  3871.701   27.0059     3.189     -6.08                                 KURHFS 
  3871.709   27.0059     3.189     -5.62                                 KURHFS 
  3871.709   27.0059     3.189     -5.82                                 KURHFS 
  3871.709   27.0059     3.189     -7.73                                 KURHFS 
  3871.719 607.01214     4.498     -0.30               7.650                    
  3871.720   27.0059     3.189     -5.56                                 KURHFS 
  3871.720   27.0059     3.189     -5.62                                 KURHFS 
  3871.720   27.0059     3.189     -6.49                                 KURHFS 
  3871.721 607.01214     3.291     -0.38               7.650                    
  3871.731      24.0     3.077     -4.55                                        
  3871.736   27.0059     3.189     -5.56                                 KURHFS 
  3871.736   27.0059     3.189     -5.59                                 KURHFS 
  3871.736   27.0059     3.189     -5.77                                 KURHFS 
  3871.737 607.01214     4.329     -0.09               7.650                    
  3871.748      26.0     2.947     -0.78                                        
  3871.753      68.0     1.432      0.16                                        
  3871.755   27.0059     3.189     -5.36                                 KURHFS 
  3871.755   27.0059     3.189     -5.59                                 KURHFS 
  3871.755   27.0059     3.189     -5.77                                 KURHFS 
  3871.779   27.0059     3.189     -5.07                                 KURHFS 
  3871.779   27.0059     3.189     -5.77                                 KURHFS 
  3871.780      62.1     0.184     -0.74                                 LAWLER 
  3871.784 607.01214     4.083     -4.74               7.650                    
  3871.804      58.1     0.899     -1.01                                        
  3871.829 607.01214     4.083     -0.94               7.650                    
  3871.845      27.0     3.684     -4.32                               KURNOHFS 
  3871.846 607.01214     3.291     -0.40               7.650                    
  3871.862      24.0     4.093     -2.35                                        
  3871.871      26.0     4.206     -4.33                                        
  3871.880      24.0     3.008     -2.09                                        
  3871.883      21.0     2.000     -1.55                               KURNOHFS 
  3871.887      42.1     3.019     -1.83                                        
  3871.933      26.0     3.879     -3.85                                        
  3871.948      22.0     1.886     -2.37                                        
  3871.949      25.0     3.380     -1.57                               KURNOHFS 
  3871.960 607.01214     2.434     -0.74               7.650                    
  3872.012 607.01214     2.434     -0.77               7.650                    
  3872.019 607.01214     4.398      0.00               7.650                    
  3872.026      24.0     3.009     -1.33                                        
  3872.026 607.01214     2.434     -3.46               7.650                    
  3872.028 607.01214     4.216     -4.91               7.650                    
  3872.041 607.01214     4.083     -0.95               7.650                    
  3872.053 607.01214     0.005     -0.76               7.650                    
  3872.057 607.01214     0.005     -0.85               7.650                    
  3872.062 607.01214     0.005     -2.50               7.650                    
  3872.068 607.01214     2.532     -3.67               7.650                    
  3872.069 607.01214     4.216     -1.16               7.650                    
  3872.091 607.01214     2.532     -0.54               7.650                    
  3872.093      25.0     4.662     -0.68                                        
  3872.100      66.1     0.000      0.01                                 LAWLER 
  3872.116 607.01214     0.875     -3.59               7.650                    
  3872.131      58.1     0.621     -1.31                                 LAWLER 
  3872.140 607.01214     3.459     -3.44               7.650                    
  3872.145 607.01214     3.459     -1.55               7.650                    
  3872.167 607.01214     3.459     -1.62               7.650                    
  3872.169      26.0     3.879     -2.45                                        
  3872.170 607.01214     2.532     -0.55               7.650                    
  3872.183   23.0051     1.929     -5.83                                 KURHFS 
  3872.184 607.01214     0.875      0.29               7.650                    
  3872.190   23.0051     1.929     -5.83                                 KURHFS 
  3872.190   23.0051     1.929     -6.00                                 KURHFS 
  3872.200   23.0051     1.929     -5.66                                 KURHFS 
  3872.200   23.0051     1.929     -6.13                                 KURHFS 
  3872.200   23.0051     1.929     -6.25                                 KURHFS 
  3872.214   23.0051     1.929     -5.65                                 KURHFS 
  3872.214   23.0051     1.929     -5.69                                 KURHFS 
  3872.214   23.0051     1.929     -6.68                                 KURHFS 
  3872.214      23.1     3.325     -3.29                                        
  3872.231   23.0051     1.929     -5.40                                 KURHFS 
  3872.231   23.0051     1.929     -5.81                                 KURHFS 
  3872.240 607.01214     2.218     -3.46               7.650                    
  3872.251   23.0051     1.929     -5.19                                 KURHFS 
  3872.252      26.0     2.863     -6.07                                        
  3872.254 607.01214     0.875      0.28               7.650                    
  3872.255 607.01214     2.218     -0.73               7.650                    
  3872.262 607.01214     4.398     -0.01               7.650                    
  3872.270 607.01214     3.489     -0.44               7.650                    
  3872.279 607.01214     4.216     -1.17               7.650                    
  3872.289 607.01214     4.414     -0.32               7.650                    
  3872.300 607.01214     2.218     -0.76               7.650                    
  3872.341      26.0     3.015     -5.87                                        
  3872.353      26.0     3.957     -4.21                                        
  3872.389 607.01214     4.398     -4.51               7.650                    
  3872.390      45.0     0.701     -2.05                                        
  3872.474      23.0     1.871     -1.27                               KURNOHFS 
  3872.479 607.01214     3.489     -0.45               7.650                    
  3872.481 607.01214     4.414     -0.32               7.650                    
  3872.501      26.0     0.989     -0.93                                        
  3872.507      27.1     5.204     -6.12                                        
  3872.509 607.01214     2.161     -1.42               7.650                    
  3872.520 607.01214     2.161     -1.57               7.650                    
  3872.522 607.01214     2.161     -2.72               7.650                    
  3872.536 607.01214     3.489     -4.39               7.650                    
  3872.540      20.0     2.521     -1.07                                        
  3872.553      72.1     1.495     -0.69                                        
  3872.561      20.0     2.521     -1.96                                        
  3872.562      26.0     4.257     -2.79                                        
  3872.574 607.01214     4.051     -2.34               7.650                    
  3872.578 607.01214     3.633     -0.11               7.650                    
  3872.582 607.01214     4.051     -2.64               7.650                    
  3872.583   25.0055     3.133     -4.79                                 KURHFS 
  3872.583   25.0055     3.133     -5.43                                 KURHFS 
  3872.589   25.0055     3.133     -4.74                                 KURHFS 
  3872.589   25.0055     3.133     -5.24                                 KURHFS 
  3872.589   25.0055     3.133     -5.43                                 KURHFS 
  3872.591   23.0051     1.948     -2.96                                 KURHFS 
  3872.594   23.0051     1.948     -2.70                                 KURHFS 
  3872.594   23.0051     1.948     -2.89                                 KURHFS 
  3872.597   25.0055     3.133     -4.63                                 KURHFS 
  3872.597   25.0055     3.133     -5.18                                 KURHFS 
  3872.597   25.0055     3.133     -5.24                                 KURHFS 
  3872.598   23.0051     1.948     -2.49                                 KURHFS 
  3872.598   23.0051     1.948     -2.70                                 KURHFS 
  3872.598   23.0051     1.948     -3.59                                 KURHFS 
  3872.605   23.0051     1.948     -2.32                                 KURHFS 
  3872.605   23.0051     1.948     -2.59                                 KURHFS 
  3872.605   23.0051     1.948     -3.44                                 KURHFS 
  3872.605 607.01214     4.010     -4.43               7.650                    
  3872.607   25.0055     3.133     -4.51                                 KURHFS 
  3872.607   25.0055     3.133     -5.18                                 KURHFS 
  3872.607   25.0055     3.133     -5.22                                 KURHFS 
  3872.614   23.0051     1.948     -2.18                                 KURHFS 
  3872.614   23.0051     1.948     -2.54                                 KURHFS 
  3872.614   23.0051     1.948     -3.44                                 KURHFS 
  3872.618   25.0055     3.133     -4.38                                 KURHFS 
  3872.618   25.0055     3.133     -5.22                                 KURHFS 
  3872.618   25.0055     3.133     -5.41                                 KURHFS 
  3872.620      64.1     0.425     -1.30                                 LAWLER 
  3872.625   23.0051     1.948     -2.05                                 KURHFS 
  3872.625   23.0051     1.948     -2.55                                 KURHFS 
  3872.625   23.0051     1.948     -3.53                                 KURHFS 
  3872.632   25.0055     3.133     -4.25                                 KURHFS 
  3872.632   25.0055     3.133     -5.41                                 KURHFS 
  3872.638   23.0051     1.948     -1.93                                 KURHFS 
  3872.638   23.0051     1.948     -2.62                                 KURHFS 
  3872.638   23.0051     1.948     -3.74                                 KURHFS 
  3872.654   23.0051     1.948     -1.83                                 KURHFS 
  3872.654   23.0051     1.948     -2.83                                 KURHFS 
  3872.654   23.0051     1.948     -4.14                                 KURHFS 
  3872.674   27.0059     3.277     -6.45                                 KURHFS 
  3872.678   27.0059     3.277     -6.45                                 KURHFS 
  3872.678   27.0059     3.277     -6.62                                 KURHFS 
  3872.685   27.0059     3.277     -6.28                                 KURHFS 
  3872.685   27.0059     3.277     -6.75                                 KURHFS 
  3872.685   27.0059     3.277     -6.87                                 KURHFS 
  3872.688      24.0     3.373     -4.55                                        
  3872.688 607.01214     0.847     -3.58               7.650                    
  3872.690 607.01214     4.010     -0.18               7.650                    
  3872.694   27.0059     3.277     -6.28                                 KURHFS 
  3872.694   27.0059     3.277     -6.31                                 KURHFS 
  3872.694   27.0059     3.277     -7.30                                 KURHFS 
  3872.703      59.1     0.000     -1.72                                        
  3872.705   27.0059     3.277     -6.03                                 KURHFS 
  3872.705   27.0059     3.277     -6.44                                 KURHFS 
  3872.718   27.0059     3.277     -5.81                                 KURHFS 
  3872.718      63.0     1.930      0.24                                        
  3872.720 607.01214     0.003     -0.85               7.650                    
  3872.722      90.1     1.286     -0.40                                        
  3872.724 607.01214     0.003     -0.97               7.650                    
  3872.727 607.01214     0.003     -2.40               7.650                    
  3872.747   23.0051     1.080     -3.32                                 KURHFS 
  3872.747   23.0051     1.080     -4.33                                 KURHFS 
  3872.747   23.0051     1.080     -5.63                                 KURHFS 
  3872.753   23.0051     1.080     -3.43                                 KURHFS 
  3872.753   23.0051     1.080     -4.12                                 KURHFS 
  3872.753   23.0051     1.080     -5.23                                 KURHFS 
  3872.754 607.01214     0.847      0.28               7.650                    
  3872.758   23.0051     1.080     -3.54                                 KURHFS 
  3872.758   23.0051     1.080     -4.05                                 KURHFS 
  3872.758   23.0051     1.080     -5.03                                 KURHFS 
  3872.762   23.0051     1.080     -3.67                                 KURHFS 
  3872.762   23.0051     1.080     -4.04                                 KURHFS 
  3872.762   23.0051     1.080     -4.93                                 KURHFS 
  3872.765   23.0051     1.080     -3.82                                 KURHFS 
  3872.765   23.0051     1.080     -4.09                                 KURHFS 
  3872.765   23.0051     1.080     -4.93                                 KURHFS 
  3872.765      25.1     6.653     -4.37                                        
  3872.766      26.1     2.702     -3.32                                        
  3872.767   23.0051     1.080     -3.99                                 KURHFS 
  3872.767   23.0051     1.080     -4.19                                 KURHFS 
  3872.767   23.0051     1.080     -5.09                                 KURHFS 
  3872.769   23.0051     1.080     -4.19                                 KURHFS 
  3872.769   23.0051     1.080     -4.39                                 KURHFS 
  3872.770   23.0051     1.080     -4.46                                 KURHFS 
  3872.771      25.0     4.662     -1.57                                        
  3872.785   23.0051     3.069     -3.99                                 KURHFS 
  3872.785   23.0051     3.069     -4.31                                 KURHFS 
  3872.785   23.0051     3.069     -4.79                                 KURHFS 
  3872.792      23.0     1.798     -1.44                               KURNOHFS 
  3872.801   23.0051     3.069     -4.31                                 KURHFS 
  3872.801   23.0051     3.069     -4.33                                 KURHFS 
  3872.801   23.0051     3.069     -4.46                                 KURHFS 
  3872.813 607.01214     3.633     -0.12               7.650                    
  3872.831      74.0     0.412     -2.06                                        
  3872.857      70.0     2.229      0.09                                        
  3872.868      23.1     5.463     -4.48                                        
  3872.893 607.01214     4.053     -3.23               7.650                    
  3872.896 607.01214     4.053     -1.93               7.650                    
  3872.903 607.01214     3.633     -4.38               7.650                    
  3872.907 607.01214     4.053     -2.08               7.650                    
  3872.921      26.0     2.725     -1.75                                        
  3872.932   25.0055     3.133     -5.00                                 KURHFS 
  3872.936   25.0055     3.133     -4.87                                 KURHFS 
  3872.936   25.0055     3.133     -5.51                                 KURHFS 
  3872.941      24.0     3.392     -0.24                                        
  3872.943   25.0055     3.133     -4.74                                 KURHFS 
  3872.943   25.0055     3.133     -5.32                                 KURHFS 
  3872.943   25.0055     3.133     -6.61                                 KURHFS 
  3872.945   27.0059     3.512     -2.18                                 KURHFS 
  3872.945   27.0059     3.512     -2.38                                 KURHFS 
  3872.949 607.01214     4.010     -0.19               7.650                    
  3872.952   25.0055     3.133     -4.62                                 KURHFS 
  3872.952   25.0055     3.133     -5.27                                 KURHFS 
  3872.952   25.0055     3.133     -6.48                                 KURHFS 
  3872.953   27.0059     3.512     -2.16                                 KURHFS 
  3872.953   27.0059     3.512     -2.17                                 KURHFS 
  3872.953   27.0059     3.512     -2.38                                 KURHFS 
  3872.963   25.0055     3.133     -4.50                                 KURHFS 
  3872.963   25.0055     3.133     -5.31                                 KURHFS 
  3872.963   25.0055     3.133     -6.57                                 KURHFS 
  3872.965   27.0059     3.512     -2.03                                 KURHFS 
  3872.965   27.0059     3.512     -2.06                                 KURHFS 
  3872.965   27.0059     3.512     -2.16                                 KURHFS 
  3872.967 607.01214     0.847      0.27               7.650                    
  3872.976   25.0055     3.133     -4.40                                 KURHFS 
  3872.976   25.0055     3.133     -5.49                                 KURHFS 
  3872.976   25.0055     3.133     -6.91                                 KURHFS 
  3872.979      26.1     4.491     -4.62                                        
  3872.981   27.0059     3.512     -1.86                                 KURHFS 
  3872.981   27.0059     3.512     -2.01                                 KURHFS 
  3872.981   27.0059     3.512     -2.06                                 KURHFS 
  3872.999      20.0     2.707     -1.33                                        
  3873.001   27.0059     3.512     -1.70                                 KURHFS 
  3873.001   27.0059     3.512     -2.01                                 KURHFS 
  3873.001   27.0059     3.512     -2.02                                 KURHFS 
  3873.006   27.0059     2.278     -4.22                                 KURHFS 
  3873.006   27.0059     2.278     -4.22                                 KURHFS 
  3873.006   27.0059     2.278     -4.52                                 KURHFS 
  3873.010   27.0059     2.278     -4.06                                 KURHFS 
  3873.010   27.0059     2.278     -4.08                                 KURHFS 
  3873.010   27.0059     2.278     -4.40                                 KURHFS 
  3873.016 607.01214     3.804     -4.48               7.650                    
  3873.017   27.0059     2.278     -3.80                                 KURHFS 
  3873.017   27.0059     2.278     -4.05                                 KURHFS 
  3873.017   27.0059     2.278     -4.65                                 KURHFS 
  3873.026   27.0059     2.278     -3.58                                 KURHFS 
  3873.026   27.0059     2.278     -4.21                                 KURHFS 
  3873.026   27.0059     2.278     -5.07                                 KURHFS 
  3873.026   27.0059     3.512     -1.54                                 KURHFS 
  3873.026   27.0059     3.512     -2.02                                 KURHFS 
  3873.026   27.0059     3.512     -2.10                                 KURHFS 
  3873.027 607.01214     3.715     -4.01               7.650                    
  3873.036      58.0     0.159     -0.21                                        
  3873.041 607.01214     3.715     -1.24               7.650                    
  3873.052 607.01214     2.211     -3.43               7.650                    
  3873.054   27.0059     3.512     -1.39                                 KURHFS 
  3873.054   27.0059     3.512     -2.10                                 KURHFS 
  3873.054   27.0059     3.512     -2.31                                 KURHFS 
  3873.066 607.01214     2.211     -0.76               7.650                    
  3873.071   27.0059     0.431     -3.64                                 KURHFS 
  3873.073   27.0059     0.431     -3.24                                 KURHFS 
  3873.075   27.0059     0.431     -3.04                                 KURHFS 
  3873.075 607.01214     3.804     -0.50               7.650                    
  3873.077   27.0059     0.431     -2.94                                 KURHFS 
  3873.079   27.0059     0.431     -2.94                                 KURHFS 
  3873.082   27.0059     0.431     -3.10                                 KURHFS 
  3873.086   27.0059     3.512     -1.25                                 KURHFS 
  3873.086   27.0059     3.512     -2.31                                 KURHFS 
  3873.089   27.0059     0.431     -2.40                                 KURHFS 
  3873.090   27.0059     0.431     -2.20                                 KURHFS 
  3873.092   27.0059     0.431     -2.10                                 KURHFS 
  3873.093   27.0059     0.431     -2.05                                 KURHFS 
  3873.093   27.0059     0.431     -2.47                                 KURHFS 
  3873.095   27.0059     0.431     -2.06                                 KURHFS 
  3873.098   27.0059     0.431     -2.13                                 KURHFS 
  3873.098   27.0059     0.431     -2.20                                 KURHFS 
  3873.100   27.0059     0.431     -2.34                                 KURHFS 
  3873.103   27.0059     0.431     -2.00                                 KURHFS 
  3873.106      42.0     3.396     -0.97                                        
  3873.106 607.01214     3.451     -1.98               7.650                    
  3873.108   27.0059     0.431     -1.83                                 KURHFS 
  3873.108 607.01214     2.211     -0.79               7.650                    
  3873.111 607.01214     3.715     -1.26               7.650                    
  3873.114   27.0059     0.431     -1.68                                 KURHFS 
  3873.117 607.01214     3.451     -2.24               7.650                    
  3873.118 607.01214     3.451     -2.94               7.650                    
  3873.120   27.0059     0.431     -1.55                                 KURHFS 
  3873.126      58.1     0.495     -1.55                                 LAWLER 
  3873.127   27.0059     0.431     -1.44                                 KURHFS 
  3873.133   27.0059     0.431     -1.33                                 KURHFS 
  3873.138      42.0     3.221     -1.41                                        
  3873.140 607.01214     3.690     -1.32               7.650                    
  3873.159      20.0     2.524     -7.79                                        
  3873.164      42.0     2.497     -2.27                                        
  3873.179      25.0     4.675     -0.60                                        
  3873.185      23.1     5.826     -3.63                                        
  3873.202      22.0     1.995      0.05                                        
  3873.203 607.01214     3.690     -1.35               7.650                    
  3873.210      62.1     0.434     -1.29                                 LAWLER 
  3873.214 607.01214     3.690     -3.93               7.650                    
  3873.224      23.0     1.798     -1.81                               KURNOHFS 
  3873.244 607.01214     4.117     -0.02               7.650                    
  3873.249      58.1     1.253     -0.43                                        
  3873.250      24.0     4.102     -1.84                                        
  3873.295      26.0     4.100     -1.60                                        
  3873.295      28.0     3.462     -5.30                                        
  3873.296 607.01214     2.160     -1.57               7.650                    
  3873.301 607.01214     3.804     -0.51               7.650                    
  3873.304 607.01214     2.160     -1.83               7.650                    
  3873.306 607.01214     2.160     -2.53               7.650                    
  3873.369 607.01214     4.167     -4.56               7.650                    
  3873.370 607.01214     0.001     -0.97               7.650                    
  3873.374 607.01214     0.001     -1.12               7.650                    
  3873.376 607.01214     0.001     -2.27               7.650                    
  3873.387 607.01214     4.167     -1.49               7.650                    
  3873.420 607.01214     4.265     -1.35               7.650                    
  3873.441 607.01214     0.819     -3.57               7.650                    
  3873.479 607.01214     0.792     -3.56               7.650                    
  3873.479 607.01214     4.265     -1.39               7.650                    
  3873.486 607.01214     4.265     -3.75               7.650                    
  3873.489 607.01214     4.117     -0.03               7.650                    
  3873.496 607.01214     4.167     -1.51               7.650                    
  3873.506 607.01214     0.819      0.27               7.650                    
  3873.507      25.0     4.675     -3.56                                        
  3873.528      44.0     1.124     -0.96                                        
  3873.542      24.0     3.887     -0.41                                        
  3873.543 607.01214     0.792      0.27               7.650                    
  3873.560      22.0     2.101     -5.92                                        
  3873.570 607.01214     0.819      0.27               7.650                    
  3873.578      64.0     0.864      0.24                                        
  3873.588      62.1     0.932     -0.78                                        
  3873.593   23.0051     1.349     -2.66                                 KURHFS 
  3873.594      26.0     3.600     -2.97                                        
  3873.595   23.0051     1.349     -2.38                                 KURHFS 
  3873.595   23.0051     1.349     -2.63                                 KURHFS 
  3873.597 607.01214     3.052     -3.77               7.650                    
  3873.599   23.0051     1.349     -2.19                                 KURHFS 
  3873.599   23.0051     1.349     -2.63                                 KURHFS 
  3873.599   23.0051     1.349     -2.68                                 KURHFS 
  3873.603 607.01214     4.117     -4.46               7.650                    
  3873.605   23.0051     1.349     -2.10                                 KURHFS 
  3873.605   23.0051     1.349     -2.24                                 KURHFS 
  3873.605   23.0051     1.349     -2.81                                 KURHFS 
  3873.613   23.0051     1.349     -1.99                                 KURHFS 
  3873.613   23.0051     1.349     -2.08                                 KURHFS 
  3873.613   23.0051     1.349     -3.03                                 KURHFS 
  3873.619 607.01214     0.792      0.26               7.650                    
  3873.623   23.0051     1.349     -1.79                                 KURHFS 
  3873.623   23.0051     1.349     -2.13                                 KURHFS 
  3873.623   23.0051     1.349     -3.44                                 KURHFS 
  3873.625 607.01214     3.052     -0.43               7.650                    
  3873.635   23.0051     1.349     -1.63                                 KURHFS 
  3873.635   23.0051     1.349     -2.33                                 KURHFS 
  3873.649   23.0051     1.349     -1.49                                 KURHFS 
  3873.676 607.01214     3.457     -3.36               7.650                    
  3873.680 607.01214     3.457     -1.62               7.650                    
  3873.698 607.01214     3.457     -1.71               7.650                    
  3873.737 607.01214     3.052     -0.44               7.650                    
  3873.753 607.01214     4.279     -3.83               7.650                    
  3873.760      26.0     2.431     -0.79                                        
  3873.763 607.01214     4.279     -1.28               7.650                    
  3873.776 607.01214     2.205     -3.40               7.650                    
  3873.789 607.01214     2.205     -0.79               7.650                    
  3873.800   23.0051     2.262     -7.67                                 KURHFS 
  3873.800   23.0051     2.262     -7.93                                 KURHFS 
  3873.800   23.0051     2.262     -7.96                                 KURHFS 
  3873.801   23.0051     2.262     -7.48                                 KURHFS 
  3873.801   23.0051     2.262     -7.54                                 KURHFS 
  3873.801   23.0051     2.262     -7.93                                 KURHFS 
  3873.803   23.0051     2.262     -7.28                                 KURHFS 
  3873.803   23.0051     2.262     -7.39                                 KURHFS 
  3873.803   23.0051     2.262     -7.98                                 KURHFS 
  3873.805   23.0051     2.262     -7.09                                 KURHFS 
  3873.805   23.0051     2.262     -7.37                                 KURHFS 
  3873.805   23.0051     2.262     -8.10                                 KURHFS 
  3873.808   23.0051     2.262     -6.92                                 KURHFS 
  3873.808   23.0051     2.262     -7.42                                 KURHFS 
  3873.808   23.0051     2.262     -8.32                                 KURHFS 
  3873.811   23.0051     2.262     -6.78                                 KURHFS 
  3873.811   23.0051     2.262     -7.62                                 KURHFS 
  3873.811   23.0051     2.262     -8.73                                 KURHFS 
  3873.822      90.0     0.355     -0.42                                        
  3873.825 607.01214     4.279     -1.31               7.650                    
  3873.828 607.01214     2.205     -0.82               7.650                    
  3873.836      22.0     2.479     -6.20                                        
  3873.839      20.0     5.724     -2.69                                        
  3873.850      42.0     2.595     -2.29                                        
  3873.919   27.0059     0.513     -3.45                                 KURHFS 
  3873.925   27.0059     0.513     -3.04                                 KURHFS 
  3873.930   27.0059     0.513     -2.82                                 KURHFS 
  3873.935   27.0059     0.513     -2.70                                 KURHFS 
  3873.939   27.0059     0.513     -2.34                                 KURHFS 
  3873.940   27.0059     0.513     -2.65                                 KURHFS 
  3873.942   27.0059     0.513     -2.14                                 KURHFS 
  3873.944   27.0059     0.513     -2.09                                 KURHFS 
  3873.944   27.0059     0.513     -2.68                                 KURHFS 
  3873.946   27.0059     0.513     -2.11                                 KURHFS 
  3873.947   27.0059     0.513     -2.20                                 KURHFS 
  3873.947   27.0059     0.513     -2.39                                 KURHFS 
  3873.954   27.0059     0.513     -2.65                                 KURHFS 
  3873.957   27.0059     0.513     -2.26                                 KURHFS 
  3873.959   27.0059     0.513     -2.00                                 KURHFS 
  3873.961   27.0059     0.513     -1.80                                 KURHFS 
  3873.962   27.0059     0.513     -1.64                                 KURHFS 
  3873.963   27.0059     0.513     -1.50                                 KURHFS 
  3873.982 607.01214     4.052     -3.04               7.650                    
  3873.984 607.01214     4.052     -2.08               7.650                    
  3873.990      66.1     0.100     -0.94                                 LAWLER 
  3873.991 607.01214     4.052     -2.34               7.650                    
  3873.995 607.01214     2.160     -1.83               7.650                    
  3873.999 607.01214     0.000     -1.12               7.650                    
  3874.001 607.01214     0.000     -1.38               7.650                    
  3874.001 607.01214     2.160     -2.13               7.650                    
  3874.003 607.01214     0.000     -2.08               7.650                    
  3874.022      24.0     3.011     -2.27                                        
  3874.037      92.1     0.036     -1.01                                        
  3874.054      26.0     2.277     -3.85                                        
  3874.068   65.1159     0.000     -4.04                                 LAWLER 
  3874.071 607.01214     2.700     -0.61               7.650                    
  3874.090   65.1159     0.000     -1.96                                 LAWLER 
  3874.091   65.1159     0.000     -4.10                                 LAWLER 
  3874.104 607.01214     0.766     -3.56               7.650                    
  3874.106   65.1159     0.000     -0.43                                 LAWLER 
  3874.120   65.1159     0.000     -1.84                                 LAWLER 
  3874.127      22.0     2.493     -0.60                                        
  3874.141   65.1159     0.000     -0.37                                 LAWLER 
  3874.146 607.01214     2.700     -0.63               7.650                    
  3874.154      42.0     3.300     -0.72                                        
  3874.154   65.1159     0.000     -1.96                                 LAWLER 
  3874.160      21.0     2.008     -1.57                               KURNOHFS 
  3874.165 607.01214     2.700     -3.60               7.650                    
  3874.167 607.01214     0.766      0.26               7.650                    
  3874.182   65.1159     0.000     -0.32                                 LAWLER 
  3874.227 607.01214     2.798     -3.74               7.650                    
  3874.228   65.1159     0.000     -0.26                                 LAWLER 
  3874.242 607.01214     0.766      0.25               7.650                    
  3874.247      22.0     2.776     -4.18                                        
  3874.253 607.01214     2.798     -0.47               7.650                    
  3874.264      21.0     2.562     -3.67                               KURNOHFS 
  3874.286 607.01214     2.428     -0.77               7.650                    
  3874.293 607.01214     4.051     -2.64               7.650                    
  3874.295 607.01214     4.051     -2.34               7.650                    
  3874.323   23.0051     1.944     -3.54                                 KURHFS 
  3874.323   23.0051     1.944     -3.79                                 KURHFS 
  3874.323   23.0051     1.944     -3.82                                 KURHFS 
  3874.326   23.0051     1.944     -3.35                                 KURHFS 
  3874.326   23.0051     1.944     -3.40                                 KURHFS 
  3874.326   23.0051     1.944     -3.79                                 KURHFS 
  3874.331   23.0051     1.944     -3.15                                 KURHFS 
  3874.331   23.0051     1.944     -3.26                                 KURHFS 
  3874.331   23.0051     1.944     -3.84                                 KURHFS 
  3874.335 607.01214     2.428     -0.80               7.650                    
  3874.337   23.0051     1.944     -2.95                                 KURHFS 
  3874.337   23.0051     1.944     -3.23                                 KURHFS 
  3874.337   23.0051     1.944     -3.97                                 KURHFS 
  3874.345   23.0051     1.944     -2.79                                 KURHFS 
  3874.345   23.0051     1.944     -3.29                                 KURHFS 
  3874.345   23.0051     1.944     -4.19                                 KURHFS 
  3874.348 607.01214     2.428     -3.43               7.650                    
  3874.350 607.01214     2.798     -0.49               7.650                    
  3874.354   23.0051     1.944     -2.65                                 KURHFS 
  3874.354   23.0051     1.944     -3.48                                 KURHFS 
  3874.354   23.0051     1.944     -4.60                                 KURHFS 
  3874.385 607.01214     3.832     -0.06               7.650                    
  3874.386 607.01214     2.521     -3.66               7.650                    
  3874.401      40.1     1.485     -1.90                                        
  3874.403 607.01214     3.451     -2.24               7.650                    
  3874.404      74.0     2.434     -0.15                                        
  3874.408 607.01214     2.521     -0.55               7.650                    
  3874.410 607.01214     3.451     -2.54               7.650                    
  3874.412 607.01214     2.199     -3.37               7.650                    
  3874.419      24.1     4.940     -4.02                                        
  3874.424 607.01214     2.199     -0.82               7.650                    
  3874.432      23.1     5.875     -3.11                                        
  3874.460 607.01214     2.199     -0.85               7.650                    
  3874.468      64.0     0.066     -1.06                                        
  3874.475      26.0     3.881     -2.24                                        
  3874.484 607.01214     2.521     -0.57               7.650                    
  3874.503      24.0     3.447     -0.72                                        
  3874.505      24.0     3.011      0.08                                        
  3874.527      21.0     1.942     -3.38                               KURNOHFS 
  3874.569      24.0     3.884     -2.76                                        
  3874.577      42.0     2.621     -2.40                                        
  3874.598   27.0059     2.040     -7.34                                 KURHFS 
  3874.598   27.0059     2.040     -7.53                                 KURHFS 
  3874.604   27.0059     2.040     -7.31                                 KURHFS 
  3874.604   27.0059     2.040     -7.32                                 KURHFS 
  3874.604   27.0059     2.040     -7.53                                 KURHFS 
  3874.605      71.0     0.512     -1.82                                        
  3874.608 607.01214     0.000     -1.38               7.650                    
  3874.611 607.01214     0.000     -1.68               7.650                    
  3874.614   27.0059     2.040     -7.18                                 KURHFS 
  3874.614   27.0059     2.040     -7.21                                 KURHFS 
  3874.614   27.0059     2.040     -7.31                                 KURHFS 
  3874.626   27.0059     2.040     -7.02                                 KURHFS 
  3874.626   27.0059     2.040     -7.17                                 KURHFS 
  3874.626   27.0059     2.040     -7.21                                 KURHFS 
  3874.627 607.01214     3.832     -0.07               7.650                    
  3874.641   27.0059     2.040     -6.85                                 KURHFS 
  3874.641   27.0059     2.040     -7.17                                 KURHFS 
  3874.641   27.0059     2.040     -7.18                                 KURHFS 
  3874.660   27.0059     2.040     -6.69                                 KURHFS 
  3874.660   27.0059     2.040     -7.18                                 KURHFS 
  3874.660   27.0059     2.040     -7.25                                 KURHFS 
  3874.679      58.1     1.013     -0.33                                BIEMONT 
  3874.681   27.0059     2.040     -6.54                                 KURHFS 
  3874.681   27.0059     2.040     -7.25                                 KURHFS 
  3874.681   27.0059     2.040     -7.47                                 KURHFS 
  3874.706   27.0059     2.040     -6.41                                 KURHFS 
  3874.706   27.0059     2.040     -7.47                                 KURHFS 
  3874.709 607.01214     0.740     -3.55               7.650                    
  3874.728 607.01214     3.832     -4.42               7.650                    
  3874.745      24.1     4.924     -3.76                                        
  3874.747      26.0     4.073     -4.01                                        
  3874.763      25.0     4.329     -3.85                                        
  3874.766      24.0     4.385     -2.22                                        
  3874.771 607.01214     0.740      0.25               7.650                    
  3874.809 607.01214     3.455     -3.26               7.650                    
  3874.813 607.01214     3.455     -1.71               7.650                    
  3874.825      68.0     0.624     -0.17                                        
  3874.827 607.01214     3.455     -1.83               7.650                    
  3874.844 607.01214     0.740      0.24               7.650                    
  3874.862      90.0     0.615     -0.34                                        
  3874.918      42.0     3.263     -1.79                                        
  3874.921 607.01214     3.419     -0.26               7.650                    
  3874.948      24.0     4.096     -2.09                                        
  3874.957      22.0     2.248     -3.02                                        
  3874.960 607.01214     2.193     -3.33               7.650                    
  3874.971 607.01214     2.193     -0.85               7.650                    
  3875.004 607.01214     2.193     -0.89               7.650                    
  3875.012      58.1     0.495     -0.84                                 LAWLER 
  3875.019      22.1     1.083     -4.72                                        
  3875.023      24.0     2.706     -0.07                                        
  3875.043      25.1     4.797     -8.25                                        
  3875.056      58.1     0.529     -0.74                                 LAWLER 
  3875.058   23.0051     0.040     -2.18                                 KURHFS 
  3875.059   23.0051     0.040     -1.90                                 KURHFS 
  3875.059   23.0051     0.040     -2.18                                 KURHFS 
  3875.059   23.0051     0.040     -3.20                                 KURHFS 
  3875.062   23.0051     0.040     -1.76                                 KURHFS 
  3875.062   23.0051     0.040     -1.90                                 KURHFS 
  3875.062   23.0051     0.040     -2.50                                 KURHFS 
  3875.066   23.0051     0.040     -1.69                                 KURHFS 
  3875.066   23.0051     0.040     -1.76                                 KURHFS 
  3875.066   23.0051     0.040     -2.05                                 KURHFS 
  3875.071   23.0051     0.040     -1.69                                 KURHFS 
  3875.071   23.0051     0.040     -1.69                                 KURHFS 
  3875.071   23.0051     0.040     -1.72                                 KURHFS 
  3875.077   23.0051     0.040     -1.46                                 KURHFS 
  3875.077   23.0051     0.040     -1.69                                 KURHFS 
  3875.077   23.0051     0.040     -1.75                                 KURHFS 
  3875.085   23.0051     0.040     -1.24                                 KURHFS 
  3875.085   23.0051     0.040     -1.75                                 KURHFS 
  3875.085   23.0051     0.040     -1.96                                 KURHFS 
  3875.093   23.0051     0.040     -1.05                                 KURHFS 
  3875.093   23.0051     0.040     -1.96                                 KURHFS 
  3875.103      26.0     4.214     -3.26                                        
  3875.114      24.0     3.407     -0.87                                        
  3875.115      24.0     3.011     -0.50                                        
  3875.125 607.01214     2.160     -2.13               7.650                    
  3875.126 607.01214     2.160     -1.83               7.650                    
  3875.141 607.01214     3.419     -0.27               7.650                    
  3875.155      27.1     2.727     -4.82                                        
  3875.160 607.01214     4.348     -0.01               7.650                    
  3875.163      28.0     3.830     -3.37                                        
  3875.180      62.1     0.378     -1.07                                 LAWLER 
  3875.201      22.1     4.891     -4.51                                        
  3875.211 607.01214     3.419     -4.35               7.650                    
  3875.218      21.0     2.567     -3.75                               KURNOHFS 
  3875.232      22.0     0.000     -2.23                                        
  3875.253      58.1     0.674     -0.77                                BIEMONT 
  3875.254      75.0     1.435     -1.09                                        
  3875.261      22.0     1.995      0.35                                        
  3875.264      23.0     1.375     -0.90                               KURNOHFS 
  3875.267 607.01214     3.474     -0.18               7.650                    
  3875.294 607.01214     0.714     -3.54               7.650                    
  3875.296      20.0     5.574     -2.48                                        
  3875.355 607.01214     0.714      0.24               7.650                    
  3875.373      90.0     1.290      0.26                                        
  3875.401 607.01214     4.347     -0.01               7.650                    
  3875.413   23.0051     1.063     -2.74                                 KURHFS 
  3875.413   23.0051     1.063     -3.58                                 KURHFS 
  3875.413   23.0051     1.063     -4.70                                 KURHFS 
  3875.413      41.0     1.489     -0.97                                        
  3875.417   23.0051     1.063     -2.88                                 KURHFS 
  3875.417   23.0051     1.063     -3.39                                 KURHFS 
  3875.417   23.0051     1.063     -4.29                                 KURHFS 
  3875.419 607.01214     2.188     -3.29               7.650                    
  3875.421   23.0051     1.063     -3.05                                 KURHFS 
  3875.421   23.0051     1.063     -3.33                                 KURHFS 
  3875.421   23.0051     1.063     -4.07                                 KURHFS 
  3875.423   23.0051     1.063     -3.25                                 KURHFS 
  3875.423   23.0051     1.063     -3.36                                 KURHFS 
  3875.423   23.0051     1.063     -3.94                                 KURHFS 
  3875.426   23.0051     1.063     -3.45                                 KURHFS 
  3875.426   23.0051     1.063     -3.50                                 KURHFS 
  3875.426   23.0051     1.063     -3.89                                 KURHFS 
  3875.426 607.01214     0.714      0.23               7.650                    
  3875.427   23.0051     1.063     -3.63                                 KURHFS 
  3875.427   23.0051     1.063     -3.89                                 KURHFS 
  3875.427   23.0051     1.063     -3.92                                 KURHFS 
  3875.429 607.01214     2.188     -0.89               7.650                    
  3875.450      64.1     0.522     -1.09                                 LAWLER 
  3875.455      26.1     4.491     -4.90                                        
  3875.459 607.01214     2.188     -0.93               7.650                    
  3875.470      24.0     4.385     -4.04                                        
  3875.493 607.01214     3.474     -0.19               7.650                    
  3875.512      24.0     3.392     -1.90                                        
  3875.527 607.01214     4.348     -4.51               7.650                    
  3875.539 607.01214     3.453     -3.13               7.650                    
  3875.540      62.1     0.184     -0.96                                 LAWLER 
  3875.542 607.01214     3.453     -1.83               7.650                    
  3875.551 607.01214     3.453     -1.98               7.650                    
  3875.554 607.01214     2.161     -2.53               7.650                    
  3875.557 607.01214     2.161     -1.57               7.650                    
  3875.560 607.01214     2.161     -1.83               7.650                    
  3875.572 607.01214     3.474     -4.36               7.650                    
  3875.575      24.0     2.706     -1.16                                        
  3875.599      23.0     3.071     -0.71                               KURNOHFS 
  3875.628 607.01214     3.570     -0.55               7.650                    
  3875.646      90.0     0.929     -0.98                                        
  3875.649      22.1     4.906     -2.07                                        
  3875.655      23.1     1.686     -2.18                                        
  3875.682      23.1     5.808     -3.81                                        
  3875.682      74.0     1.855     -0.90                                        
  3875.699      22.0     1.967     -5.24                                        
  3875.719      21.0     2.109     -1.88                               KURNOHFS 
  3875.720      60.1     0.204     -0.87                                 LAWLER 
  3875.728      22.0     2.083     -3.28                                        
  3875.734      24.0     3.077     -4.26                                        
  3875.752 607.01214     4.275     -1.48               7.650                    
  3875.757      22.0     2.133     -4.59                                        
  3875.762      41.0     0.142     -1.27                                        
  3875.765 607.01214     0.000     -1.68               7.650                    
  3875.766 607.01214     0.000     -1.38               7.650                    
  3875.776      20.0     2.524     -0.79                                        
  3875.784 607.01214     3.451     -2.54               7.650                    
  3875.785 607.01214     3.451     -2.24               7.650                    
  3875.789 607.01214     2.183     -3.25               7.650                    
  3875.798 607.01214     2.183     -0.93               7.650                    
  3875.804      20.0     2.524     -1.85                                        
  3875.825      22.0     1.429     -4.20                                        
  3875.825 607.01214     2.183     -0.97               7.650                    
  3875.826      20.0     2.524     -3.40                                        
  3875.833 607.01214     3.570     -0.56               7.650                    
  3875.858 607.01214     0.689     -3.53               7.650                    
  3875.860      60.1     0.380     -0.42                                 LAWLER 
  3875.864 607.01214     3.452     -2.94               7.650                    
  3875.865 607.01214     3.452     -1.98               7.650                    
  3875.871 607.01214     3.452     -2.24               7.650                    
  3875.879   23.0051     0.017     -2.33                                 KURHFS 
  3875.882   23.0051     0.017     -2.33                                 KURHFS 
  3875.882   23.0051     0.017     -2.51                                 KURHFS 
  3875.885 607.01214     3.570     -4.43               7.650                    
  3875.887   23.0051     0.017     -2.17                                 KURHFS 
  3875.887   23.0051     0.017     -2.63                                 KURHFS 
  3875.887   23.0051     0.017     -2.76                                 KURHFS 
  3875.893   23.0051     0.017     -2.16                                 KURHFS 
  3875.893   23.0051     0.017     -2.20                                 KURHFS 
  3875.893   23.0051     0.017     -3.19                                 KURHFS 
  3875.895 607.01214     2.162     -2.72               7.650                    
  3875.898 607.01214     2.162     -1.42               7.650                    
  3875.901   23.0051     0.017     -1.91                                 KURHFS 
  3875.901   23.0051     0.017     -2.32                                 KURHFS 
  3875.904 607.01214     2.162     -1.57               7.650                    
  3875.906      25.0     4.682     -3.42                                        
  3875.911   23.0051     0.017     -1.70                                 KURHFS 
  3875.917 607.01214     0.689      0.23               7.650                    
  3875.936 607.01214     4.358     -0.32               7.650                    
  3875.953 607.01214     4.275     -1.49               7.650                    
  3875.968 607.01214     3.432     -0.41               7.650                    
  3875.988 607.01214     0.689      0.23               7.650                    
  3875.995      58.1     0.600     -1.52                                 LAWLER 
  3876.000   23.0051     2.246     -7.66                                 KURHFS 
  3876.000   23.0051     2.246     -7.66                                 KURHFS 
  3876.000   23.0051     2.246     -7.96                                 KURHFS 
  3876.009   23.0051     2.246     -7.49                                 KURHFS 
  3876.009   23.0051     2.246     -7.52                                 KURHFS 
  3876.009   23.0051     2.246     -7.83                                 KURHFS 
  3876.021   23.0051     2.246     -7.24                                 KURHFS 
  3876.021   23.0051     2.246     -7.48                                 KURHFS 
  3876.021   23.0051     2.246     -8.08                                 KURHFS 
  3876.036   23.0051     2.246     -7.02                                 KURHFS 
  3876.036   23.0051     2.246     -7.64                                 KURHFS 
  3876.036   23.0051     2.246     -8.51                                 KURHFS 
  3876.040      26.0     1.010     -2.82                                        
  3876.060   23.0051     0.069     -2.33                                 KURHFS 
  3876.060   23.0051     0.069     -2.53                                 KURHFS 
  3876.062   23.0051     0.069     -2.31                                 KURHFS 
  3876.062   23.0051     0.069     -2.32                                 KURHFS 
  3876.062   23.0051     0.069     -2.53                                 KURHFS 
  3876.065   23.0051     0.069     -2.18                                 KURHFS 
  3876.065   23.0051     0.069     -2.20                                 KURHFS 
  3876.065   23.0051     0.069     -2.31                                 KURHFS 
  3876.070   23.0051     0.069     -2.01                                 KURHFS 
  3876.070   23.0051     0.069     -2.16                                 KURHFS 
  3876.070   23.0051     0.069     -2.20                                 KURHFS 
  3876.071 607.01214     2.179     -3.21               7.650                    
  3876.076   23.0051     0.069     -1.84                                 KURHFS 
  3876.076   23.0051     0.069     -2.16                                 KURHFS 
  3876.076   23.0051     0.069     -2.17                                 KURHFS 
  3876.079 607.01214     2.179     -0.97               7.650                    
  3876.082   23.0051     0.069     -1.68                                 KURHFS 
  3876.082   23.0051     0.069     -2.17                                 KURHFS 
  3876.082   23.0051     0.069     -2.25                                 KURHFS 
  3876.089 607.01214     3.432     -0.42               7.650                    
  3876.090   23.0051     0.069     -1.53                                 KURHFS 
  3876.090   23.0051     0.069     -2.25                                 KURHFS 
  3876.090   23.0051     0.069     -2.46                                 KURHFS 
  3876.097 607.01214     3.200     -0.46               7.650                    
  3876.099 607.01214     2.955     -0.53               7.650                    
  3876.100   23.0051     0.069     -1.40                                 KURHFS 
  3876.100   23.0051     0.069     -2.46                                 KURHFS 
  3876.100      44.0     1.732     -1.30                                        
  3876.103 607.01214     2.179     -1.02               7.650                    
  3876.106      55.0     0.000     -1.85                                        
  3876.114 607.01214     3.432     -3.70               7.650                    
  3876.126      58.1     0.608     -0.58                                 LAWLER 
  3876.127 607.01214     4.358     -0.32               7.650                    
  3876.133      92.0     0.000     -0.57                                        
  3876.146 607.01214     2.164     -2.85               7.650                    
  3876.147      24.0     2.897     -1.90                                        
  3876.150 607.01214     2.164     -1.30               7.650                    
  3876.157 607.01214     3.819     -0.81               7.650                    
  3876.160 607.01214     2.164     -1.42               7.650                    
  3876.175 607.01214     4.287     -4.45               7.650                    
  3876.192 607.01214     2.955     -0.55               7.650                    
  3876.193      23.0     2.053     -2.25                               KURNOHFS 
  3876.206 607.01214     3.200     -0.48               7.650                    
  3876.214 607.01214     2.955     -3.67               7.650                    
  3876.230 607.01214     3.200     -3.70               7.650                    
  3876.263 607.01214     2.175     -3.15               7.650                    
  3876.271 607.01214     2.175     -1.02               7.650                    
  3876.272      24.0     2.706     -2.39                                        
  3876.273 607.01214     4.358     -4.90               7.650                    
  3876.274 607.01214     4.287     -0.09               7.650                    
  3876.275      27.0     3.252     -7.63                               KURNOHFS 
  3876.289 607.01214     4.117     -1.19               7.650                    
  3876.292 607.01214     2.175     -1.08               7.650                    
  3876.309 607.01214     2.166     -2.95               7.650                    
  3876.311 607.01214     0.001     -2.08               7.650                    
  3876.313 607.01214     0.001     -1.12               7.650                    
  3876.314 607.01214     0.001     -1.38               7.650                    
  3876.314 607.01214     2.166     -1.22               7.650                    
  3876.326 607.01214     2.166     -1.30               7.650                    
  3876.358 607.01214     3.819     -0.82               7.650                    
  3876.367 607.01214     2.172     -3.10               7.650                    
  3876.374 607.01214     2.172     -1.08               7.650                    
  3876.383 607.01214     2.169     -3.03               7.650                    
  3876.388 607.01214     2.169     -1.14               7.650                    
  3876.392 607.01214     2.172     -1.14               7.650                    
  3876.401 607.01214     0.664     -3.53               7.650                    
  3876.401 607.01214     3.819     -4.58               7.650                    
  3876.404 607.01214     2.169     -1.22               7.650                    
  3876.433      42.0     2.593     -2.24                                        
  3876.460 607.01214     0.664      0.23               7.650                    
  3876.471      21.0     1.849     -4.68                               KURNOHFS 
  3876.479      22.0     2.736     -4.12                                        
  3876.481      26.0     4.188     -2.30                                        
  3876.489 607.01214     4.117     -1.20               7.650                    
  3876.490      25.0     5.334     -1.45                                        
  3876.503 607.01214     2.422     -0.80               7.650                    
  3876.526 607.01214     4.117     -4.88               7.650                    
  3876.529 607.01214     0.664      0.22               7.650                    
  3876.549 607.01214     2.422     -0.83               7.650                    
  3876.549 607.01214     4.287     -0.10               7.650                    
  3876.561 607.01214     2.422     -3.40               7.650                    
  3876.594 607.01214     2.510     -3.64               7.650                    
  3876.594 607.01214     4.070     -0.03               7.650                    
  3876.603 607.01214     3.418     -0.35               7.650                    
  3876.616 607.01214     2.510     -0.57               7.650                    
  3876.626      24.0     3.548     -3.14                                        
  3876.630      24.0     2.707     -0.97                                        
  3876.648      71.1     1.541     -1.05                                        
  3876.656 607.01214     3.863     -0.34               7.650                    
  3876.671      26.0     2.277     -2.63                                        
  3876.689 607.01214     2.510     -0.59               7.650                    
  3876.701      25.0     4.350     -1.75                                        
  3876.770      76.0     1.367     -0.79                                        
  3876.797 607.01214     3.863     -0.36               7.650                    
  3876.802   27.0059     0.431     -4.50                                 KURHFS 
  3876.803   27.0059     0.431     -4.28                                 KURHFS 
  3876.805   27.0059     0.431     -4.18                                 KURHFS 
  3876.807   27.0059     2.006     -1.69                                 KURHFS 
  3876.807   27.0059     2.006     -1.71                                 KURHFS 
  3876.807   27.0059     2.006     -1.84                                 KURHFS 
  3876.808   27.0059     0.431     -4.30                                 KURHFS 
  3876.809   27.0059     0.431     -4.13                                 KURHFS 
  3876.811   27.0059     0.431     -4.29                                 KURHFS 
  3876.814   27.0059     0.431     -4.14                                 KURHFS 
  3876.816   27.0059     0.431     -4.15                                 KURHFS 
  3876.816   27.0059     0.431     -4.50                                 KURHFS 
  3876.816 607.01214     3.418     -0.36               7.650                    
  3876.821   27.0059     0.431     -4.22                                 KURHFS 
  3876.822   27.0059     0.431     -3.99                                 KURHFS 
  3876.822 607.01214     3.863     -3.69               7.650                    
  3876.823   27.0059     0.431     -4.28                                 KURHFS 
  3876.828   27.0059     0.431     -4.44                                 KURHFS 
  3876.830   27.0059     0.431     -3.82                                 KURHFS 
  3876.832   27.0059     0.431     -4.18                                 KURHFS 
  3876.837 607.01214     0.003     -2.27               7.650                    
  3876.837 607.01214     4.070     -0.03               7.650                    
  3876.839   27.0059     0.431     -3.66                                 KURHFS 
  3876.841 607.01214     0.003     -0.97               7.650                    
  3876.841 607.01214     0.003     -1.12               7.650                    
  3876.843   27.0059     0.431     -4.13                                 KURHFS 
  3876.843   27.0059     2.006     -1.37                                 KURHFS 
  3876.843   27.0059     2.006     -1.69                                 KURHFS 
  3876.843   27.0059     2.006     -2.17                                 KURHFS 
  3876.850   27.0059     0.431     -3.51                                 KURHFS 
  3876.855   27.0059     0.431     -4.14                                 KURHFS 
  3876.861   27.0059     0.431     -3.37                                 KURHFS 
  3876.864      28.0     3.838     -1.39                                        
  3876.866 607.01214     3.594     -0.12               7.650                    
  3876.868   27.0059     0.431     -4.22                                 KURHFS 
  3876.875      75.0     1.954     -0.57                                        
  3876.879 607.01214     3.418     -4.36               7.650                    
  3876.883   27.0059     0.431     -4.44                                 KURHFS 
  3876.897      24.0     3.885     -2.14                                        
  3876.924 607.01214     0.640     -3.52               7.650                    
  3876.951 607.01214     4.070     -4.46               7.650                    
  3876.961      28.0     0.109     -3.82                                        
  3876.965      41.0     1.531     -0.33                                        
  3876.973      58.1     0.553     -0.67                                BIEMONT 
  3876.981 607.01214     0.640      0.22               7.650                    
  3876.987      21.1     7.418     -3.70                                        
  3876.990      27.1     5.171     -5.42                                        
  3877.056      27.0     3.684     -2.01                               KURNOHFS 
