Er II    3906       line list                                                   
  3903.859      12.0     4.343     -1.10                                    ADJ
  3903.898      26.0     2.988     -1.30                                    ADJ
  3904.005     106.0     0.190    -7.207               3.470                    
  3904.052      27.0      3.58    -0.554                                        
  3904.077      26.0      2.73     -3.10                                    ADJ 
  3904.083      90.1      0.51    -1.572                                        
  3904.098      25.0      5.11    -2.046                                        
  3904.113     106.0     0.190    -5.570               3.470                    
  3904.119      27.0      3.41    -1.338                                        
  3904.124      24.0      4.40    -2.089                                        
  3904.140      27.0      3.71    -3.973                                        
  3904.201      22.0      2.68    -2.504                                        
  3904.204      23.0      1.04    -6.524                                        
  3904.207      66.1      0.59     -1.38                                 LAWLER
  3904.257      28.0      3.31    -5.552                                        
  3904.290      27.0      3.17    -4.022                                        
  3904.295      92.1      1.04    -0.166                                        
  3904.302      25.0      4.69    -0.347                                        
  3904.319      21.0      1.43    -4.355                                        
  3904.337      58.1      0.55     -0.53                                BIEMONT 
  3904.377      23.0      2.06    -1.817                                        
  3904.381      24.0      3.98    -2.027                                        
  3904.427      23.0      1.80    -1.434                                        
  3904.464      23.0      1.80     -0.70                                    ADJ 
  3904.479      25.0      5.13    -3.857                                        
  3904.509      24.0      2.97    -3.627                                        
  3904.558     106.0     1.228    -4.700               3.470                    
  3904.558     106.0     1.228    -7.463               3.470                    
  3904.558      68.1      0.89    -0.555                                       
  3904.563      92.1      0.65    -0.827                                        
  3904.581      58.1      0.90     -1.39                                BIEMONT 
  3904.612     106.0     1.196    -3.499               3.470                    
  3904.616      26.1      9.17    -2.735                                        
  3904.625      28.0      0.42     -4.30                                    ADJ 
  3904.625      26.1     11.09    -1.921                                        
  3904.634     106.0     1.228    -4.715               3.470                    
  3904.634     106.0     1.228    -7.505               3.470                    
  3904.637      22.0      2.25    -2.842                                        
  3904.641     106.0     1.196    -3.521               3.470                    
  3904.657     106.0     0.732    -7.028               3.470                    
  3904.657      21.0      2.29    -0.752                                        
  3904.663     106.0     0.732    -4.779               3.470                    
  3904.699     106.0     1.196    -5.803               3.470                    
  3904.740     106.0     0.733    -4.751               3.470                    
  3904.746     106.0     0.733    -7.102               3.470                    
  3904.769      27.0      3.67    -2.687                                        
  3904.771      26.0      3.25    -3.318                                        
  3904.785      22.0      0.90     +0.15                                    ADJ 
  3904.831      27.0      3.63    -1.823                                        
  3904.837     106.0     0.708    -3.930               3.470                    
  3904.848      25.0      3.38    -3.738                                        
  3904.875      26.0      3.50     -2.10                                    ADJ
  3904.871      59.1      1.04    -0.762                                        
  3904.877      26.1      4.62    -4.417                                        
  3904.921      27.0      3.17    -4.622                                        
  3904.953      25.0      3.38    -3.748                                        
  3904.968      27.0      2.87    -3.559                                        
  3905.005      26.0      3.42     -2.30                                    ADJ 
  3905.021      26.0      3.25    -3.648                                        
  3905.026     106.0     0.708    -3.930               3.470                    
  3905.071      25.0      3.84    -1.211                                        
  3905.098      24.0      3.97    -3.425                                        
  3905.180      26.0      3.24     -2.40                                    ADJ 
  3905.186      90.1      1.67    -0.342                                        
  3905.206     106.0     0.709    -5.275               3.470                    
  3905.229      25.0      5.09    -0.537                                        
  3905.237     106.0     0.072    -8.162               3.470                    
  3905.289     106.0     0.709    -3.861               3.470                    
  3905.290      27.0      4.07    -1.549                                        
  3905.300      26.0      2.20    -5.131                                        
  3905.340     106.0     0.709    -5.275               3.470                    
  3905.413      26.1     10.52    -3.762                                        
  3905.424     106.0     0.709    -3.861               3.470                    
  3905.452      25.1      5.57    -3.730                                        
  3905.493     106.0     0.072    -8.162               3.470                    
  3905.505      67.1     0.079    -1.253                                 LAWLER 
  3905.506      67.1     0.079    -2.615                                 LAWLER 
  3905.523      14.0      1.91    -1.090      8.0                               
  3905.530      25.1      5.55    -4.057                                        
  3905.572      67.1     0.079    -2.615                                 LAWLER 
  3905.574      67.1     0.079    -1.333                                 LAWLER 
  3905.574      67.1     0.079    -2.390                                 LAWLER 
  3905.597      66.1      1.78    -0.153                                        
  3905.623      27.1      3.14    -5.333                                        
  3905.633      67.1     0.079    -2.301                                 LAWLER 
  3905.635      67.1     0.079    -1.414                                 LAWLER 
  3905.635      67.1     0.079    -2.390                                 LAWLER 
  3905.638      24.0      4.62    -3.060                                        
  3905.644      24.1      5.33    -0.903                                        
  3905.654      26.0      2.47    -5.849                                        
  3905.675     106.0     0.124    -1.178               3.470                    
  3905.686      67.1     0.079    -2.278                                 LAWLER 
  3905.688      67.1     0.079    -1.494                                 LAWLER 
  3905.689      67.1     0.079    -2.301                                 LAWLER 
  3905.690      26.1      9.83    -3.208                                        
  3905.716     106.0     0.124    -3.862               3.470                    
  3905.731      67.1     0.079    -2.309                                 LAWLER 
  3905.733      67.1     0.079    -1.571                                 LAWLER 
  3905.735      67.1     0.079    -2.278                                 LAWLER 
  3905.770      67.1     0.079    -2.404                                 LAWLER 
  3905.772      67.1     0.079    -1.640                                 LAWLER 
  3905.774      67.1     0.079    -2.309                                 LAWLER 
  3905.781      22.0      2.50    -3.005                                        
  3905.782      25.0      4.36    -1.435                                        
  3905.802      67.1     0.079    -2.628                                 LAWLER 
  3905.804      67.1     0.079    -1.695                                 LAWLER 
  3905.806      67.1     0.079    -2.404                                 LAWLER 
  3905.830      67.1     0.079    -1.725                                 LAWLER 
  3905.832      67.1     0.079    -2.628                                 LAWLER 
  3905.868     106.0     0.124    -3.865               3.470                    
  3905.869      60.1      0.20     -0.28                                 LAWLER 
  3905.879      24.1      4.94    -3.621                                        
  3905.905     106.0     0.124    -1.126               3.470                    
  3905.939     106.0     0.733    -4.779               3.470                    
  3905.952     106.0     0.733    -4.751               3.470                    
  3905.990     106.0     0.663    -5.447               3.470                    
  3905.998      26.1     10.87    -2.955                                        
  3906.003     106.0     0.663    -5.447               3.470                    
  3906.025      26.1      5.57     -1.90                                    ADJ 
  3906.088      60.1      0.20    -1.080                                        
  3906.205     106.0     1.197    -3.499               3.470                    
  3906.212      25.0      3.77    -6.318                                        
  3906.271      27.0      0.51    -4.076                                        
  3906.275      27.0      0.51    -3.599                                        
  3906.282      27.0      0.51    -3.377                                        
  3906.282      27.0      0.51    -3.231                                        
  3906.286      27.0      0.51    -3.122                                        
  3906.283      27.0      0.51    -3.035                                        
  3906.285     106.0     1.197    -3.521               3.470                    
  3906.293      27.0      0.51    -2.962                                        
  3906.307      68.1      0.00     +0.12                                 LAWLER 
  3906.313      25.1      4.82    -6.379                                        
  3906.307      27.0      0.51    -2.900                                        
  3906.358      23.0      2.06    -3.609                                        
  3906.386      24.0      2.54    -3.019                                        
  3906.432      21.0      2.30    -1.439                                        
  3906.475      26.0      0.11     -2.20                                    ADJ 
  3906.487      27.0      3.63    -3.406                                        
  3906.523      24.0      3.46    -0.335                                        
  3906.529      26.0      2.73    -3.773                                        
  3906.540      21.1      4.85    -2.313                                        
  3906.569      25.0      4.19    -3.351                                        
  3906.580      23.0      2.36    -2.810                                        
  3906.725      25.0      3.85    -4.202                                        
  3906.747      26.0      3.30    -0.955                                        
  3906.748      23.0      1.05    -2.199                                        
  3906.768      23.0      1.06    -3.503                                        
  3906.798      23.0      2.10    -2.240                                        
  3906.801      62.1      0.18     -2.06                                 LAWLER 
  3906.888      25.0      3.77    -5.239                                        
  3906.918      58.1      0.52     -0.83                                BIEMONT 
  3906.923      24.0      2.54    -3.158                                        
  3906.945      23.0      2.26    -0.414                                        
  3906.957      26.1      9.83    -1.540                                        
  3906.958      26.0      3.28     -2.25                                    ADJ 
  3906.978      23.0      1.19    -1.446                                        
 3907.0403   63.1151     0.207    -0.374                               LAWLER151
 3907.0744   63.1151     0.207    -0.542                               LAWLER151
  3907.081      26.0      2.18    -6.966
 3907.0872   63.1151     0.207    -1.186                               LAWLER151
 3907.0889   63.1153     0.207    -0.374                               LAWLER153
 3907.1023   63.1151     0.207    -0.742                               LAWLER151
 3907.1050   63.1153     0.207    -0.542                               LAWLER153
 3907.1097   63.1153     0.207    -1.186                               LAWLER153
 3907.1127   63.1151     0.207    -1.020                               LAWLER151
 3907.1172   63.1153     0.207    -0.742                               LAWLER153 3907.1304   63.1153     0.207    -1.010                               LAWLER153
 3907.1220   63.1153     0.207    -1.021                               LAWLER153
 3907.1244   63.1151     0.207    -0.994                               LAWLER151
 3907.1255   63.1151     0.207    -2.282                               LAWLER151
 3907.1263   63.1153     0.207    -0.994                               LAWLER153
 3907.1268   63.1153     0.207    -2.283                               LAWLER153
 3907.1321   63.1151     0.207    -1.010                               LAWLER151
 3907.1331   63.1153     0.207    -1.358                               LAWLER153
 3907.1353   63.1153     0.207    -1.918                               LAWLER153
 3907.1358   63.1153     0.207    -1.096                               LAWLER153
 3907.1388   63.1153     0.207    -1.261                               LAWLER153
 3907.1399   63.1153     0.207    -1.772                               LAWLER153
 3907.1410   63.1151     0.207    -1.358                               LAWLER151
 3907.1415   63.1153     0.207    -1.806                               LAWLER153
 3907.1425   63.1151     0.207    -1.918                               LAWLER151
 3907.1457   63.1151     0.207    -1.096                               LAWLER151
 3907.1534   63.1151     0.207    -1.772                               LAWLER151
 3907.1538   63.1151     0.207    -1.261                               LAWLER151
 3907.1585   63.1151     0.207    -1.805                               LAWLER151
  3907.220      26.0      3.50     -2.70                                   FAKE
  3907.267      24.0      4.62    -2.819
  3907.278      58.1      1.11     +0.40                                    ADJ
  3907.308      24.0      2.97    -3.156
  3907.338      26.0      3.30     -4.00                                    ADJ
  3907.352     106.0     0.692    -3.987               3.470                    
  3907.399      22.0      2.50    -2.555                                        
  3907.409      25.0      3.77    -6.522                                        
  3907.426      26.1      9.84    -4.377                                        
  3907.434      58.1      0.52     -0.48                                BIEMONT 
  3907.465      26.0      2.76    -2.933                                        
  3907.482     106.0     0.387    -5.952               3.470                    
  3907.474      21.0      0.00     0.699                                        
  3907.514     106.0     0.692    -3.987               3.470                    
  3907.520      23.1      3.12    -1.852                                        
  3907.588     106.0     0.784    -7.055               3.470                    
  3907.595      23.0      2.04    -2.059                                        
  3907.607     106.0     0.387    -6.808               3.470                    
  3907.624     106.0     0.784    -4.750               3.470                    
  3907.653     106.0     0.784    -4.724               3.470                    
  3907.662     106.0     0.387    -5.952               3.470                    
  3907.666      22.1      2.06     -1.80                                    ADJ 
  3907.670      28.0      3.61    -2.073                                        
  3907.690     106.0     0.784    -7.125               3.470                    
  3907.690      60.1      0.20    -0.920                                        
  3907.702      27.0      3.28    -4.887                                        
  3907.716      26.1     10.90    -4.240                                        
  3907.757      24.0      3.85     -1.10                                    ADJ 
  3907.764     106.0     0.033    -1.728               3.470                    
  3907.776     106.0     0.692    -5.182               3.470                    
  3907.788     106.0     0.387    -6.808               3.470                    
  3907.791     106.0     0.033    -4.702               3.470                    
  3907.811     106.0     1.231    -4.700               3.470                    
  3907.820      25.0      3.77    -5.461                                        
  3907.821      25.0      3.13    -4.080                                        
  3907.837      60.1      0.56     -0.26                                 LAWLER 
  3907.882     106.0     0.692    -5.182               3.470                    
  3907.887     106.0     1.231    -7.505               3.470                    
  3907.889     106.0     0.692    -3.905               3.470                    
  3907.893      26.1      9.83    -2.047                                        
  3907.924     106.0     1.231    -7.463               3.470                    
  3907.934      26.0      2.76    -1.059                                        
  3907.986     106.0     0.388    -5.837               3.470                    
  3907.995     106.0     0.692    -3.905               3.470                    
  3908.000     106.0     1.231    -4.715               3.470                    
