Tc I     4297.1       line list
  4294.038      26.0     2.557     -2.64                                        
  4294.066      25.1     5.376     -6.22                                        
  4294.099      22.1     1.083     -1.11                                        
  4294.099      74.0     1.649     -1.10                                        
  4294.109 106.00112     1.015     -4.37               3.470               Plez 
  4294.125      26.0     1.484     -1.11                                        
  4294.146 106.00112     0.709     -1.72               3.470               Plez 
  4294.146 106.00113     0.709     -1.72               3.470               Plez 
  4294.177      60.1     0.932     -0.73                                        
  4294.186      25.0     4.255     -3.80                                        
  4294.272      22.0     2.316     -1.76                                        
  4294.337      23.0     3.275     -4.39                               KURNOHFS 
  4294.350 106.00112     0.709     -1.72               3.470               Plez 
  4294.350 106.00113     0.709     -1.72               3.470               Plez 
  4294.380      73.0     1.654     -1.24                                        
  4294.431 106.00113     0.709     -2.97               3.470               Plez 
  4294.452      22.0     3.176     -1.57                                        
  4294.457      25.0     5.345     -3.54                                        
  4294.533 106.00113     0.388     -5.24               3.470               Plez 
  4294.553      27.1     5.171     -6.56                                        
  4294.581 106.00112     0.709     -2.97               3.470               Plez 
  4294.605      74.0     0.366     -0.73                                        
  4294.607 106.00113     0.709     -2.97               3.470               Plez 
  4294.655 106.00112     0.709     -1.66               3.470               Plez 
  4294.677 106.00113     0.709     -1.66               3.470               Plez 
  4294.688      22.1     5.203     -2.75                                        
  4294.708      22.0     2.304     -2.25                                        
  4294.723 106.00113     0.521     -3.51               3.470               Plez 
  4294.756 106.00112     0.709     -2.97               3.470               Plez 
  4294.764   21.1045     0.605     -2.50                                 KURHFS 
  4294.764   21.1045     0.605     -2.53                                 KURHFS 
  4294.764   21.1045     0.605     -2.56                                 KURHFS 
  4294.764   21.1045     0.605     -2.75                                 KURHFS 
  4294.765   21.1045     0.605     -2.63                                 KURHFS 
  4294.765   21.1045     0.605     -2.85                                 KURHFS 
  4294.766   21.1045     0.605     -3.33                                 KURHFS 
  4294.766   21.1045     0.605     -3.48                                 KURHFS 
  4294.767   21.1045     0.605     -2.46                                 KURHFS 
  4294.767   21.1045     0.605     -2.85                                 KURHFS 
  4294.767   21.1045     0.605     -2.85                                 KURHFS 
  4294.768   21.1045     0.605     -1.95                                 KURHFS 
  4294.768   21.1045     0.605     -2.17                                 KURHFS 
  4294.768   21.1045     0.605     -2.63                                 KURHFS 
  4294.769   21.1045     0.605     -2.53                                 KURHFS 
  4294.770   21.1045     0.605     -2.50                                 KURHFS 
  4294.771   21.1045     0.605     -2.56                                 KURHFS 
  4294.772   21.1045     0.605     -2.75                                 KURHFS 
  4294.782      72.0     0.292     -1.31                                        
  4294.789      40.0     0.686     -0.53                                        
  4294.789      44.0     1.062     -1.21                                        
  4294.832 106.00112     0.709     -1.66               3.470               Plez 
  4294.833      24.0     3.090     -2.20                                        
  4294.854 106.00113     0.709     -1.66               3.470               Plez 
  4294.897      58.1     0.807     -1.40                                 LAWLER 
  4294.907      26.0     3.265     -2.73                                        
  4294.930      66.1     2.090      0.04                                 LAWLER 
  4294.941 106.00113     0.463     -3.49               3.470               Plez 
  4294.994 106.00112     0.521     -3.45               3.470               Plez 
  4294.996      22.0     2.238     -1.62                                        
  4295.013      26.0     4.188     -4.46                                        
  4295.029 106.00112     0.521     -1.05               3.470               Plez 
  4295.036      90.1     2.202     -0.28                                        
  4295.064      27.0     3.574     -3.77                               KURNOHFS 
  4295.072 106.00112     0.521     -1.08               3.470               Plez 
  4295.086      24.0     3.165     -2.97                                        
  4295.105      23.0     2.573     -1.75                               KURNOHFS 
  4295.107 106.00112     0.521     -3.51               3.470               Plez 
  4295.127 106.00113     0.521     -1.05               3.470               Plez 
  4295.134 106.00112     0.463     -3.42               3.470               Plez 
  4295.138   23.0051     1.349     -6.92                                 KURHFS 
  4295.141   23.0051     1.349     -6.63                                 KURHFS 
  4295.141   23.0051     1.349     -6.89                                 KURHFS 
  4295.146   23.0051     1.349     -6.45                                 KURHFS 
  4295.146   23.0051     1.349     -6.89                                 KURHFS 
  4295.146   23.0051     1.349     -6.94                                 KURHFS 
  4295.153   23.0051     1.349     -6.35                                 KURHFS 
  4295.153   23.0051     1.349     -6.50                                 KURHFS 
  4295.153   23.0051     1.349     -7.06                                 KURHFS 
  4295.163   23.0051     1.349     -6.25                                 KURHFS 
  4295.163   23.0051     1.349     -6.33                                 KURHFS 
  4295.163   23.0051     1.349     -7.29                                 KURHFS 
  4295.166 106.00113     0.521     -1.08               3.470               Plez 
  4295.175   23.0051     1.349     -6.05                                 KURHFS 
  4295.175   23.0051     1.349     -6.39                                 KURHFS 
  4295.175   23.0051     1.349     -7.70                                 KURHFS 
  4295.190   23.0051     1.349     -5.88                                 KURHFS 
  4295.190   23.0051     1.349     -6.58                                 KURHFS 
  4295.203 106.00112     0.463     -1.10               3.470               Plez 
  4295.207   23.0051     1.349     -5.74                                 KURHFS 
  4295.220      60.1     0.742     -1.36                                 LAWLER 
  4295.241 106.00112     0.463     -1.08               3.470               Plez 
  4295.291 106.00113     0.463     -1.10               3.470               Plez 
  4295.299      24.1     3.884     -5.37                                        
  4295.310 106.00112     0.463     -3.49               3.470               Plez 
  4295.336 106.00113     0.463     -1.08               3.470               Plez 
  4295.378      23.0     1.375     -5.56                               KURNOHFS 
  4295.396      24.0     4.614     -1.46                                        
  4295.400 106.00113     1.365     -3.71               3.470               Plez 
  4295.407      26.0     4.214     -3.04                                        
  4295.462      22.0     2.304     -2.11                                        
  4295.513 106.00113     1.291     -3.69               3.470               Plez 
  4295.570 106.00113     0.521     -3.45               3.470               Plez 
  4295.631      41.0     1.531     -0.61                                        
  4295.684 106.00113     0.463     -3.42               3.470               Plez 
  4295.708      62.1     0.434     -1.95                                        
  4295.749      22.0     0.812     -0.45                                        
  4295.749      24.0     2.706     -0.72                                        
  4295.764      22.0     1.967     -2.62                                        
  4295.768      25.0     4.662     -2.20                                        
  4295.807      22.0     3.109     -3.31                                        
  4295.821 106.00113     1.219     -3.67               3.470               Plez 
  4295.821      26.0     4.206     -3.14                                        
  4295.828      24.0     3.102     -2.17                                        
  4295.881      28.0     3.838     -0.48                                        
  4295.903   23.0051     1.852     -3.81                                 KURHFS 
  4295.906   23.0051     1.852     -3.69                                 KURHFS 
  4295.906   23.0051     1.852     -4.26                                 KURHFS 
  4295.911   23.0051     1.852     -3.57                                 KURHFS 
  4295.911   23.0051     1.852     -4.05                                 KURHFS 
  4295.911   23.0051     1.852     -5.26                                 KURHFS 
  4295.917   23.0051     1.852     -3.46                                 KURHFS 
  4295.917   23.0051     1.852     -3.95                                 KURHFS 
  4295.917   23.0051     1.852     -5.05                                 KURHFS 
  4295.924      22.0     3.177     -1.46                                        
  4295.925   23.0051     1.852     -3.36                                 KURHFS 
  4295.925   23.0051     1.852     -3.92                                 KURHFS 
  4295.925   23.0051     1.852     -5.03                                 KURHFS 
  4295.926      44.0     1.130     -0.84                                        
  4295.935   23.0051     1.852     -3.26                                 KURHFS 
  4295.935   23.0051     1.852     -3.93                                 KURHFS 
  4295.935   23.0051     1.852     -5.11                                 KURHFS 
  4295.946   23.0051     1.852     -3.17                                 KURHFS 
  4295.946   23.0051     1.852     -4.02                                 KURHFS 
  4295.946   23.0051     1.852     -5.30                                 KURHFS 
  4295.959   23.0051     1.852     -3.09                                 KURHFS 
  4295.959   23.0051     1.852     -4.23                                 KURHFS 
  4295.959   23.0051     1.852     -5.69                                 KURHFS 
  4295.965 106.00113     1.430     -4.23               3.470               Plez 
  4296.002      71.0     0.926     -0.65                                        
  4296.028   23.0051     2.113     -2.92                                 KURHFS 
  4296.028   23.0051     2.113     -3.21                                 KURHFS 
  4296.028   23.0051     2.113     -3.40                                 KURHFS 
  4296.028   23.0051     2.113     -3.40                                 KURHFS 
  4296.028   23.0051     2.113     -3.43                                 KURHFS 
  4296.028   23.0051     2.113     -3.43                                 KURHFS 
  4296.028   23.0051     2.113     -3.47                                 KURHFS 
  4296.028   23.0051     2.113     -3.47                                 KURHFS 
  4296.028   23.0051     2.113     -3.61                                 KURHFS 
  4296.028   23.0051     2.113     -3.61                                 KURHFS 
  4296.028   23.0051     2.113     -3.61                                 KURHFS 
  4296.028   23.0051     2.113     -3.67                                 KURHFS 
  4296.028   23.0051     2.113     -3.67                                 KURHFS 
  4296.028   23.0051     2.113     -3.92                                 KURHFS 
  4296.028   23.0051     2.113     -4.33                                 KURHFS 
  4296.028   23.0051     2.113     -5.57                                 KURHFS 
  4296.044 106.00112     1.365     -3.67               3.470               Plez 
  4296.051   23.0051     2.129     -1.02                                 KURHFS 
  4296.051      58.1     0.822     -0.85                                 LAWLER 
  4296.054      57.1     0.772     -0.58                                        
  4296.056   23.0051     2.129     -0.90                                 KURHFS 
  4296.056   23.0051     2.129     -1.47                                 KURHFS 
  4296.059 106.00112     0.388     -5.24               3.470               Plez 
  4296.060      64.1     0.499     -0.54                                 LAWLER 
  4296.063   23.0051     2.129     -0.78                                 KURHFS 
  4296.063   23.0051     2.129     -1.26                                 KURHFS 
  4296.063   23.0051     2.129     -2.47                                 KURHFS 
  4296.073   23.0051     2.129     -0.67                                 KURHFS 
  4296.073   23.0051     2.129     -1.16                                 KURHFS 
  4296.073   23.0051     2.129     -2.26                                 KURHFS 
  4296.083      58.1     1.106     -0.23                                BIEMONT 
  4296.085   23.0051     2.129     -0.56                                 KURHFS 
  4296.085   23.0051     2.129     -1.12                                 KURHFS 
  4296.085   23.0051     2.129     -2.23                                 KURHFS 
  4296.087      14.0     4.950     -2.73                                        
  4296.087      24.0     4.613     -0.65                                        
  4296.100   23.0051     2.129     -0.47                                 KURHFS 
  4296.100   23.0051     2.129     -1.14                                 KURHFS 
  4296.100   23.0051     2.129     -2.31                                 KURHFS 
  4296.102 106.00112     1.291     -3.64               3.470               Plez 
  4296.111      23.0     3.296     -3.73                               KURNOHFS 
  4296.117   23.0051     2.129     -0.38                                 KURHFS 
  4296.117   23.0051     2.129     -1.22                                 KURHFS 
  4296.117   23.0051     2.129     -2.50                                 KURHFS 
  4296.137   23.0051     2.129     -0.29                                 KURHFS 
  4296.137   23.0051     2.129     -1.44                                 KURHFS 
  4296.137   23.0051     2.129     -2.89                                 KURHFS 
  4296.146 106.00112     1.365     -3.71               3.470               Plez 
  4296.157 106.00113     1.483     -4.27               3.470               Plez 
  4296.158      42.0     3.165     -0.84                                        
  4296.183 106.00112     0.347     -1.93               3.470               Plez 
  4296.187      27.1     3.007     -4.82                                        
  4296.192 106.00113     1.430     -2.07               3.470               Plez 
  4296.198      24.1     5.326     -5.35                                        
  4296.212 106.00112     1.291     -3.69               3.470               Plez 
  4296.216 106.00112     1.442     -3.69               3.470               Plez 
  4296.224      76.0     1.656     -1.71                                        
  4296.225 106.00112     0.347     -1.93               3.470               Plez 
  4296.238 106.00113     0.347     -1.93               3.470               Plez 
  4296.249 106.00113     1.430     -2.09               3.470               Plez 
  4296.276      24.0     3.090     -1.58                                        
  4296.281 106.00113     0.347     -1.93               3.470               Plez 
  4296.286      25.1     5.832     -5.72                                        
  4296.299 106.00113     1.149     -3.65               3.470               Plez 
  4296.306      64.1     1.657     -0.20                                        
  4296.327 106.00113     1.381     -4.20               3.470               Plez 
  4296.360 106.00112     1.219     -3.62               3.470               Plez 
  4296.366      58.1     0.808     -0.71                                BIEMONT 
  4296.373 106.00113     1.483     -2.05               3.470               Plez 
  4296.379 106.00113     1.365     -3.67               3.470               Plez 
  4296.380      24.0     3.847     -2.65                                        
  4296.392      26.0     4.188     -3.83                                        
  4296.412      27.0     3.574     -2.80                               KURNOHFS 
  4296.452      72.0     0.684     -1.68                                        
  4296.462 106.00113     1.483     -2.08               3.470               Plez 
  4296.469 106.00113     1.291     -3.64               3.470               Plez 
  4296.478 106.00112     1.219     -3.67               3.470               Plez 
  4296.506 106.00113     1.442     -3.69               3.470               Plez 
  4296.525      26.0     4.555     -3.18                                        
  4296.563 106.00113     1.381     -2.08               3.470               Plez 
  4296.572      26.1     2.702     -3.01                                        
  4296.576      26.0     4.217     -3.39                                        
  4296.581      28.0     4.161     -3.19                                        
  4296.587 106.00113     1.381     -2.10               3.470               Plez 
  4296.608 106.00112     0.008     -1.89               3.470               Plez 
  4296.612      24.0     3.847     -1.00                                        
  4296.619      42.0     2.068     -1.89                                        
  4296.654 106.00112     0.008     -1.89               3.470               Plez 
  4296.654 106.00113     0.464     -3.49               3.470               Plez 
  4296.681      58.1     0.516      0.17                                 LAWLER 
  4296.687 106.00112     1.430     -2.07               3.470               Plez 
  4296.687 106.00112     1.430     -2.09               3.470               Plez 
  4296.698 106.00113     0.008     -1.89               3.470               Plez 
  4296.707      38.1     6.602     -0.72                                        
  4296.739      62.0     0.498      0.87                                        
  4296.744 106.00113     0.008     -1.89               3.470               Plez 
  4296.750      40.1     1.755     -1.03                                        
  4296.753 106.00113     1.219     -3.62               3.470               Plez 
  4296.759      26.0     4.206     -4.26                                        
  4296.763      45.0     1.675     -1.23                                        
  4296.774      26.0     4.280     -4.11                                        
  4296.779      58.1     0.857     -0.04                                 LAWLER 
  4296.792 106.00112     1.149     -3.60               3.470               Plez 
  4296.794 106.00112     1.430     -4.23               3.470               Plez 
  4296.907 106.00112     0.464     -3.42               3.470               Plez 
  4296.918 106.00112     1.149     -3.65               3.470               Plez 
  4296.918 106.00113     1.082     -3.63               3.470               Plez 
  4296.918      23.1     6.529     -2.92                                        
  4296.934 106.00112     1.483     -2.05               3.470               Plez 
  4296.953 106.00112     0.464     -1.08               3.470               Plez 
  4296.957 106.00112     1.483     -2.08               3.470               Plez 
  4296.970      28.0     4.150     -1.58                                        
  4296.975 106.00112     0.464     -1.10               3.470               Plez 
  4296.979 106.00112     1.381     -2.10               3.470               Plez 
  4296.982      24.0     0.941     -5.79                                        
  4296.992 106.00113     0.410     -3.46               3.470               Plez 
  4297.001 106.00112     1.381     -2.08               3.470               Plez 
  4297.023 106.00112     0.464     -3.49               3.470               Plez 
  4297.046      24.0     2.707     -1.03                                        
  4297.047 106.00113     0.464     -1.08               3.470               Plez 
  4297.058 106.00112     1.483     -4.27               3.470               Plez 
  4297.06       43.0     0.000     -0.19                                PALMERI
  4297.064 106.00113     0.464     -1.10               3.470               Plez 
  4297.082      23.1     6.551     -4.73                                        
  4297.090      22.0     3.164     -3.06                                        
  4297.093 106.00112     1.381     -4.20               3.470               Plez 
  4297.099      23.0     1.891     -1.60                               KURNOHFS 
  4297.105      92.1     0.036     -1.80                                        
  4297.163 106.00112     0.410     -3.39               3.470               Plez 
  4297.170      64.1     1.405     -0.19                                 LAWLER 
  4297.186      27.1     3.083     -5.24                                        
  4297.197 106.00113     1.333     -4.17               3.470               Plez 
  4297.204 106.00113     1.149     -3.60               3.470               Plez 
  4297.224 106.00112     0.410     -1.13               3.470               Plez 
  4297.267 106.00113     0.348     -2.61               3.470               Plez 
  4297.285 106.00112     0.348     -2.61               3.470               Plez 
  4297.287 106.00112     0.410     -1.10               3.470               Plez 
  4297.296 106.00113     0.348     -2.61               3.470               Plez 
  4297.306 106.00113     0.410     -1.13               3.470               Plez 
  4297.306      90.0     1.387     -0.41                                        
  4297.315 106.00112     0.348     -2.61               3.470               Plez 
  4297.340      60.1     0.204     -1.52                                 LAWLER 
  4297.346 106.00112     0.410     -3.46               3.470               Plez 
  4297.370 106.00112     1.082     -3.57               3.470               Plez 
  4297.376 106.00113     0.410     -1.10               3.470               Plez 
  4297.402      23.1     6.453     -2.23                                        
  4297.429 106.00113     1.333     -2.12               3.470               Plez 
  4297.435 106.00113     1.333     -2.10               3.470               Plez 
  4297.457 106.00113     0.464     -3.42               3.470               Plez 
  4297.493      26.0     4.368     -3.49                                        
  4297.494 106.00112     0.348     -1.78               3.470               Plez 
  4297.503 106.00112     1.082     -3.63               3.470               Plez 
  4297.517      28.0     3.396     -3.24                                        
  4297.522 106.00112     0.348     -1.78               3.470               Plez 
  4297.579 106.00113     0.348     -1.78               3.470               Plez 
  4297.607 106.00113     0.348     -1.78               3.470               Plez 
  4297.610      56.1     5.693     -3.65                                        
  4297.634      42.0     3.221     -1.31                                        
  4297.635 106.00113     1.432     -4.24               3.470               Plez 
  4297.648   23.0051     2.121     -1.52                                 KURHFS 
  4297.650   23.0051     2.121     -1.25                                 KURHFS 
  4297.650   23.0051     2.121     -1.45                                 KURHFS 
  4297.654   23.0051     2.121     -1.05                                 KURHFS 
  4297.654   23.0051     2.121     -1.25                                 KURHFS 
  4297.654   23.0051     2.121     -2.15                                 KURHFS 
  4297.657 106.00113     1.017     -3.60               3.470               Plez 
  4297.659   23.0051     2.121     -0.88                                 KURHFS 
  4297.659   23.0051     2.121     -1.15                                 KURHFS 
  4297.659   23.0051     2.121     -1.99                                 KURHFS 
  4297.665   23.0051     2.121     -0.73                                 KURHFS 
  4297.665   23.0051     2.121     -1.10                                 KURHFS 
  4297.665   23.0051     2.121     -1.99                                 KURHFS 
  4297.674   23.0051     2.121     -0.60                                 KURHFS 
  4297.674   23.0051     2.121     -1.11                                 KURHFS 
  4297.674   23.0051     2.121     -2.09                                 KURHFS 
  4297.684   23.0051     2.121     -0.49                                 KURHFS 
  4297.684   23.0051     2.121     -1.18                                 KURHFS 
  4297.684   23.0051     2.121     -2.29                                 KURHFS 
  4297.686 106.00113     0.410     -3.39               3.470               Plez 
  4297.696   23.0051     2.121     -0.38                                 KURHFS 
  4297.696   23.0051     2.121     -1.39                                 KURHFS 
  4297.696   23.0051     2.121     -2.69                                 KURHFS 
  4297.708      44.0     1.002     -0.05                                        
  4297.732      24.0     3.847      0.25                                        
  4297.755 106.00112     0.009     -2.60               3.470               Plez 
  4297.768 106.00113     0.009     -2.60               3.470               Plez 
  4297.770      59.1     0.000     -0.43                                LINOHFS 
  4297.780      60.1     0.380     -0.82                                 LAWLER 
  4297.782 106.00112     1.333     -2.12               3.470               Plez 
  4297.786 106.00112     0.009     -2.60               3.470               Plez 
  4297.795 106.00113     1.082     -3.57               3.470               Plez 
  4297.799 106.00113     0.009     -2.60               3.470               Plez 
  4297.827 106.00112     1.333     -2.10               3.470               Plez 
  4297.830 106.00113     1.382     -4.20               3.470               Plez 
  4297.894   27.0059     3.772     -2.86                                 KURHFS 
  4297.894   27.0059     3.772     -2.86                                 KURHFS 
  4297.894   27.0059     3.772     -3.16                                 KURHFS 
  4297.906 106.00112     1.333     -4.17               3.470               Plez 
  4297.907   27.0059     3.772     -2.70                                 KURHFS 
  4297.907   27.0059     3.772     -2.73                                 KURHFS 
  4297.907   27.0059     3.772     -3.04                                 KURHFS 
  4297.917 106.00113     1.432     -2.07               3.470               Plez 
  4297.924   27.0059     3.772     -2.44                                 KURHFS 
  4297.924   27.0059     3.772     -2.69                                 KURHFS 
  4297.924   27.0059     3.772     -3.29                                 KURHFS 
  4297.946   27.0059     3.772     -2.23                                 KURHFS 
  4297.946   27.0059     3.772     -2.85                                 KURHFS 
  4297.946   27.0059     3.772     -3.72                                 KURHFS 
  4297.967 106.00112     0.009     -1.75               3.470               Plez 
  4297.995 106.00113     1.484     -4.27               3.470               Plez 
  4297.997 106.00112     0.009     -1.75               3.470               Plez 
  4298.017 106.00113     1.432     -2.09               3.470               Plez 
  4298.028   23.0051     2.113     -0.39                                 KURHFS 
  4298.028   23.0051     2.113     -0.53                                 KURHFS 
  4298.028   23.0051     2.113     -0.69                                 KURHFS 
  4298.028   23.0051     2.113     -0.89                                 KURHFS 
  4298.028   23.0051     2.113     -0.98                                 KURHFS 
  4298.028   23.0051     2.113     -1.00                                 KURHFS 
  4298.028   23.0051     2.113     -1.03                                 KURHFS 
  4298.028   23.0051     2.113     -1.09                                 KURHFS 
  4298.028   23.0051     2.113     -1.15                                 KURHFS 
  4298.028   23.0051     2.113     -1.23                                 KURHFS 
  4298.028   23.0051     2.113     -1.28                                 KURHFS 
  4298.028   23.0051     2.113     -1.54                                 KURHFS 
  4298.028   23.0051     2.113     -1.54                                 KURHFS 
  4298.028   23.0051     2.113     -1.57                                 KURHFS 
  4298.028   23.0051     2.113     -1.59                                 KURHFS 
  4298.028   23.0051     2.113     -1.71                                 KURHFS 
  4298.028   23.0051     2.113     -1.93                                 KURHFS 
  4298.028   23.0051     2.113     -2.34                                 KURHFS 
  4298.035      24.0     4.614     -0.19                                        
  4298.037      26.0     3.045     -1.37                                        
  4298.071 106.00112     1.017     -3.55               3.470               Plez 
  4298.091 106.00113     0.009     -1.75               3.470               Plez 
  4298.097      26.0     3.045     -5.89                                        
  4298.111 106.00113     1.382     -2.08               3.470               Plez 
  4298.120 106.00113     0.009     -1.75               3.470               Plez 
  4298.171      24.0     4.443     -0.80                                        
  4298.178      22.0     3.059     -2.18                                        
  4298.179      20.0     4.776     -3.39                                        
  4298.181 106.00113     1.382     -2.10               3.470               Plez 
  4298.188      20.0     4.760     -2.47                                        
  4298.201      26.0     3.109     -1.52                                        
  4298.211 106.00112     1.017     -3.60               3.470               Plez 
  4298.222      23.0     2.573     -1.33                               KURNOHFS 
  4298.263      25.0     4.270     -1.04                                        
  4298.281 106.00113     1.484     -2.05               3.470               Plez 
  4298.283      74.1     2.879     -1.36                                        
  4298.296      28.0     3.594     -4.56                                        
  4298.328      30.0     5.791     -2.13                                        
  4298.340      20.0     6.022     -6.49                                        
  4298.352      28.0     3.895     -1.77                                        
  4298.364      69.0     1.625     -0.05                                        
  4298.369      22.0     2.504     -2.79                                        
  4298.409 106.00113     1.484     -2.08               3.470               Plez 
  4298.412 106.00112     1.432     -2.07               3.470               Plez 
  4298.429      64.1     1.710     -0.65                                        
  4298.455 106.00112     1.432     -2.09               3.470               Plez 
  4298.464 106.00112     1.432     -4.24               3.470               Plez 
  4298.496 106.00113     0.955     -3.58               3.470               Plez 
  4298.501 106.00113     1.017     -3.55               3.470               Plez 
  4298.507      28.0     3.838     -1.39                                        
  4298.518 106.00113     0.411     -3.46               3.470               Plez 
  4298.525 106.00113     1.289     -4.13               3.470               Plez 
  4298.538 106.00113     1.334     -4.17               3.470               Plez 
  4298.549 106.00112     1.382     -2.08               3.470               Plez 
  4298.573 106.00112     1.382     -2.10               3.470               Plez 
  4298.580      60.1     0.559     -1.97                                 LAWLER 
  4298.597 106.00112     1.382     -4.20               3.470               Plez 
  4298.666      22.0     0.818     -0.05                                        
  4298.695      25.0     4.270     -2.85                                        
  4298.698      26.0     3.366     -2.75                                        
  4298.729 106.00113     1.289     -2.14               3.470               Plez 
  4298.729      63.0     1.707      0.24                                        
  4298.746      24.0     2.965     -2.65                                        
  4298.751 106.00112     0.411     -3.39               3.470               Plez 
  4298.758 106.00113     1.293     -3.69               3.470               Plez 
  4298.760      28.0     0.422     -4.65                                        
  4298.766 106.00113     1.289     -2.11               3.470               Plez 
  4298.810 106.00112     0.411     -1.13               3.470               Plez 
  4298.814 106.00112     0.411     -1.10               3.470               Plez 
  4298.814 106.00113     1.334     -2.10               3.470               Plez 
  4298.828      90.1     1.547     -1.01                                        
  4298.843 106.00112     1.484     -2.05               3.470               Plez 
  4298.845      27.0     3.968     -2.57                               KURNOHFS 
  4298.854 106.00113     1.334     -2.12               3.470               Plez 
  4298.854 106.00113     1.367     -3.71               3.470               Plez 
  4298.858 106.00113     1.221     -3.67               3.470               Plez 
  4298.873 106.00112     0.411     -3.46               3.470               Plez 
  4298.873 106.00112     0.955     -3.52               3.470               Plez 
  4298.884      42.0     2.258     -1.95                                        
  4298.891 106.00113     0.411     -1.13               3.470               Plez 
  4298.897 106.00112     1.484     -4.27               3.470               Plez 
  4298.902 106.00113     0.411     -1.10               3.470               Plez 
  4298.902 106.00113     0.693     -1.78               3.470               Plez 
  4298.904 106.00112     1.484     -2.08               3.470               Plez 
  4298.908      66.0     1.238     -0.18                                        
  4298.917 106.00113     0.955     -1.07               3.470               Plez 
  4298.926 106.00112     0.693     -1.78               3.470               Plez 
  4298.958 106.00112     0.955     -1.07               3.470               Plez 
  4298.961 106.00113     0.359     -3.43               3.470               Plez 
  4298.988      20.0     1.884     -0.41                                        
  4299.021 106.00112     0.955     -3.58               3.470               Plez 
  4299.041 106.00113     0.693     -1.78               3.470               Plez 
  4299.050 106.00112     1.289     -2.14               3.470               Plez 
  4299.065 106.00112     0.693     -1.78               3.470               Plez 
  4299.072      23.0     2.576     -0.47                               KURNOHFS 
  4299.087      58.1     0.495     -1.11                                 LAWLER 
  4299.109      23.1     3.800     -4.44                                        
  4299.111 106.00112     0.359     -3.35               3.470               Plez 
  4299.118      26.0     4.188     -2.56                                        
  4299.119 106.00112     1.289     -2.11               3.470               Plez 
  4299.130 106.00113     1.151     -3.65               3.470               Plez 
  4299.133      62.0     0.036     -1.19                                        
  4299.161 106.00112     0.359     -1.16               3.470               Plez 
  4299.169 106.00113     1.293     -0.96               3.470               Plez 
  4299.176      22.0     0.825     -3.94                                        
  4299.185 106.00112     1.289     -4.13               3.470               Plez 
  4299.206 106.00112     1.334     -2.10               3.470               Plez 
  4299.206      22.0     1.748     -0.01                                        
  4299.207 106.00112     1.334     -2.12               3.470               Plez 
  4299.234      26.0     2.424     -0.43                                        
  4299.235 106.00113     0.359     -1.16               3.470               Plez 
  4299.240      26.0     3.265     -2.54                                        
  4299.248 106.00112     1.334     -4.17               3.470               Plez 
  4299.252 106.00112     0.359     -1.13               3.470               Plez 
  4299.265 106.00113     1.367     -0.95               3.470               Plez 
  4299.268 106.00113     1.221     -0.98               3.470               Plez 
  4299.274 106.00113     0.411     -3.39               3.470               Plez 
  4299.291      64.0     0.790      0.23                                        
  4299.300 106.00112     0.359     -3.43               3.470               Plez 
  4299.304 106.00113     0.955     -3.52               3.470               Plez 
  4299.320 106.00113     1.293     -0.98               3.470               Plez 
  4299.322 106.00113     0.693     -2.88               3.470               Plez 
  4299.333 106.00113     0.359     -1.13               3.470               Plez 
  4299.350      62.1     0.543     -1.51                                 LAWLER 
  4299.353 106.00112     1.293     -0.96               3.470               Plez 
  4299.357      58.1     0.175     -0.56                                 LAWLER 
  4299.377 106.00112     1.293     -3.64               3.470               Plez 
  4299.382   23.0051     2.364     -7.87                                 KURHFS 
  4299.383   23.0051     2.364     -7.60                                 KURHFS 
  4299.383   23.0051     2.364     -7.80                                 KURHFS 
  4299.384   23.0051     2.364     -7.40                                 KURHFS 
  4299.384   23.0051     2.364     -7.60                                 KURHFS 
  4299.384   23.0051     2.364     -8.50                                 KURHFS 
  4299.386   23.0051     2.364     -7.23                                 KURHFS 
  4299.386   23.0051     2.364     -7.50                                 KURHFS 
  4299.386   23.0051     2.364     -8.34                                 KURHFS 
  4299.388   23.0051     2.364     -7.08                                 KURHFS 
  4299.388   23.0051     2.364     -7.45                                 KURHFS 
  4299.388   23.0051     2.364     -8.34                                 KURHFS 
  4299.391   23.0051     2.364     -6.96                                 KURHFS 
  4299.391   23.0051     2.364     -7.46                                 KURHFS 
  4299.391   23.0051     2.364     -8.44                                 KURHFS 
  4299.395   23.0051     2.364     -6.84                                 KURHFS 
  4299.395   23.0051     2.364     -7.53                                 KURHFS 
  4299.395   23.0051     2.364     -8.64                                 KURHFS 
  4299.399   23.0051     2.364     -6.73                                 KURHFS 
  4299.399   23.0051     2.364     -7.74                                 KURHFS 
  4299.399   23.0051     2.364     -9.04                                 KURHFS 
  4299.407 106.00113     1.221     -1.00               3.470               Plez 
  4299.411 106.00113     0.895     -3.56               3.470               Plez 
  4299.416 106.00112     1.221     -0.98               3.470               Plez 
  4299.427 106.00113     1.368     -0.97               3.470               Plez 
  4299.435 106.00112     1.221     -3.62               3.470               Plez 
  4299.437 106.00113     0.693     -2.88               3.470               Plez 
  4299.459 106.00112     1.293     -3.69               3.470               Plez 
  4299.467      26.0     3.249     -3.09                                        
  4299.468 106.00112     0.693     -2.88               3.470               Plez 
  4299.468 106.00112     1.293     -0.98               3.470               Plez 
  4299.494 106.00112     1.367     -0.95               3.470               Plez 
  4299.513      24.0     4.204     -1.83                                        
  4299.516 106.00112     1.221     -3.67               3.470               Plez 
  4299.520 106.00112     1.368     -3.67               3.470               Plez 
  4299.524 106.00112     1.221     -1.00               3.470               Plez 
  4299.535 106.00113     1.151     -0.99               3.470               Plez 
  4299.544 106.00113     1.084     -3.63               3.470               Plez 
  4299.561      24.0     4.444     -4.18                                        
  4299.573 106.00112     0.693     -1.70               3.470               Plez 
  4299.573 106.00113     0.693     -1.70               3.470               Plez 
  4299.583 106.00112     0.693     -2.88               3.470               Plez 
  4299.588      41.0     0.656     -0.74                                        
  4299.601 106.00112     1.367     -3.71               3.470               Plez 
  4299.603      22.1     5.229     -2.30                                        
  4299.605 106.00113     0.359     -3.35               3.470               Plez 
  4299.612 106.00112     1.368     -0.97               3.470               Plez 
  4299.629      22.0     0.825     -0.77                                        
  4299.629      26.0     3.015     -2.59                                        
  4299.645       6.0     7.940     -3.88                                        
  4299.651 106.00112     1.151     -0.99               3.470               Plez 
  4299.660 106.00113     1.151     -1.01               3.470               Plez 
  4299.664 106.00112     1.151     -3.60               3.470               Plez 
  4299.677 106.00112     0.339     -2.02               3.470               Plez 
  4299.677 106.00112     0.339     -2.02               3.470               Plez 
  4299.688 106.00112     0.693     -1.70               3.470               Plez 
  4299.688 106.00113     0.693     -1.70               3.470               Plez 
  4299.690      60.1     0.182     -1.34                                 LAWLER 
  4299.703 106.00113     0.339     -2.02               3.470               Plez 
  4299.703 106.00113     0.339     -2.02               3.470               Plez 
  4299.710      24.0     2.897     -1.04                                 SOBECK 
  4299.712 106.00113     1.290     -4.13               3.470               Plez 
  4299.721      26.1     7.711     -4.66                                        
