Hf II    4093.1       line list
  4091.195      24.1     5.315    -3.786
  4091.218      58.1     1.026     -1.71                                BIEMONT
  4091.236      20.0     2.707    -5.717
  4091.247      24.1     9.628    -1.456
  4091.263      73.0     1.970    -1.020
  4091.280      25.0     4.751    -4.160
  4091.285      25.0     4.357    -3.424
  4091.325      22.1     3.938    -5.725
  4091.374      25.0     4.265    -2.465
  4091.439      27.1     8.366    -2.456
  4091.469      25.1     5.433    -4.623
  4091.489      69.1     1.110    -1.184
  4091.494      92.1     1.263    -0.341
  4091.520      66.1     1.357    -0.413
  4091.523      20.0     2.524    -5.657
  4091.551      25.0     4.265    -2.807
  4091.553      26.0     2.829    -2.120
  4091.597      21.0     2.292    -1.971
  4091.627      92.0     0.000    -1.003
  4091.628      28.0     3.633    -4.348
  4091.742      64.0     0.920    -0.545
  4091.757      66.1     1.750     -0.40                                    ADJ
  4091.771      27.0     3.626    -2.704
  4091.785      68.0     1.308     0.114
  4091.816      76.0     0.755    -1.660
  4091.819      28.0     3.895     -2.70                                    ADJ
  4091.832      22.0     2.295    -3.595
  4091.868      23.0     1.847    -2.341
  4091.932      23.0     1.182    -3.274
  4091.940      24.1     8.178    -2.001
  4091.988      20.0     2.930     -2.00                                    ADJ
  4092.002 106.00112     1.429    -5.221               3.470
  4092.059      27.0     3.629    -3.301
  4092.072      26.0      3.50     -3.20                                   FAKE
  4092.075      58.1     0.521     -1.30                                BIEMONT
  4092.084      20.0     5.877    -2.694
  4092.114      23.0     1.944    -2.844
  4092.122 106.00112     1.429    -2.954               3.470
  4092.162 106.00112     1.429    -2.928               3.470
  4092.170      24.0     3.090     -1.90                                    ADJ
  4092.180      22.0     2.159    -3.195
  4092.223 106.00112     1.220    -4.320               3.470
  4092.232 106.00112     1.304    -5.658               3.470
  4092.238      27.0     3.512    -1.496
  4092.253      62.1     0.000     -0.87                                 LAWLER
  4092.277      26.0     3.632    -1.483
  4092.293      23.0     1.948    -0.389
  4092.310      23.0     1.929    -3.899
  4092.367      25.1     6.860    -8.202
  4092.379      25.0     4.341    -0.540
  4092.388      27.0     0.922    -0.940
  4092.392      23.0     1.194    -0.670
  4092.457      26.0     0.914     -6.00                                    ADJ
  4092.503      26.0     3.637     -1.75                                    ADJ
  4092.521      23.0     1.929    -0.846
  4092.598      25.0     5.487    -3.782
  4092.612      77.0     1.621    -1.330
  4092.618      25.1     5.369    -2.978
  4092.632      20.0     2.519     -0.95                                    ADJ
  4092.691      23.0     0.286     -0.40                                    ADJ
  4092.715      58.1     0.721     -3.07                                BIEMONT
  4092.715      64.0     0.213    -0.073
  4092.723      26.1     9.729    -4.192
  4092.823      23.1     6.052    -4.009
  4092.800      27.0     2.006     -2.15                                  SPLIT
  4092.843      27.0     2.006     -2.20                                  SPLIT
  4092.881      27.0     2.006     -2.40                                  SPLIT
  4092.898      68.0     0.624    -0.116
  4092.980 106.00112     0.408    -4.258               3.470
  4093.020      24.0     3.847    -2.124
  4093.031      28.0     4.232     -1.50                                    ADJ
  4093.037      27.0     3.626    -0.623
  4093.037      62.1     0.434     -1.87                                 LAWLER
  4093.080      26.0      3.50     -3.80                                   FAKE
  4093.109      28.1     8.544    -3.056
  4093.116      21.0     1.994    -1.910
  4093.140      40.0     0.542    -1.590
  4093.153      72.1     0.452     -1.15                                 LAWLER
  4093.208      26.0      3.50     -4.20                                   FAKE
  4093.231      26.1     6.698    -3.102
  4093.263      26.0     4.175     -2.55                                    ADJ
  4093.287      58.0     0.274    -0.275
  4093.313      24.0     3.844    -2.662
  4093.347      27.0     3.684    -2.537
  4093.367      22.0     1.738    -6.166
  4093.392      90.1     0.908    -1.478
  4093.410      26.0      3.50     -4.00                                   FAKE
  4093.458      28.1     9.581    -2.445
  4093.478      23.0     2.121    -1.193
  4093.475      23.0     1.182     -1.30                                    ADJ
  4093.486      22.0     2.406    -6.812
  4093.520      24.0     2.985    -5.703
  4093.545      21.0     2.294    -2.453
  4093.545      26.0     4.309    -3.452
  4093.602      26.0     3.036    -7.985
  4093.615      28.0     0.165    -5.690
  4093.636      66.0     1.055    -0.223
  4093.662      26.1     7.562    -3.378
  4093.712 106.00112     1.430    -2.928               3.470
  4093.720      64.0     0.920     0.216
  4093.788      25.1     5.811    -6.010
  4093.827 106.00112     1.430    -2.954               3.470
  4093.834      26.0     2.690    -5.703
  4093.955      26.0      3.50     -3.50                                   FAKE
  4093.956      21.0     4.419    -2.556
  4093.956      58.1     0.529     -1.79                                BIEMONT
  4093.971      20.0     6.003    -2.187
  4094.012      26.1     6.218    -4.177
  4094.028      62.1     0.333     -1.15                                 LAWLER
  4094.030      20.0     5.878    -3.202
  4094.045      25.0     5.108     -0.55                                    ADJ
  4094.093      28.0     3.696    -2.636
  4094.132      23.1     6.277    -1.843
  4094.154      27.1     7.614    -2.013
  4094.181      69.0     0.000     0.134
  4094.182      22.0     2.693     -0.60                                    ADJ
  4094.214      27.0     3.512    -4.010
  4094.249      23.0     2.136    -0.838
  4094.263      40.0     1.529    -0.280
  4094.291      23.0     2.129    -0.215
  4094.395      26.0     3.637     -2.30                                    ADJ
  4094.382      23.1     2.759    -3.241
  4094.407      25.1     5.376    -2.580
  4094.407      25.0     4.191    -3.880
  4094.434      26.0     4.206     -1.70                                    ADJ
  4094.456      25.0     4.751    -3.602
  4094.465      42.0     3.440    -1.032
  4094.476      64.1     0.522     -0.85                                 LAWLER
  4094.519      22.0     2.576    -3.702
  4094.575      60.1     1.374     0.000
  4094.596      22.0     2.304    -3.457
  4094.605      23.1     6.037    -4.141
  4094.625      24.0     3.102    -1.650
  4094.635      25.0     4.191    -3.765
  4094.643      68.1     0.000    -1.766
  4094.684      24.0     3.419     -0.65                                    ADJ
  4094.733      26.0     4.100    -3.128
  4094.747      90.1     0.000    -1.461
  4094.778      28.1     9.405    -2.326
  4094.779      23.0     2.503    -6.348
  4094.866      21.0     2.000    -0.923
  4094.891      92.1     0.548    -1.491
  4094.925      20.0     2.521    -0.690
  4094.952      24.0     3.110    -2.537
  4094.960      59.1     0.204    -1.261
  4094.961      24.0     3.085    -1.738
  4094.962      20.0     2.521    -1.590
  4095.033      26.0     3.639    -4.618
  4095.038      25.0     4.350    -0.651
  4095.128      24.1     8.043    -2.065
  4095.188      26.1     9.749    -3.341
