Zr II    4208.9      line list
  4204.878   63.1151     0.000     -1.11                                 LAWLER 
  4204.881   63.1151     0.000     -1.41                                 LAWLER 
  4204.886   63.1151     0.000     -2.37                                 LAWLER 
  4204.904   63.1151     0.000     -0.94                                 LAWLER 
  4204.909   63.1151     0.000     -1.23                                 LAWLER 
  4204.916   23.0051     2.262     -4.74                                 KURHFS 
  4204.916   63.1151     0.000     -2.26                                 LAWLER 
  4204.917   23.0051     2.262     -4.74                                 KURHFS 
  4204.917   23.0051     2.262     -4.92                                 KURHFS 
  4204.919   23.0051     2.262     -4.58                                 KURHFS 
  4204.919   23.0051     2.262     -5.04                                 KURHFS 
  4204.919   23.0051     2.262     -5.17                                 KURHFS 
  4204.922   23.0051     2.262     -4.57                                 KURHFS 
  4204.922   23.0051     2.262     -4.61                                 KURHFS 
  4204.922   23.0051     2.262     -5.60                                 KURHFS 
  4204.925   23.0051     2.262     -4.32                                 KURHFS 
  4204.925   23.0051     2.262     -4.73                                 KURHFS 
  4204.928   23.0051     2.262     -4.11                                 KURHFS 
  4204.928   27.0059     3.512     -3.95                                 KURHFS 
  4204.928   27.0059     3.512     -5.02                                 KURHFS 
  4204.941   63.1151     0.000     -0.77                                 LAWLER 
  4204.948   63.1151     0.000     -1.17                                 LAWLER 
  4204.957   63.1151     0.000     -2.37                                 LAWLER 
  4204.977   63.1153     0.000     -1.11                                 LAWLER 
  4204.979   63.1153     0.000     -1.41                                 LAWLER 
  4204.982   63.1153     0.000     -2.37                                 LAWLER 
  4204.989   63.1151     0.000     -0.63                                 LAWLER 
  4204.989   63.1153     0.000     -0.94                                 LAWLER 
  4204.992   63.1153     0.000     -1.23                                 LAWLER 
  4204.996   63.1153     0.000     -2.26                                 LAWLER 
  4204.998   63.1151     0.000     -1.21                                 LAWLER 
  4205.006   63.1153     0.000     -0.77                                 LAWLER 
  4205.008   63.1151     0.000     -2.71                                 LAWLER 
  4205.010   63.1153     0.000     -1.17                                 LAWLER 
  4205.014   63.1153     0.000     -2.37                                 LAWLER 
  4205.016      26.0     4.217     -1.92                                        
  4205.028      24.0     4.613     -1.46                                        
  4205.028   63.1153     0.000     -0.63                                 LAWLER 
  4205.032   63.1153     0.000     -1.21                                 LAWLER 
  4205.036   63.1153     0.000     -2.71                                 LAWLER 
  4205.038      23.1     1.684     -1.88                                        
  4205.040      27.1     2.983     -6.96                                        
  4205.048   63.1151     0.000     -0.50                                 LAWLER 
  4205.054   63.1153     0.000     -0.50                                 LAWLER 
  4205.058   63.1151     0.000     -1.39                                 LAWLER 
  4205.058   63.1153     0.000     -1.39                                 LAWLER 
  4205.083      24.0     2.706     -6.73                                        
  4205.084   63.1153     0.000     -0.38                                 LAWLER 
  4205.089      23.1     2.034     -1.05                                        
  4205.098      26.0     2.557     -5.07                                        
  4205.117   63.1151     0.000     -0.38                                 LAWLER 
  4205.123      24.0     4.528     -1.16                                        
  4205.126      26.0     4.214     -3.90                                        
  4205.163      58.1     1.212     -0.65                                        
  4205.203      21.0     1.986     -0.82                               KURNOHFS 
  4205.250      60.1     0.559     -0.87                                 LAWLER 
  4205.253      60.1     0.680     -0.80                                        
  4205.303      41.0     0.049     -0.85                                        
  4205.316 106.00113     0.519     -1.29               3.470               Plez 
  4205.318      68.0     1.623      0.62                                        
  4205.333 106.00112     1.019     -1.25               3.470               Plez 
  4205.346 106.00113     0.520     -1.26               3.470               Plez 
  4205.348 106.00113     1.019     -3.58               3.470               Plez 
  4205.381      25.1     1.808     -3.38                                        
  4205.390      20.0     4.765     -4.43                                        
  4205.411 106.00112     1.019     -1.26               3.470               Plez 
  4205.415 106.00112     1.019     -3.58               3.470               Plez 
  4205.422 106.00112     0.488     -3.99               3.470               Plez 
  4205.473      26.1     2.640     -5.80                                        
  4205.484      26.0     3.632     -5.38                                        
  4205.539      26.0     3.414     -1.32                                        
  4205.572      23.1     6.453     -4.07                                        
  4205.580      60.1     0.630     -0.55                                 LAWLER 
  4205.617      26.0     4.431     -3.10                                        
  4205.624      20.0     5.881     -4.00                                        
  4205.694 106.00113     0.488     -3.99               3.470               Plez 
  4205.740 106.00113     1.019     -1.25               3.470               Plez 
  4205.779      62.0     0.498     -0.05                                        
  4205.790      58.1     0.875     -1.18                                        
  4205.792      25.1     5.344     -3.76                                        
  4205.796   23.0051     1.929     -4.51                                 KURHFS 
  4205.796   23.0051     1.929     -4.76                                 KURHFS 
  4205.796   23.0051     1.929     -4.79                                 KURHFS 
  4205.804   23.0051     1.929     -4.32                                 KURHFS 
  4205.804   23.0051     1.929     -4.37                                 KURHFS 
  4205.804   23.0051     1.929     -4.76                                 KURHFS 
  4205.806      42.0     3.176     -0.68                                        
  4205.816   23.0051     1.929     -4.12                                 KURHFS 
  4205.816   23.0051     1.929     -4.23                                 KURHFS 
  4205.816   23.0051     1.929     -4.81                                 KURHFS 
  4205.823 106.00113     1.019     -1.26               3.470               Plez 
  4205.832   23.0051     1.929     -3.92                                 KURHFS 
  4205.832   23.0051     1.929     -4.21                                 KURHFS 
  4205.832   23.0051     1.929     -4.94                                 KURHFS 
  4205.852   23.0051     1.929     -3.76                                 KURHFS 
  4205.852   23.0051     1.929     -4.26                                 KURHFS 
  4205.852   23.0051     1.929     -5.16                                 KURHFS 
  4205.859      22.0     2.254     -1.97                                        
  4205.871      23.0     3.264     -4.12                               KURNOHFS 
  4205.876   23.0051     1.929     -3.62                                 KURHFS 
  4205.876   23.0051     1.929     -4.46                                 KURHFS 
  4205.876   23.0051     1.929     -5.57                                 KURHFS 
  4205.885      73.0     0.491     -1.35                                        
  4205.891      25.0     4.604     -2.87                                        
  4205.893      58.1     1.273     -0.79                                        
  4205.912      22.1     1.115     -3.91                                        
  4205.939      40.1     2.408     -1.50                                        
  4205.969 106.00112     0.488     -3.99               3.470               Plez 
  4205.992      24.1     6.277     -3.58                                        
  4206.004      69.1     0.000     -1.89                                        
  4206.015      44.0     1.002     -0.48                                        
  4206.052   27.0059     3.512     -2.87                                 KURHFS 
  4206.061   27.0059     3.512     -2.75                                 KURHFS 
  4206.061   27.0059     3.512     -3.32                                 KURHFS 
  4206.064      23.1     1.671     -3.72                                        
  4206.076   27.0059     3.512     -2.63                                 KURHFS 
  4206.076   27.0059     3.512     -3.11                                 KURHFS 
  4206.076   27.0059     3.512     -4.32                                 KURHFS 
  4206.095   27.0059     3.512     -2.52                                 KURHFS 
  4206.095   27.0059     3.512     -3.01                                 KURHFS 
  4206.095   27.0059     3.512     -4.11                                 KURHFS 
  4206.114      41.0     1.572     -0.62                                        
  4206.119   27.0059     3.512     -2.42                                 KURHFS 
  4206.119   27.0059     3.512     -2.98                                 KURHFS 
  4206.119   27.0059     3.512     -4.08                                 KURHFS 
  4206.120      62.1     0.378     -0.72                                 LAWLER 
  4206.142   23.0051     2.267     -5.43                                 KURHFS 
  4206.142      27.0     2.716     -2.11                               KURNOHFS 
  4206.145   23.0051     2.267     -5.14                                 KURHFS 
  4206.145   23.0051     2.267     -5.40                                 KURHFS 
  4206.147   27.0059     3.512     -2.32                                 KURHFS 
  4206.147   27.0059     3.512     -2.99                                 KURHFS 
  4206.147   27.0059     3.512     -4.17                                 KURHFS 
  4206.151   23.0051     2.267     -4.96                                 KURHFS 
  4206.151   23.0051     2.267     -5.40                                 KURHFS 
  4206.151   23.0051     2.267     -5.45                                 KURHFS 
  4206.160   23.0051     2.267     -4.87                                 KURHFS 
  4206.160   23.0051     2.267     -5.01                                 KURHFS 
  4206.160   23.0051     2.267     -5.58                                 KURHFS 
  4206.172   23.0051     2.267     -4.76                                 KURHFS 
  4206.172   23.0051     2.267     -4.84                                 KURHFS 
  4206.172   23.0051     2.267     -5.80                                 KURHFS 
  4206.176      20.1     7.499     -2.21                                        
  4206.181   27.0059     3.512     -2.23                                 KURHFS 
  4206.181   27.0059     3.512     -3.08                                 KURHFS 
  4206.181   27.0059     3.512     -4.36                                 KURHFS 
  4206.187      68.1     0.886     -2.43                                 LAWLER 
  4206.188   23.0051     2.267     -4.56                                 KURHFS 
  4206.188   23.0051     2.267     -4.90                                 KURHFS 
  4206.188   23.0051     2.267     -6.21                                 KURHFS 
  4206.206   23.0051     2.267     -4.39                                 KURHFS 
  4206.206   23.0051     2.267     -5.09                                 KURHFS 
  4206.219   27.0059     3.512     -2.15                                 KURHFS 
  4206.219   27.0059     3.512     -3.29                                 KURHFS 
  4206.219   27.0059     3.512     -4.75                                 KURHFS 
  4206.227   23.0051     2.267     -4.25                                 KURHFS 
  4206.241 106.00113     0.488     -3.99               3.470               Plez 
  4206.250      24.0     4.529     -2.44                                        
  4206.301      23.0     3.224     -4.64                               KURNOHFS 
  4206.301      26.0     4.383     -1.38                                        
  4206.367      25.1     5.393     -1.57                                        
  4206.446      25.0     4.255     -2.82                                        
  4206.458      22.0     2.504     -3.18                                        
  4206.540      66.1     0.000     -1.38                                 LAWLER 
  4206.574      72.1     2.495      0.05                                        
  4206.597 106.00112     0.521     -1.26               3.470               Plez 
  4206.599      23.0     2.576     -0.70                               KURNOHFS 
  4206.613      45.0     0.410     -2.62                                        
  4206.620      62.1     0.543     -0.83                                 LAWLER 
  4206.634      26.0     4.431     -2.14                                        
  4206.645 106.00112     0.521     -1.29               3.470               Plez 
  4206.657      90.1     2.196     -0.48                                        
  4206.678 106.00112     0.521     -3.49               3.470               Plez 
  4206.697      26.0     0.052     -3.88                                        
  4206.700      20.0     6.012     -2.46                                        
  4206.703 106.00112     1.015     -7.34               3.470               Plez 
  4206.720      59.1     0.550     -0.32                                LINOHFS 
  4206.772 106.00113     0.521     -3.49               3.470               Plez 
  4206.777      21.0     1.994     -1.57                               KURNOHFS 
  4206.827      26.0     4.470     -3.96                                        
  4206.864      20.0     5.960     -4.11                                        
  4206.871      22.0     1.967     -6.75                                        
  4206.895      24.0     4.614      0.26                                        
  4207.020      25.1     5.516     -5.81                                        
  4207.028      58.1     0.703     -2.47                                 LAWLER 
  4207.045      74.0     2.434      0.01                                        
  4207.093      25.1     5.344     -3.16                                        
  4207.127      26.0     2.829     -1.46                                        
  4207.172 106.00113     0.521     -1.26               3.470               Plez 
  4207.197 106.00113     0.521     -1.29               3.470               Plez 
  4207.234      25.1     1.831     -4.47                                        
  4207.250      42.0     3.176     -1.33                                        
  4207.270      21.0     2.000     -1.37                               KURNOHFS 
  4207.333 106.00112     0.955     -1.26               3.470               Plez 
  4207.356 106.00112     0.955     -1.28               3.470               Plez 
  4207.363      24.1     3.824     -2.48                                        
  4207.371 106.00113     0.955     -3.56               3.470               Plez 
  4207.371      22.0     2.248     -3.13                                        
  4207.400      42.0     3.185     -1.41                                        
  4207.422 106.00112     0.955     -3.56               3.470               Plez 
  4207.439      26.0     4.590     -1.54                                        
  4207.489      24.0     3.008     -4.39                                        
  4207.493      26.1     4.734     -6.17                                        
  4207.530   27.0059     2.698     -3.49                                 KURHFS 
  4207.530   27.0059     2.698     -4.06                                 KURHFS 
  4207.535      23.0     3.242     -3.21                               KURNOHFS 
  4207.540   27.0059     2.698     -3.47                                 KURHFS 
  4207.540   27.0059     2.698     -3.84                                 KURHFS 
  4207.540   27.0059     2.698     -4.06                                 KURHFS 
  4207.552   27.0059     2.698     -3.38                                 KURHFS 
  4207.552   27.0059     2.698     -3.74                                 KURHFS 
  4207.552   27.0059     2.698     -3.84                                 KURHFS 
  4207.559      42.0     2.513     -2.05                                        
  4207.568   27.0059     2.698     -3.28                                 KURHFS 
  4207.568   27.0059     2.698     -3.71                                 KURHFS 
  4207.568   27.0059     2.698     -3.74                                 KURHFS 
  4207.587   27.0059     2.698     -3.17                                 KURHFS 
  4207.587   27.0059     2.698     -3.71                                 KURHFS 
  4207.587   27.0059     2.698     -3.73                                 KURHFS 
  4207.603      21.0     4.501     -2.27                                        
  4207.603      21.0     4.501     -3.15                                        
  4207.610   27.0059     2.698     -3.05                                 KURHFS 
  4207.610   27.0059     2.698     -3.73                                 KURHFS 
  4207.610   27.0059     2.698     -3.81                                 KURHFS 
  4207.633      44.0     1.837     -0.59                                        
  4207.635   27.0059     2.698     -2.94                                 KURHFS 
  4207.635   27.0059     2.698     -3.81                                 KURHFS 
  4207.635   27.0059     2.698     -4.03                                 KURHFS 
  4207.664   27.0059     2.698     -2.83                                 KURHFS 
  4207.664   27.0059     2.698     -4.03                                 KURHFS 
  4207.695      66.0     1.141      0.03                                        
  4207.727      22.0     2.693     -2.55                                        
  4207.746 106.00113     0.955     -1.26               3.470               Plez 
  4207.751      25.0     4.265     -3.90                                        
  4207.751      25.0     4.265     -3.93                                        
  4207.769 106.00113     0.955     -1.28               3.470               Plez 
  4207.769      20.0     4.765     -2.63                                        
  4207.863      23.0     2.676     -2.13                               KURNOHFS 
  4207.879      25.1     5.394     -3.44                                        
  4207.911      26.0     4.291     -4.47                                        
  4207.927      22.0     2.394     -8.15                                        
  4207.932      23.0     1.941     -3.69                               KURNOHFS 
  4207.937      25.0     5.108     -2.43                                        
  4207.969 106.00112     0.873     -4.08               3.470               Plez 
  4208.074      23.0     2.503     -9.95                               KURNOHFS 
  4208.079 106.00113     0.873     -4.08               3.470               Plez 
  4208.085      64.0     0.812     -0.61                                        
  4208.093      24.0     3.645     -3.92                                        
  4208.152      41.0     0.019     -1.61                                        
  4208.186      22.0     2.736     -1.34                                        
  4208.193      22.0     3.110     -4.13                                        
  4208.201      24.1     6.277     -3.21                                        
  4208.216      26.0     3.632     -5.26                                        
  4208.227      24.0     3.886     -3.89                                        
  4208.261   59.1141     0.216     -1.18                                 LI/LAW 
  4208.263   59.1141     0.216     -2.41                                 LI/LAW 
  4208.272      22.0     2.425     -2.71                                        
  4208.289   59.1141     0.216     -2.41                                 LI/LAW 
  4208.292   59.1141     0.216     -1.28                                 LI/LAW 
  4208.293   59.1141     0.216     -2.21                                 LI/LAW 
  4208.295      23.0     2.563     -1.50                               KURNOHFS 
  4208.311      26.0     4.140     -3.93                                        
  4208.313      20.0     5.685     -2.61                                        
  4208.316   59.1141     0.216     -2.21                                 LI/LAW 
  4208.318   59.1141     0.216     -1.40                                 LI/LAW 
  4208.319   59.1141     0.216     -2.17                                 LI/LAW 
  4208.337   27.0059     3.710     -3.26                                 KURHFS 
  4208.337   27.0059     3.710     -3.52                                 KURHFS 
  4208.338      25.0     4.317     -3.51                                        
  4208.338   59.1141     0.216     -2.17                                 LI/LAW 
  4208.340   59.1141     0.216     -1.50                                 LI/LAW 
  4208.341   59.1141     0.216     -2.23                                 LI/LAW 
  4208.346   27.0059     3.710     -3.06                                 KURHFS 
  4208.346   27.0059     3.710     -3.26                                 KURHFS 
  4208.346   27.0059     3.710     -5.17                                 KURHFS 
  4208.353      24.0     3.847     -0.82                                        
  4208.356   59.1141     0.216     -2.23                                 LI/LAW 
  4208.358   59.1141     0.216     -1.59                                 LI/LAW 
  4208.359   27.0059     3.710     -3.00                                 KURHFS 
  4208.359   27.0059     3.710     -3.06                                 KURHFS 
  4208.359   27.0059     3.710     -3.93                                 KURHFS 
  4208.359   59.1141     0.216     -2.42                                 LI/LAW 
  4208.371   59.1141     0.216     -2.42                                 LI/LAW 
  4208.372   59.1141     0.216     -1.64                                 LI/LAW 
  4208.377   27.0059     3.710     -3.00                                 KURHFS 
  4208.377   27.0059     3.710     -3.03                                 KURHFS 
  4208.377   27.0059     3.710     -3.21                                 KURHFS 
  4208.389      21.0     2.318     -2.17                               KURNOHFS 
  4208.399   27.0059     3.710     -2.80                                 KURHFS 
  4208.399   27.0059     3.710     -3.03                                 KURHFS 
  4208.399   27.0059     3.710     -3.21                                 KURHFS 
  4208.426   27.0059     3.710     -2.51                                 KURHFS 
  4208.426   27.0059     3.710     -3.21                                 KURHFS 
  4208.428      26.0     4.431     -3.34                                        
  4208.509      24.0     4.609     -3.05                                        
  4208.519      24.0     2.965     -3.03                                        
  4208.560      26.0     4.383     -3.31                                        
  4208.587      27.0     3.620     -1.79                               KURNOHFS 
  4208.593      26.0     3.394     -2.75                                        
  4208.594      27.1     2.679     -3.23                                        
  4208.604      26.0     3.394     -1.76                                        
  4208.708   27.0059     3.710     -2.01                                 KURHFS 
  4208.724   27.0059     3.710     -2.15                                 KURHFS 
  4208.727      25.1     6.908     -3.75                                        
  4208.738   27.0059     3.710     -2.32                                 KURHFS 
  4208.740 106.00112     0.872     -4.08               3.470               Plez 
  4208.750   27.0059     3.710     -2.51                                 KURHFS 
  4208.750   27.0059     3.710     -2.85                                 KURHFS 
  4208.750      64.1     1.059     -1.77                                 LAWLER 
  4208.760   27.0059     3.710     -2.65                                 KURHFS 
  4208.761   27.0059     3.710     -2.77                                 KURHFS 
  4208.768   27.0059     3.710     -2.60                                 KURHFS 
  4208.770   27.0059     3.710     -3.16                                 KURHFS 
  4208.774   27.0059     3.710     -2.62                                 KURHFS 
  4208.777      42.0     3.165     -1.84                                        
  4208.779   27.0059     3.710     -2.71                                 KURHFS 
  4208.782   27.0059     3.710     -2.90                                 KURHFS 
  4208.787   27.0059     3.710     -3.96                                 KURHFS 
  4208.788   27.0059     3.710     -3.19                                 KURHFS 
  4208.790   27.0059     3.710     -3.56                                 KURHFS 
  4208.791   27.0059     3.710     -3.16                                 KURHFS 
  4208.792   27.0059     3.710     -3.21                                 KURHFS 
  4208.792   27.0059     3.710     -3.33                                 KURHFS 
  4208.850 106.00113     0.872     -4.08               3.470               Plez 
  4208.855      26.0     4.431     -4.45                                        
  4208.860      21.0     2.612     -2.00                               KURNOHFS 
  4208.887 106.00113     0.640     -4.74               3.470               Plez 
  4208.891      90.1     0.830     -0.74                                        
  4208.953      24.0     3.847     -3.34                                        
  4208.985      40.1     0.713     -0.46                                BIEMONT 
  4208.997      22.0     3.111     -3.47                                        
  4209.089      26.1     7.569     -3.44                                        
  4209.094      24.1     5.315     -3.42                                        
  4209.096      20.0     6.013     -3.77                                        
  4209.099      23.1     4.017     -1.83                                        
  4209.116      22.0     2.486     -5.44                                        
  4209.137      25.1     5.544     -3.67                                        
  4209.162      23.1     6.491     -2.99                                        
  4209.176      24.0     3.847     -1.27                                        
  4209.203      20.0     5.827     -4.53                                        
  4209.209      24.0     4.821     -3.12                                        
  4209.248      23.0     2.676     -2.51                               KURNOHFS 
  4209.325 106.00113     1.033     -7.42               3.470               Plez 
  4209.362      24.0     3.847     -0.26                                        
  4209.388      23.1     5.808     -4.48                                        
  4209.401   27.0059     3.512     -4.24                                 KURHFS 
  4209.401   27.0059     3.512     -4.31                                 KURHFS 
  4209.401   27.0059     3.512     -4.94                                 KURHFS 
  4209.406      58.1     0.683     -0.61                                 LAWLER 
  4209.410   27.0059     3.512     -4.04                                 KURHFS 
  4209.410   27.0059     3.512     -4.04                                 KURHFS 
  4209.410   27.0059     3.512     -4.78                                 KURHFS 
  4209.425   27.0059     3.512     -3.84                                 KURHFS 
  4209.425   27.0059     3.512     -3.94                                 KURHFS 
  4209.425   27.0059     3.512     -4.78                                 KURHFS 
  4209.444   27.0059     3.512     -3.67                                 KURHFS 
  4209.444   27.0059     3.512     -3.89                                 KURHFS 
  4209.444   27.0059     3.512     -4.88                                 KURHFS 
  4209.468   27.0059     3.512     -3.52                                 KURHFS 
  4209.468   27.0059     3.512     -3.90                                 KURHFS 
  4209.468   27.0059     3.512     -5.08                                 KURHFS 
  4209.473 106.00112     0.957     -1.26               3.470               Plez 
  4209.497   27.0059     3.512     -3.40                                 KURHFS 
  4209.497   27.0059     3.512     -3.97                                 KURHFS 
  4209.497   27.0059     3.512     -5.48                                 KURHFS 
  4209.498 106.00113     0.957     -3.56               3.470               Plez 
  4209.530   27.0059     3.512     -3.28                                 KURHFS 
  4209.530   27.0059     3.512     -4.18                                 KURHFS 
  4209.539 106.00112     0.957     -1.28               3.470               Plez 
  4209.550 106.00112     0.957     -3.56               3.470               Plez 
  4209.568   27.0059     3.512     -3.17                                 KURHFS 
  4209.571      20.0     5.979     -4.20                                        
  4209.583      26.1     7.800     -3.32                                        
  4209.601      24.1     6.280     -2.87                                        
  4209.601      26.0     4.100     -3.06                                        
  4209.642      42.1     3.111     -1.00                                        
  4209.659      24.0     4.532     -2.50                                        
  4209.667      20.0     5.979     -4.94                                        
  4209.674      25.0     4.675     -1.52                                        
  4209.715      24.0     3.102     -2.66                                        
  4209.743      72.0     1.802     -0.38                                        
  4209.759      23.1     1.674     -1.94                                        
  4209.801   23.0051     0.300     -3.02                                 KURHFS 
  4209.801   23.0051     0.300     -3.21                                 KURHFS 
  4209.806   23.0051     0.300     -2.99                                 KURHFS 
  4209.806   23.0051     0.300     -3.00                                 KURHFS 
  4209.806   23.0051     0.300     -3.21                                 KURHFS 
  4209.807      24.1     5.666     -1.81                                        
  4209.813   23.0051     0.300     -2.87                                 KURHFS 
  4209.813   23.0051     0.300     -2.89                                 KURHFS 
  4209.813   23.0051     0.300     -2.99                                 KURHFS 
  4209.823   23.0051     0.300     -2.70                                 KURHFS 
  4209.823   23.0051     0.300     -2.85                                 KURHFS 
  4209.823   23.0051     0.300     -2.89                                 KURHFS 
  4209.829      26.0     4.317     -1.55                                        
  4209.835   23.0051     0.300     -2.53                                 KURHFS 
  4209.835   23.0051     0.300     -2.85                                 KURHFS 
  4209.835   23.0051     0.300     -2.86                                 KURHFS 
  4209.847   25.0055     2.939     -6.54                                 KURHFS 
  4209.847   25.0055     2.939     -7.01                                 KURHFS 
  4209.848   25.0055     2.939     -6.91                                 KURHFS 
  4209.848   25.0055     2.939     -6.91                                 KURHFS 
  4209.848   25.0055     2.939     -7.01                                 KURHFS 
  4209.848   25.0055     2.939     -7.04                                 KURHFS 
  4209.848   25.0055     2.939     -7.04                                 KURHFS 
  4209.848   25.0055     2.939     -7.09                                 KURHFS 
  4209.848   25.0055     2.939     -7.41                                 KURHFS 
  4209.848   25.0055     2.939     -8.62                                 KURHFS 
  4209.849   23.0051     0.300     -2.37                                 KURHFS 
  4209.849   23.0051     0.300     -2.86                                 KURHFS 
  4209.849   23.0051     0.300     -2.93                                 KURHFS 
  4209.866   23.0051     0.300     -2.22                                 KURHFS 
  4209.866   23.0051     0.300     -2.93                                 KURHFS 
  4209.866   23.0051     0.300     -3.15                                 KURHFS 
  4209.874      20.0     5.828     -3.75                                        
  4209.883      21.0     2.008     -1.43                               KURNOHFS 
  4209.885   23.0051     0.300     -2.09                                 KURHFS 
  4209.885   23.0051     0.300     -3.15                                 KURHFS 
  4209.886 106.00113     0.957     -1.26               3.470               Plez 
  4209.907      22.0     1.748     -3.65                                        
  4209.910      26.0     4.100     -2.21                                        
  4209.952 106.00113     0.957     -1.28               3.470               Plez 
  4209.956      24.0     3.885     -4.19                                        
  4209.992      58.1     0.655     -1.10                                        
  4210.022      26.0     3.271     -6.74                                        
  4210.023      22.0     2.159     -2.88                                        
  4210.074   27.0059     3.710     -2.21                                 KURHFS 
  4210.074   27.0059     3.710     -2.46                                 KURHFS 
  4210.075   27.0059     3.710     -2.85                                 KURHFS 
  4210.076   27.0059     3.710     -2.01                                 KURHFS 
  4210.078   27.0059     3.710     -1.84                                 KURHFS 
  4210.081   27.0059     3.710     -2.59                                 KURHFS 
  4210.082   27.0059     3.710     -1.70                                 KURHFS 
  4210.084   27.0059     3.710     -2.40                                 KURHFS 
  4210.084   27.0059     3.710     -2.88                                 KURHFS 
  4210.087   27.0059     3.710     -2.31                                 KURHFS 
  4210.090   27.0059     3.710     -2.85                                 KURHFS 
  4210.092   27.0059     3.710     -2.29                                 KURHFS 
  4210.097   27.0059     3.710     -2.90                                 KURHFS 
  4210.098   27.0059     3.710     -2.35                                 KURHFS 
  4210.105   27.0059     3.710     -2.54                                 KURHFS 
  4210.105   27.0059     3.710     -3.02                                 KURHFS 
  4210.114   27.0059     3.710     -3.25                                 KURHFS 
  4210.125   27.0059     3.710     -3.66                                 KURHFS 
  4210.127      28.0     4.102     -2.48                                        
  4210.179      23.1     5.471     -2.14                                        
  4210.198      28.0     3.831     -3.35                                        
  4210.233      58.1     0.792     -1.44                                 LAWLER 
  4210.250      24.0     3.847      0.22                                        
  4210.251      26.0     4.383     -2.78                                        
  4210.296 106.00112     0.124     -3.94               3.470               Plez 
  4210.340      62.1     0.104     -0.96                                 LAWLER 
  4210.343      26.0     2.480     -0.87                                        
  4210.383      26.0     3.069     -1.24                                        
  4210.393   23.0051     2.294     -2.64                                 KURHFS 
  4210.394   23.0051     2.294     -2.52                                 KURHFS 
  4210.394   23.0051     2.294     -3.09                                 KURHFS 
  4210.395   23.0051     2.294     -2.41                                 KURHFS 
  4210.395   23.0051     2.294     -2.88                                 KURHFS 
  4210.395   23.0051     2.294     -4.09                                 KURHFS 
  4210.397   23.0051     2.294     -2.29                                 KURHFS 
  4210.397   23.0051     2.294     -2.79                                 KURHFS 
  4210.397   23.0051     2.294     -3.89                                 KURHFS 
  4210.399   23.0051     2.294     -2.19                                 KURHFS 
  4210.399   23.0051     2.294     -2.75                                 KURHFS 
  4210.399   23.0051     2.294     -3.86                                 KURHFS 
  4210.401   23.0051     2.294     -2.09                                 KURHFS 
  4210.401   23.0051     2.294     -2.77                                 KURHFS 
  4210.401   23.0051     2.294     -3.94                                 KURHFS 
  4210.404   23.0051     2.294     -2.00                                 KURHFS 
  4210.404   23.0051     2.294     -2.85                                 KURHFS 
  4210.404   23.0051     2.294     -4.13                                 KURHFS 
  4210.407   23.0051     2.294     -1.92                                 KURHFS 
  4210.407   23.0051     2.294     -3.07                                 KURHFS 
  4210.407   23.0051     2.294     -4.52                                 KURHFS 
  4210.433      23.0     1.891     -2.09                               KURNOHFS 
  4210.437      24.0     3.847     -2.27                                        
  4210.441      92.1     0.217     -1.86                                        
  4210.493      25.0     4.350     -3.87                                        
  4210.495      23.1     1.686     -5.01                                        
  4210.514      25.0     4.675     -1.36                                        
  4210.571      25.0     4.350     -1.68                                        
  4210.613 106.00113     0.124     -3.94               3.470               Plez 
  4210.631      40.1     1.664     -0.80                                        
  4210.716 106.00112     0.640     -4.74               3.470               Plez 
  4210.750 106.00112     0.124     -3.94               3.470               Plez 
  4210.759      24.0     2.998     -1.98                                        
  4210.759      25.0     4.350     -2.88                                        
  4210.761   23.0051     2.276     -3.87                                 KURHFS 
  4210.761   23.0051     2.276     -4.15                                 KURHFS 
  4210.761   23.0051     2.276     -4.15                                 KURHFS 
  4210.761   23.0051     2.276     -5.17                                 KURHFS 
  4210.762   23.0051     2.276     -3.73                                 KURHFS 
  4210.762   23.0051     2.276     -3.87                                 KURHFS 
  4210.762   23.0051     2.276     -4.47                                 KURHFS 
  4210.763   23.0051     2.276     -3.66                                 KURHFS 
  4210.763   23.0051     2.276     -3.73                                 KURHFS 
  4210.763   23.0051     2.276     -4.02                                 KURHFS 
  4210.765   23.0051     2.276     -3.66                                 KURHFS 
  4210.765   23.0051     2.276     -3.66                                 KURHFS 
  4210.765   23.0051     2.276     -3.69                                 KURHFS 
  4210.765      90.0     0.966     -0.79                                        
  4210.767   23.0051     2.276     -3.43                                 KURHFS 
  4210.767   23.0051     2.276     -3.66                                 KURHFS 
  4210.767   23.0051     2.276     -3.72                                 KURHFS 
  4210.770   23.0051     2.276     -3.21                                 KURHFS 
  4210.770   23.0051     2.276     -3.72                                 KURHFS 
  4210.770   23.0051     2.276     -3.92                                 KURHFS 
  4210.773   23.0051     2.276     -3.02                                 KURHFS 
  4210.773   23.0051     2.276     -3.92                                 KURHFS 
  4210.777      28.0     3.844     -2.18                                        
  4210.801      24.0     2.542     -8.48                                        
  4210.848      23.1     6.141     -2.02                                        
  4210.851      23.0     2.579     -0.69                               KURNOHFS 
  4210.885      26.0     4.470     -1.65                                        
  4210.891      42.0     2.932     -1.85                                        
  4210.923      90.0     0.000     -1.37                                        
  4210.956      47.0     3.775     -0.38                                        
