Zn I    4810.5       line list
  4808.506      58.0     0.547     -0.40                                        
  4808.526      22.0     2.693      0.10                                        
  4808.535      26.0     3.271     -4.25                                        
  4808.538      28.0     3.536     -1.81                                        
  4808.588      22.0     3.110     -4.06                                        
  4808.679      69.0     1.931     -0.54                                        
  4808.680      26.0     4.730     -1.93                                        
  4808.719      23.0     1.042     -5.08                                        
  4808.841      25.0     5.935     -3.60                                        
  4808.870      28.0     3.703     -1.41                                        
  4809.000      57.1     0.235     -1.40                               LAWNOHFS 
  4809.093      25.1     7.754     -5.96                                        
  4809.137      24.0     2.913     -6.91                                        
  4809.137      26.0     3.692     -2.33                                        
  4809.139      24.0     3.977     -3.72                                        
  4809.207      23.1     6.037     -4.18                                        
  4809.218      25.0     5.083     -0.93                                        
  4809.252      26.0     4.073     -2.92                                        
  4809.289      24.0     3.553     -2.05                                        
  4809.353      41.0     1.504     -1.23                                        
  4809.457      40.0     1.582      0.16                                        
  4809.471      77.0     1.621     -2.36                                        
  4809.586      27.0     4.107     -2.08                                        
  4809.638      22.0     3.111     -4.02                                        
  4809.799      23.0     3.087     -4.65                                        
  4809.847      22.0     2.091     -5.98                                        
  4809.873      22.0     3.455     -3.51                                        
  4809.905      15.0     6.949     -3.40                                        
  4809.932      24.0     3.553     -2.75                                        
  4809.933      26.0     4.175     -2.30                                        
  4809.940      26.0     3.571     -2.72                                        
  4810.017      24.0     4.436     -2.64                                        
  4810.038      24.0     4.236     -2.50                                        
  4810.054      24.0     2.887     -4.62                                        
  4810.172      23.1     2.034     -3.35                                        
  4810.177      26.1     7.940     -3.29                                        
  4810.209      24.0     4.528     -2.57                                        
  4810.265      26.0     4.431     -3.75                                        
  4810.276      66.0     2.170      0.32                                        
  4810.355      25.0     4.675     -2.71                                        
  4810.454      20.0     5.963     -3.96                                        
  4810.482      45.0     3.354      0.04                                        
  4810.509      24.0     2.985     -3.14                                        
  4810.528      30.0     4.075     -0.14                                        
  4810.572      25.1     6.806     -6.01                                        
  4810.579      41.0     1.177     -1.38                                        
  4810.630      23.1     6.473     -4.61                                        
  4810.699      24.0     5.068     -3.21                                        
  4810.705      22.0     2.486     -2.58                                        
  4810.730      23.0     3.129     -1.25                                        
  4810.730      24.0     3.077     -1.30                                        
  4810.745      26.1     5.565     -3.23                                        
  4810.889      92.0     0.471     -1.27                                        
  4810.947      23.0     2.113     -3.07                                        
  4811.031      22.0     1.886     -2.23                                        
  4811.033      26.0     3.069     -6.50                                        
  4811.050      42.0     3.778      0.22                                        
  4811.068      22.0     2.675     -0.70                                        
  4811.095      27.0     3.014     -3.78                                        
  4811.101      20.0     4.760     -3.98                                        
  4811.130      23.1     3.755     -2.53                                        
  4811.294      24.0     3.090     -3.58                                        
  4811.336      24.0     4.398     -3.73                                        
  4811.342      60.1     0.064     -1.14                                        
  4811.427      24.0     4.437     -3.61                                        
  4811.536      22.0     2.736     -3.51                                        
  4811.540      23.0     2.038     -5.07                                        
  4811.606      79.0     5.101     -0.68                                        
  4811.623      25.1     5.414     -2.34                                        
  4811.635      20.0     5.014     -5.12                                        
  4811.877      38.0     1.846      0.07                                        
  4811.902      24.0     2.887     -4.01                                        
  4811.979      28.0     3.655     -1.48                                        
  4812.030      20.0     5.177     -1.78                                        
  4812.033      25.1     6.180     -2.40                                        
  4812.233      22.0     2.343     -0.66                                        
  4812.233      24.0     4.200     -1.48                                        
  4812.281      42.0     3.263     -1.91                                        
  4812.337      24.1     3.861     -1.80                                        
  4812.383      24.0     4.183     -4.15                                        
  4812.404      15.0     7.411     -2.00                                        
  4812.468      26.0     2.756     -5.40                                        
  4812.478      42.0     3.300     -1.64                                        
