Eu II       4205.0           line list
  4203.041      24.0     2.998     -4.07                                        
  4203.046 106.00112     1.017     -1.26               3.470               Plez 
  4203.047 607.01214     3.555     -0.67               7.650                    
  4203.050      62.1     0.434     -0.51                                 LAWLER 
  4203.072 607.01214     3.387     -0.66               7.650                    
  4203.099 106.00112     1.017     -3.58               3.470               Plez 
  4203.117      20.0     2.930     -0.92                                        
  4203.134      25.0     4.602     -1.52                                        
  4203.173      23.0     3.222     -3.05                                        
  4203.176      24.0     2.965     -7.88                                        
  4203.207 607.01214     3.389     -0.68               7.650                    
  4203.219      20.0     5.957     -4.49                                        
  4203.239      24.0     2.985     -6.68                                        
  4203.242      24.0     2.543     -2.44                                        
  4203.280 607.01214     3.389     -4.67               7.650                    
  4203.290      24.0     2.543     -3.17                                        
  4203.295      26.0     3.015     -3.65                                        
  4203.301 607.01214     3.555     -0.67               7.650                    
  4203.302      23.0     0.275     -2.58                                        
  4203.303      26.0     4.151     -3.53                                        
  4203.312 607.01214     3.387     -0.67               7.650                    
  4203.394 607.01214     3.387     -4.74               7.650                    
  4203.402      26.0     3.249     -5.36                                        
  4203.404 607.01214     3.555     -4.92               7.650                    
  4203.410      41.0     1.661     -0.64                                        
  4203.411 106.00113     1.017     -1.25               3.470               Plez 
  4203.457 106.00113     1.017     -1.26               3.470               Plez 
  4203.457      22.0     2.248     -0.33                                        
  4203.502      58.1     0.000     -1.85                                        
  4203.519      23.0     2.636     -2.59                                        
  4203.520 607.01214     3.704     -0.70               7.650                    
  4203.529      22.0     1.459     -3.64                                        
  4203.569      26.0     1.010     -3.87                                        
  4203.589      24.0     2.542     -1.12                                        
  4203.589 607.01214     3.439     -0.66               7.650                    
  4203.666      22.0     2.576     -7.88                                        
  4203.675      26.0     4.581     -0.69                                        
  4203.700 607.01214     0.840     -4.46               7.650                    
  4203.730      69.0     0.000     -0.18                                        
  4203.755      28.0     3.838     -2.30                                        
  4203.764 607.01214     0.840     -0.76               7.650                    
  4203.770 607.01214     0.260     -1.65               7.650                    
  4203.770 607.01214     2.864     -3.79               7.650                    
  4203.775 607.01214     3.777     -0.76               7.650                    
  4203.777 607.01214     3.704     -0.70               7.650                    
  4203.780 607.01214     0.260     -1.73               7.650                    
  4203.784 607.01214     2.864     -1.18               7.650                    
  4203.787 607.01214     0.260     -3.54               7.650                    
  4203.816      74.0     1.507     -1.29                                        
  4203.836 607.01214     2.864     -1.21               7.650                    
  4203.837 607.01214     3.439     -0.66               7.650                    
  4203.841 607.01214     0.840     -0.77               7.650                    
  4203.878 607.01214     3.437     -0.69               7.650                    
  4203.893 607.01214     3.704     -5.03               7.650                    
  4203.929 607.01214     3.439     -4.82               7.650                    
  4203.933      20.0     5.879     -3.44                                        
  4203.938      26.0     3.632     -0.35                                        
  4203.965      26.0     3.271     -1.01                                        
  4203.985      26.0     2.843     -2.36                                        
  4203.993 607.01214     3.777     -0.77               7.650                    
  4204.000      23.0     2.721     -4.79                                        
  4204.012      27.0     3.663     -3.05                                        
  4204.016      26.0     2.996     -6.45                                        
  4204.041 607.01214     3.083     -1.22               7.650                    
  4204.042      57.1     0.708     -1.01                                        
  4204.042 607.01214     3.777     -4.49               7.650                    
  4204.046      23.0     2.377     -2.83                                        
  4204.106 607.01214     3.437     -0.70               7.650                    
  4204.110 607.01214     3.083     -1.24               7.650                    
  4204.122      20.0     4.776     -3.79                                        
  4204.125 607.01214     3.083     -3.94               7.650                    
  4204.145      27.1     7.605     -3.18                                        
  4204.170 607.01214     3.437     -4.61               7.650                    
  4204.197      26.0     4.412     -0.69                                        
  4204.204      24.0     2.542     -2.64                                        
  4204.214      23.1     1.702     -2.45                                        
  4204.244      25.0     4.270     -1.70                                        
  4204.299 607.01214     2.826     -1.53               7.650                    
  4204.315      41.0     1.094     -1.20                                        
  4204.325 607.01214     2.826     -1.60               7.650                    
  4204.331 607.01214     2.826     -3.42               7.650                    
  4204.354      92.1     0.000     -1.72                                        
  4204.408      74.0     2.386     -0.17                                        
  4204.414 607.01214     3.625     -4.46               7.650                    
  4204.441 607.01214     3.625     -1.22               7.650                    
  4204.460      24.0     3.977     -0.04                                        
  4204.481      26.1     7.569     -2.76                                        
  4204.488 607.01214     3.857     -4.75               7.650                    
  4204.500      23.0     0.267     -3.50                                        
  4204.515      21.0     1.985     -1.80                                        
  4204.536      75.0     2.745     -0.36                                        
  4204.569 607.01214     3.625     -1.24               7.650                    
  4204.576 607.01214     3.857     -0.60               7.650                    
  4204.580      22.1     7.367     -1.73                                        
  4204.610      42.0     2.916     -1.44                                        
  4204.613 607.01214     0.258     -1.73               7.650                    
  4204.619 607.01214     0.258     -1.81               7.650                    
  4204.624 607.01214     0.258     -3.46               7.650                    
  4204.644      24.1     4.934     -5.20                                        
  4204.694      39.1     0.000     -1.76                                BIEMONT 
  4204.717      58.1     0.792     -1.28                                 LAWLER 
  4204.747 607.01214     3.929     -4.54               7.650                    
  4204.764 106.00112     0.519     -1.29               3.470               Plez 
  4204.771 106.00112     0.520     -1.26               3.470               Plez 
  4204.800      62.1     0.378     -1.94                                 LAWLER 
  4204.803 607.01214     3.930     -0.71               7.650                    
  4204.826      24.1     5.666     -3.00                                        
  4204.827      22.0     2.493     -6.25                                        
  4204.851 607.01214     3.857     -0.60               7.650                    
  4204.852 106.00112     0.520     -3.49               3.470               Plez 
  4204.852      27.0     3.512     -3.24                                        
  4204.860      64.1     0.522     -0.65                                 LAWLER 
  4204.878   63.1151     0.000     -1.11                                 LAWLER 
  4204.881   63.1151     0.000     -1.41                                 LAWLER 
  4204.886   63.1151     0.000     -2.37                                 LAWLER 
  4204.904   63.1151     0.000     -0.94                                 LAWLER 
  4204.909   63.1151     0.000     -1.23                                 LAWLER 
  4204.916   63.1151     0.000     -2.26                                 LAWLER 
  4204.923      23.0     2.262     -3.54                                        
  4204.941   63.1151     0.000     -0.77                                 LAWLER 
  4204.946 106.00113     0.520     -3.49               3.470               Plez 
  4204.948   63.1151     0.000     -1.17                                 LAWLER 
  4204.957   63.1151     0.000     -2.37                                 LAWLER 
  4204.977   63.1153     0.000     -1.11                                 LAWLER 
  4204.979   63.1153     0.000     -1.41                                 LAWLER 
  4204.982   63.1153     0.000     -2.37                                 LAWLER 
  4204.989   63.1151     0.000     -0.63                                 LAWLER 
  4204.989   63.1153     0.000     -0.94                                 LAWLER 
  4204.992   63.1153     0.000     -1.23                                 LAWLER 
  4204.996   63.1153     0.000     -2.26                                 LAWLER 
  4204.997      24.0     2.965     -7.63                                        
  4204.998   63.1151     0.000     -1.21                                 LAWLER 
  4205.006   63.1153     0.000     -0.77                                 LAWLER 
  4205.008   63.1151     0.000     -2.71                                 LAWLER 
  4205.010   63.1153     0.000     -1.17                                 LAWLER 
  4205.013      58.1     0.560     -2.17                                 LAWLER 
  4205.014   63.1153     0.000     -2.37                                 LAWLER 
  4205.016      26.0     4.217     -1.92                                        
  4205.025 607.01214     0.817     -4.45               7.650                    
  4205.028      24.0     4.613     -1.46                                        
  4205.028   63.1153     0.000     -0.63                                 LAWLER 
  4205.032   63.1153     0.000     -1.21                                 LAWLER 
  4205.036   63.1153     0.000     -2.71                                 LAWLER 
  4205.038      23.1     1.684     -1.88                                        
  4205.040      27.1     2.983     -6.96                                        
  4205.040 607.01214     3.929     -0.72               7.650                    
  4205.048   63.1151     0.000     -0.50                                 LAWLER 
  4205.054   63.1153     0.000     -0.50                                 LAWLER 
  4205.058   63.1151     0.000     -1.39                                 LAWLER 
  4205.058   63.1153     0.000     -1.39                                 LAWLER 
  4205.083      24.0     2.706     -6.73                                        
  4205.084   63.1153     0.000     -0.38                                 LAWLER 
  4205.088 607.01214     0.817     -0.77               7.650                    
  4205.089      23.1     2.034     -1.05                                        
  4205.098      26.0     2.557     -5.07                                        
  4205.117   63.1151     0.000     -0.38                                 LAWLER 
  4205.123      24.0     4.528     -1.16                                        
  4205.126      26.0     4.214     -3.90                                        
  4205.161 607.01214     0.817     -0.78               7.650                    
  4205.163      58.1     1.212     -0.65                                        
  4205.203      21.0     1.986     -0.82                                        
  4205.250      60.1     0.559     -0.87                                 LAWLER 
  4205.253      60.1     0.680     -0.80                                        
  4205.297 607.01214     3.928     -1.48               7.650                    
  4205.303      41.0     0.049     -0.85                                        
  4205.316 106.00113     0.519     -1.29               3.470               Plez 
  4205.318      68.0     1.623      0.62                                        
  4205.330 607.01214     3.138     -4.08               7.650                    
  4205.333 106.00112     1.019     -1.25               3.470               Plez 
  4205.346 106.00113     0.520     -1.26               3.470               Plez 
  4205.348 106.00113     1.019     -3.58               3.470               Plez 
  4205.352 607.01214     3.138     -1.08               7.650                    
  4205.381      25.1     1.808     -3.38                                        
  4205.390      20.0     4.765     -4.43                                        
  4205.411 106.00112     1.019     -1.26               3.470               Plez 
  4205.415 106.00112     1.019     -3.58               3.470               Plez 
  4205.422 106.00112     0.488     -3.99               3.470               Plez 
  4205.425 607.01214     0.256     -1.81               7.650                    
  4205.429 607.01214     0.256     -1.93               7.650                    
  4205.431 607.01214     3.522     -0.71               7.650                    
  4205.433 607.01214     0.256     -3.36               7.650                    
  4205.440 607.01214     3.138     -1.10               7.650                    
  4205.473      26.1     2.640     -5.80                                        
  4205.475 607.01214     2.858     -3.75               7.650                    
  4205.484      26.0     3.632     -5.38                                        
  4205.489 607.01214     2.858     -1.21               7.650                    
  4205.505 607.01214     3.927     -1.48               7.650                    
  4205.537 607.01214     2.858     -1.24               7.650                    
  4205.538 607.01214     3.841     -0.77               7.650                    
  4205.539      26.0     3.414     -1.32                                        
  4205.540 607.01214     3.955     -0.88               7.650                    
  4205.572      23.1     6.453     -4.07                                        
  4205.580      60.1     0.630     -0.55                                 LAWLER 
  4205.617      26.0     4.431     -3.10                                        
  4205.624      20.0     5.881     -4.00                                        
  4205.624 607.01214     3.988     -1.09               7.650                    
  4205.653 607.01214     3.522     -0.72               7.650                    
  4205.694 106.00113     0.488     -3.99               3.470               Plez 
  4205.709 607.01214     3.329     -1.21               7.650                    
  4205.712 607.01214     3.522     -4.56               7.650                    
  4205.740 106.00113     1.019     -1.25               3.470               Plez 
  4205.779      62.0     0.498     -0.05                                        
  4205.785 607.01214     3.955     -0.89               7.650                    
  4205.790      58.1     0.875     -1.18                                        
  4205.792      25.1     5.344     -3.76                                        
  4205.792 607.01214     3.841     -0.77               7.650                    
  4205.803 607.01214     3.329     -1.24               7.650                    
  4205.806      42.0     3.176     -0.68                                        
  4205.822 607.01214     3.329     -4.17               7.650                    
  4205.823 106.00113     1.019     -1.26               3.470               Plez 
  4205.826 607.01214     0.795     -4.44               7.650                    
  4205.841      23.0     1.929     -2.99                                        
  4205.854 607.01214     3.988     -1.09               7.650                    
  4205.859      22.0     2.254     -1.97                                        
  4205.871      23.0     3.264     -4.12                                        
  4205.885      73.0     0.491     -1.35                                        
  4205.887 607.01214     0.795     -0.78               7.650                    
  4205.891      25.0     4.604     -2.87                                        
  4205.893      58.1     1.273     -0.79                                        
  4205.912      22.1     1.115     -3.91                                        
  4205.920 607.01214     3.841     -5.16               7.650                    
  4205.939      40.1     2.408     -1.50                                        
  4205.954 607.01214     2.824     -1.60               7.650                    
  4205.959 607.01214     0.795     -0.79               7.650                    
  4205.969 106.00112     0.488     -3.99               3.470               Plez 
  4205.976 607.01214     2.824     -1.69               7.650                    
  4205.981 607.01214     2.824     -3.34               7.650                    
  4205.992      24.1     6.277     -3.58                                        
  4206.004      69.1     0.000     -1.89                                        
  4206.015      44.0     1.002     -0.48                                        
  4206.064      23.1     1.671     -3.72                                        
  4206.114      41.0     1.572     -0.62                                        
  4206.120      62.1     0.378     -0.72                                 LAWLER 
  4206.142      27.0     2.716     -2.11                                        
  4206.144      27.0     3.512     -1.44                                        
  4206.176      20.1     7.499     -2.21                                        
  4206.187      68.1     0.886     -2.43                                 LAWLER 
  4206.190      23.0     2.267     -3.62                                        
  4206.210 607.01214     0.254     -1.93               7.650                    
  4206.214 607.01214     0.254     -2.08               7.650                    
  4206.217 607.01214     0.254     -3.23               7.650                    
  4206.241 106.00113     0.488     -3.99               3.470               Plez 
  4206.250      24.0     4.529     -2.44                                        
  4206.251 607.01214     3.637     -0.73               7.650                    
  4206.301      23.0     3.224     -4.64                                        
  4206.301      26.0     4.383     -1.38                                        
  4206.367      25.1     5.393     -1.57                                        
  4206.432 607.01214     3.777     -4.62               7.650                    
  4206.446      25.0     4.255     -2.82                                        
  4206.458      22.0     2.504     -3.18                                        
  4206.470 607.01214     3.637     -0.74               7.650                    
  4206.500 607.01214     3.777     -0.65               7.650                    
  4206.523 607.01214     3.637     -4.52               7.650                    
  4206.540      66.1     0.000     -1.38                                 LAWLER 
  4206.543 607.01214     3.774     -4.68               7.650                    
  4206.574      72.1     2.495      0.05                                        
  4206.595 607.01214     0.773     -4.43               7.650                    
  4206.597 106.00112     0.521     -1.26               3.470               Plez 
  4206.599      23.0     2.576     -0.70                                        
  4206.613      45.0     0.410     -2.62                                        
  4206.620 607.01214     3.774     -0.62               7.650                    
  4206.620      62.1     0.543     -0.83                                 LAWLER 
  4206.634      26.0     4.431     -2.14                                        
  4206.645 106.00112     0.521     -1.29               3.470               Plez 
  4206.655 607.01214     0.773     -0.79               7.650                    
  4206.657      90.1     2.196     -0.48                                        
  4206.678 106.00112     0.521     -3.49               3.470               Plez 
  4206.697      26.0     0.052     -3.88                                        
  4206.700      20.0     6.012     -2.46                                        
  4206.703 106.00112     1.015     -7.34               3.470               Plez 
  4206.720      59.1     0.550     -0.32                                LINOHFS 
  4206.726 607.01214     0.773     -0.79               7.650                    
  4206.751 607.01214     3.777     -0.66               7.650                    
  4206.772 106.00113     0.521     -3.49               3.470               Plez 
  4206.777      21.0     1.994     -1.57                                        
  4206.827      26.0     4.470     -3.96                                        
  4206.864      20.0     5.960     -4.11                                        
  4206.871      22.0     1.967     -6.75                                        
  4206.881 607.01214     3.774     -0.63               7.650                    
  4206.895      24.0     4.614      0.26                                        
