Nd II    4706.5       line list
  4703.003      40.1     2.488     -0.80                                        
  4703.023      22.1     2.596     -4.73                                        
  4703.085      25.0     5.108     -3.61                                        
  4703.092      27.0     3.407     -3.10                               KURNOHFS 
  4703.114      26.0     3.639     -7.33                                        
  4703.122      22.0     2.470     -1.98                                        
  4703.133      64.0     1.053     -0.04                                        
  4703.208      22.0     3.303     -3.83                                        
  4703.256      21.1     7.974     -1.50                                        
  4703.258      57.1     1.945     -0.45                                        
  4703.333      62.1     1.075     -1.60                                        
  4703.443      26.0     3.265     -5.88                                        
  4703.446      25.1     6.107     -4.72                                        
  4703.497      23.1     1.671     -4.24                                        
  4703.570      60.1     0.380     -1.00                                 LAWLER 
  4703.616      26.1     7.982     -3.52                                        
  4703.734      27.0     4.237     -3.94                                        
  4703.803      28.0     3.655     -0.73                                        
  4703.838      23.0     2.573     -2.57                               KURNOHFS 
  4703.888      24.0     5.130     -3.81                                        
  4703.921      22.0     1.066     -3.92                                        
  4703.990      90.0     0.000     -1.95                                        
  4704.096   27.0059     3.710     -1.77                                 KURHFS 
  4704.107   27.0059     3.710     -1.77                                 KURHFS 
  4704.107   27.0059     3.710     -1.95                                 KURHFS 
  4704.124   27.0059     3.710     -1.61                                 KURHFS 
  4704.124   27.0059     3.710     -2.07                                 KURHFS 
  4704.124   27.0059     3.710     -2.20                                 KURHFS 
  4704.146   27.0059     3.710     -1.60                                 KURHFS 
  4704.146   27.0059     3.710     -1.64                                 KURHFS 
  4704.146   27.0059     3.710     -2.63                                 KURHFS 
  4704.174   27.0059     3.710     -1.35                                 KURHFS 
  4704.174   27.0059     3.710     -1.76                                 KURHFS 
  4704.207   27.0059     3.710     -1.14                                 KURHFS 
  4704.322   27.0059     3.710     -2.50                                 KURHFS 
  4704.322   27.0059     3.710     -2.75                                 KURHFS 
  4704.322   27.0059     3.710     -2.79                                 KURHFS 
  4704.333   27.0059     3.710     -2.31                                 KURHFS 
  4704.333   27.0059     3.710     -2.37                                 KURHFS 
  4704.333   27.0059     3.710     -2.75                                 KURHFS 
  4704.334   23.0051     1.929     -6.95                                 KURHFS 
  4704.334   23.0051     1.929     -7.20                                 KURHFS 
  4704.334   23.0051     1.929     -7.23                                 KURHFS 
  4704.345   23.0051     1.929     -6.76                                 KURHFS 
  4704.345   23.0051     1.929     -6.82                                 KURHFS 
  4704.345   23.0051     1.929     -7.20                                 KURHFS 
  4704.350   27.0059     3.710     -2.11                                 KURHFS 
  4704.350   27.0059     3.710     -2.22                                 KURHFS 
  4704.350   27.0059     3.710     -2.81                                 KURHFS 
  4704.360   23.0051     1.929     -6.56                                 KURHFS 
  4704.360   23.0051     1.929     -6.67                                 KURHFS 
  4704.360   23.0051     1.929     -7.25                                 KURHFS 
  4704.372   27.0059     3.710     -1.91                                 KURHFS 
  4704.372   27.0059     3.710     -2.20                                 KURHFS 
  4704.372   27.0059     3.710     -2.93                                 KURHFS 
  4704.380   23.0051     1.929     -6.36                                 KURHFS 
  4704.380   23.0051     1.929     -6.65                                 KURHFS 
  4704.380   23.0051     1.929     -7.38                                 KURHFS 
  4704.400   27.0059     3.710     -1.75                                 KURHFS 
  4704.400   27.0059     3.710     -2.25                                 KURHFS 
  4704.400   27.0059     3.710     -3.15                                 KURHFS 
  4704.400      62.1     0.000     -0.86                                 LAWLER 
  4704.405   23.0051     1.929     -6.20                                 KURHFS 
  4704.405   23.0051     1.929     -6.70                                 KURHFS 
  4704.405   23.0051     1.929     -7.60                                 KURHFS 
  4704.422      20.0     4.776     -3.48                                        
  4704.433   27.0059     3.710     -1.61                                 KURHFS 
  4704.433   27.0059     3.710     -2.45                                 KURHFS 
  4704.433   27.0059     3.710     -3.56                                 KURHFS 
  4704.435   23.0051     1.929     -6.06                                 KURHFS 
  4704.435   23.0051     1.929     -6.90                                 KURHFS 
  4704.435   23.0051     1.929     -8.01                                 KURHFS 
  4704.491      23.1     6.779     -3.88                                        
  4704.499      24.0     2.980     -4.67                                        
  4704.550      26.0     2.756     -6.94                                        
  4704.573   27.0059     2.955     -5.69                                 KURHFS 
  4704.573   27.0059     2.955     -5.80                                 KURHFS 
  4704.573   27.0059     2.955     -5.91                                 KURHFS 
  4704.573   27.0059     2.955     -6.04                                 KURHFS 
  4704.573   27.0059     2.955     -6.19                                 KURHFS 
  4704.573   27.0059     2.955     -6.36                                 KURHFS 
  4704.573   27.0059     2.955     -6.41                                 KURHFS 
  4704.573   27.0059     2.955     -6.42                                 KURHFS 
  4704.573   27.0059     2.955     -6.46                                 KURHFS 
  4704.573   27.0059     2.955     -6.49                                 KURHFS 
  4704.573   27.0059     2.955     -6.56                                 KURHFS 
  4704.573   27.0059     2.955     -6.56                                 KURHFS 
  4704.573   27.0059     2.955     -6.70                                 KURHFS 
  4704.573   27.0059     2.955     -6.76                                 KURHFS 
  4704.573   27.0059     2.955     -6.83                                 KURHFS 
  4704.573   27.0059     2.955     -7.30                                 KURHFS 
  4704.573   27.0059     2.955     -7.30                                 KURHFS 
  4704.573   27.0059     2.955     -7.40                                 KURHFS 
  4704.573   27.0059     2.955     -7.46                                 KURHFS 
  4704.573   27.0059     2.955     -7.60                                 KURHFS 
  4704.573   27.0059     2.955     -8.00                                 KURHFS 
  4704.591      29.0     5.098     -0.78                                        
  4704.648      22.0     3.427     -3.34                                        
  4704.845      25.0     4.709     -3.03                                        
  4704.948      26.0     3.684     -1.57                                        
  4704.965      22.0     2.504     -4.54                                        
  4704.989      24.0     5.107     -2.32                                        
  4704.993   23.0051     2.377     -1.33                                 KURHFS 
  4704.993   23.0051     2.377     -1.74                                 KURHFS 
  4705.000      62.1     0.659     -2.25                                 LAWLER 
  4705.002   23.0051     2.377     -1.63                                 KURHFS 
  4705.002   23.0051     2.377     -1.74                                 KURHFS 
  4705.002   23.0051     2.377     -1.95                                 KURHFS 
  4705.002      24.0     4.141     -1.24                                        
  4705.008   23.0051     2.377     -1.63                                 KURHFS 
  4705.008   23.0051     2.377     -1.75                                 KURHFS 
  4705.013   23.0051     2.377     -1.75                                 KURHFS 
  4705.013   23.0051     2.377     -1.93                                 KURHFS 
  4705.046      75.0     2.745     -0.70                                        
  4705.082   23.0051     2.364     -2.64                                 KURHFS 
  4705.083   23.0051     2.364     -2.36                                 KURHFS 
  4705.083   23.0051     2.364     -2.61                                 KURHFS 
  4705.084   23.0051     2.364     -2.17                                 KURHFS 
  4705.084   23.0051     2.364     -2.61                                 KURHFS 
  4705.084   23.0051     2.364     -2.66                                 KURHFS 
  4705.086   23.0051     2.364     -2.08                                 KURHFS 
  4705.086   23.0051     2.364     -2.22                                 KURHFS 
  4705.086   23.0051     2.364     -2.79                                 KURHFS 
  4705.089   23.0051     2.364     -1.97                                 KURHFS 
  4705.089   23.0051     2.364     -2.06                                 KURHFS 
  4705.089   23.0051     2.364     -3.01                                 KURHFS 
  4705.092   23.0051     2.364     -1.77                                 KURHFS 
  4705.092   23.0051     2.364     -2.11                                 KURHFS 
  4705.092   23.0051     2.364     -3.42                                 KURHFS 
  4705.097   23.0051     2.364     -1.61                                 KURHFS 
  4705.097   23.0051     2.364     -2.31                                 KURHFS 
  4705.101   23.0051     2.364     -1.47                                 KURHFS 
  4705.230      23.1     6.474     -3.97                                        
  4705.381      27.0     4.256     -3.71                                        
  4705.425      24.0     4.201     -1.48                                        
  4705.450      22.0     0.825     -4.11                                        
  4705.457      26.0     3.544     -2.31                                        
  4705.505      28.0     3.477     -2.29                                        
  4705.618      22.1     5.643     -2.12                                        
  4705.658      24.0     3.119     -3.50                                        
  4705.690      22.0     3.321     -3.19                                        
  4705.761      90.1     1.203     -1.21                                        
  4705.843      22.0     3.405     -3.96                                        
  4705.874      42.0     3.196     -1.61                                        
  4705.911      22.0     3.184     -3.28                                        
  4705.916      28.0     3.655     -1.39                                        
  4706.045      21.0     3.055     -3.32                               KURNOHFS 
  4706.051      42.0     2.913     -0.81                                        
  4706.081      21.0     3.055     -2.68                               KURNOHFS 
  4706.089      24.0     3.110     -1.23                                        
  4706.090      73.0     1.393     -1.46                                        
  4706.115   23.0051     1.929     -1.69                                 KURHFS 
  4706.125   23.0051     1.929     -1.69                                 KURHFS 
  4706.125   23.0051     1.929     -1.87                                 KURHFS 
  4706.130      22.0     2.493     -5.37                                        
  4706.140   23.0051     1.929     -1.53                                 KURHFS 
  4706.140   23.0051     1.929     -2.00                                 KURHFS 
  4706.140   23.0051     1.929     -2.12                                 KURHFS 
  4706.160   23.0051     1.929     -1.52                                 KURHFS 
  4706.160   23.0051     1.929     -1.56                                 KURHFS 
  4706.160   23.0051     1.929     -2.55                                 KURHFS 
  4706.167      74.0     2.036     -1.63                                        
  4706.185   23.0051     1.929     -1.27                                 KURHFS 
  4706.185   23.0051     1.929     -1.68                                 KURHFS 
  4706.204      24.0     3.461     -1.54                                        
  4706.216   23.0051     1.929     -1.06                                 KURHFS 
  4706.236      27.1     7.848     -3.24                                        
  4706.251      90.1     0.867     -2.05                                        
  4706.271      23.0     2.573     -0.57                               KURNOHFS 
  4706.300      26.0     3.639     -2.95                                        
  4706.433      23.0     2.580     -5.70                               KURNOHFS 
  4706.488   23.0051     2.136     -1.39                                 KURHFS 
  4706.498   23.0051     2.136     -1.31                                 KURHFS 
  4706.498   23.0051     2.136     -2.12                                 KURHFS 
  4706.512   23.0051     2.136     -1.22                                 KURHFS 
  4706.512   23.0051     2.136     -1.90                                 KURHFS 
  4706.512   23.0051     2.136     -3.33                                 KURHFS 
  4706.529   23.0051     2.136     -1.14                                 KURHFS 
  4706.529   23.0051     2.136     -1.81                                 KURHFS 
  4706.529   23.0051     2.136     -3.10                                 KURHFS 
  4706.540      60.1     0.000     -0.71                                 LAWLER 
  4706.550   23.0051     2.136     -1.06                                 KURHFS 
  4706.550   23.0051     2.136     -1.77                                 KURHFS 
  4706.550   23.0051     2.136     -3.05                                 KURHFS 
  4706.574   23.0051     2.136     -0.98                                 KURHFS 
  4706.574   23.0051     2.136     -1.79                                 KURHFS 
  4706.574   23.0051     2.136     -3.12                                 KURHFS 
  4706.601   23.0051     2.136     -0.91                                 KURHFS 
  4706.601   23.0051     2.136     -1.88                                 KURHFS 
  4706.601   23.0051     2.136     -3.30                                 KURHFS 
  4706.632   23.0051     2.136     -0.84                                 KURHFS 
  4706.632   23.0051     2.136     -2.10                                 KURHFS 
  4706.632   23.0051     2.136     -3.68                                 KURHFS 
  4706.632      28.0     3.844     -2.27                                        
  4706.640      26.0     1.556     -5.71                                        
  4706.675      21.0     4.988     -3.19                                        
  4706.757      14.0     5.078     -2.33                                        
  4706.929      21.0     2.294     -0.33                               KURNOHFS 
  4706.956      60.0     0.140     -0.09                                        
  4707.000      58.0     0.520     -0.28                                        
  4707.001      26.0     3.265     -4.38                                        
  4707.113      22.1     5.419     -4.34                                        
  4707.170      42.0     3.393     -1.20                                        
  4707.243      58.0     0.000     -0.71                                        
  4707.247      42.0     2.595      0.04                                        
  4707.265   27.0059     4.022     -2.81                                 KURHFS 
  4707.265   27.0059     4.022     -3.82                                 KURHFS 
  4707.265   27.0059     4.022     -5.12                                 KURHFS 
  4707.274      26.0     3.239     -1.08                                        
  4707.318   27.0059     4.022     -2.92                                 KURHFS 
  4707.318   27.0059     4.022     -3.61                                 KURHFS 
  4707.318   27.0059     4.022     -4.72                                 KURHFS 
  4707.324      24.0     5.130     -3.25                                        
  4707.330      64.1     1.371     -1.72                                 LAWLER 
  4707.363   27.0059     4.022     -3.03                                 KURHFS 
  4707.363   27.0059     4.022     -3.53                                 KURHFS 
  4707.363   27.0059     4.022     -4.52                                 KURHFS 
  4707.382      22.1     5.229     -4.17                                        
  4707.401   27.0059     4.022     -3.16                                 KURHFS 
  4707.401   27.0059     4.022     -3.53                                 KURHFS 
  4707.401   27.0059     4.022     -4.42                                 KURHFS 
  4707.416   23.0051     1.944     -5.22                                 KURHFS 
  4707.416   23.0051     1.944     -5.47                                 KURHFS 
  4707.416   23.0051     1.944     -5.50                                 KURHFS 
  4707.420   23.0051     1.944     -5.03                                 KURHFS 
  4707.420   23.0051     1.944     -5.08                                 KURHFS 
  4707.420   23.0051     1.944     -5.47                                 KURHFS 
  4707.427   23.0051     1.944     -4.83                                 KURHFS 
  4707.427   23.0051     1.944     -4.94                                 KURHFS 
  4707.427   23.0051     1.944     -5.52                                 KURHFS 
  4707.431   27.0059     4.022     -3.31                                 KURHFS 
  4707.431   27.0059     4.022     -3.58                                 KURHFS 
  4707.431   27.0059     4.022     -4.42                                 KURHFS 
  4707.436   23.0051     1.944     -4.63                                 KURHFS 
  4707.436   23.0051     1.944     -4.92                                 KURHFS 
  4707.436   23.0051     1.944     -5.65                                 KURHFS 
  4707.448   23.0051     1.944     -4.47                                 KURHFS 
  4707.448   23.0051     1.944     -4.97                                 KURHFS 
  4707.448   23.0051     1.944     -5.87                                 KURHFS 
  4707.453   27.0059     4.022     -3.48                                 KURHFS 
  4707.453   27.0059     4.022     -3.68                                 KURHFS 
  4707.453   27.0059     4.022     -4.58                                 KURHFS 
  4707.461   23.0051     1.944     -4.33                                 KURHFS 
  4707.461   23.0051     1.944     -5.17                                 KURHFS 
  4707.461   23.0051     1.944     -6.28                                 KURHFS 
  4707.468   27.0059     4.022     -3.68                                 KURHFS 
  4707.468   27.0059     4.022     -3.88                                 KURHFS 
  4707.476   27.0059     4.022     -3.94                                 KURHFS 
  4707.481   23.0051     2.364     -5.50                                 KURHFS 
  4707.482   23.0051     2.364     -5.22                                 KURHFS 
  4707.482   23.0051     2.364     -5.50                                 KURHFS 
  4707.482   23.0051     2.364     -6.52                                 KURHFS 
  4707.484   23.0051     2.364     -5.08                                 KURHFS 
  4707.484   23.0051     2.364     -5.22                                 KURHFS 
  4707.484   23.0051     2.364     -5.83                                 KURHFS 
  4707.486   23.0051     2.364     -5.02                                 KURHFS 
  4707.486   23.0051     2.364     -5.08                                 KURHFS 
  4707.486   23.0051     2.364     -5.38                                 KURHFS 
  4707.488   23.0051     2.364     -5.01                                 KURHFS 
  4707.488   23.0051     2.364     -5.02                                 KURHFS 
  4707.488   23.0051     2.364     -5.05                                 KURHFS 
  4707.488      26.0     2.843     -2.34                                        
  4707.492   23.0051     2.364     -4.78                                 KURHFS 
  4707.492   23.0051     2.364     -5.01                                 KURHFS 
  4707.492   23.0051     2.364     -5.08                                 KURHFS 
  4707.496   23.0051     2.364     -4.57                                 KURHFS 
  4707.496   23.0051     2.364     -5.08                                 KURHFS 
  4707.496   23.0051     2.364     -5.28                                 KURHFS 
  4707.501   23.0051     2.364     -4.38                                 KURHFS 
  4707.501   23.0051     2.364     -5.28                                 KURHFS 
  4707.540      59.1     0.204     -1.28                                LINOHFS 
  4707.640      22.0     3.059     -1.18                                        
  4707.659      25.0     4.662     -3.64                                        
  4707.663      27.1     7.974     -4.08                                        
  4707.680      26.1     7.923     -3.34                                        
  4707.726      26.0     3.632     -7.71                                        
  4707.748      24.0     3.373     -1.29                                        
  4707.772      40.0     1.481     -0.62                                        
  4707.932      58.1     0.879     -1.14                                 LAWLER 
  4707.940      65.1     1.114     -0.40                               LAWNOHFS 
  4707.999      14.0     5.078     -3.84                                        
  4708.020      24.0     3.165      0.07                                 SOBECK 
  4708.073      59.1     0.055     -1.08                                        
  4708.078      23.0     2.503     -8.36                               KURNOHFS 
  4708.100      90.1     1.453     -1.90                                        
  4708.155      24.0     3.090     -3.06                                        
  4708.177      57.0     1.138     -0.64                                        
  4708.180      23.0     2.372     -2.76                               KURNOHFS 
  4708.222      42.0     2.258     -0.90                                        
  4708.275      41.0     1.353     -0.66                                        
  4708.306      23.0     2.876     -2.59                               KURNOHFS 
  4708.415      22.0     3.196     -3.80                                        
  4708.429      22.0     1.872     -6.88                                        
  4708.501      26.0     3.571     -6.92                                        
  4708.597      23.0     2.576     -4.16                               KURNOHFS 
  4708.650      28.0     4.150     -2.25                                        
  4708.665      22.1     1.236     -2.21                                        
  4708.852      72.0     2.837     -0.20                                        
  4708.858      39.0     1.886     -0.82                                        
  4708.863      27.0     4.172     -2.29                                        
  4708.885      77.0     2.361     -1.82                                        
  4708.920      56.1     6.119     -0.89                                        
  4708.926      26.0     4.590     -2.57                                        
  4708.940      25.1     6.124     -3.17                                        
  4708.951      22.0     2.159     -1.05                                        
  4708.969      26.0     3.637     -2.03                                        
  4708.984   27.0059     4.022     -3.63                                 KURHFS 
  4708.984   27.0059     4.022     -4.64                                 KURHFS 
  4708.984   27.0059     4.022     -5.94                                 KURHFS 
  4709.012   27.0059     4.022     -3.74                                 KURHFS 
  4709.012   27.0059     4.022     -4.43                                 KURHFS 
  4709.012   27.0059     4.022     -5.54                                 KURHFS 
  4709.037   27.0059     4.022     -3.85                                 KURHFS 
  4709.037   27.0059     4.022     -4.36                                 KURHFS 
  4709.037   27.0059     4.022     -5.34                                 KURHFS 
  4709.057   27.0059     4.022     -3.98                                 KURHFS 
  4709.057   27.0059     4.022     -4.35                                 KURHFS 
  4709.057   27.0059     4.022     -5.24                                 KURHFS 
