Tb II    4002.6      line list
  3999.906   23.0051     0.017     -4.31                                 KURHFS 
  3999.909   23.0051     0.017     -3.61                                 KURHFS 
  4000.004      65.1     0.790     -0.21                                        
  4000.017      26.0     2.829     -3.15                                        
  4000.033      25.1     7.754     -1.21                                        
  4000.040   23.0051     1.182     -6.01                                 KURHFS 
  4000.040   23.0051     1.182     -6.33                                 KURHFS 
  4000.040   23.0051     1.182     -6.81                                 KURHFS 
  4000.043      22.0     2.091     -2.09                                        
  4000.044   59.1141     0.204     -3.88                                 LI/LAW 
  4000.048   23.0051     1.182     -6.33                                 KURHFS 
  4000.048   23.0051     1.182     -6.35                                 KURHFS 
  4000.048   23.0051     1.182     -6.48                                 KURHFS 
  4000.059   59.1141     0.204     -2.46                                 LI/LAW 
  4000.065   59.1141     0.204     -3.71                                 LI/LAW 
  4000.070   59.1141     0.204     -1.56                                 LI/LAW 
  4000.077      23.0     2.573     -1.04                               KURNOHFS 
  4000.083   59.1141     0.204     -2.27                                 LI/LAW 
  4000.091   59.1141     0.204     -3.78                                 LI/LAW 
  4000.098      26.0     4.183     -3.20                                        
  4000.098   59.1141     0.204     -1.47                                 LI/LAW 
  4000.113   59.1141     0.204     -2.22                                 LI/LAW 
  4000.123   59.1141     0.204     -4.10                                 LI/LAW 
  4000.131   59.1141     0.204     -1.39                                 LI/LAW 
  4000.148   59.1141     0.204     -2.26                                 LI/LAW 
  4000.170   59.1141     0.204     -1.31                                 LI/LAW 
  4000.183      64.0     0.841     -0.42                                        
  4000.188      24.0     4.183     -2.54                                        
  4000.189   59.1141     0.204     -2.46                                 LI/LAW 
  4000.213   59.1141     0.204     -1.23                                 LI/LAW 
  4000.235      26.0     3.299     -4.03                                        
  4000.248      26.0     4.280     -2.84                                        
  4000.253      26.0     3.263     -1.62                                        
  4000.263   59.1141     0.204     -1.15                                 LI/LAW 
  4000.281      90.0     1.290     -0.38                                        
  4000.322      24.0     3.977     -3.56                                        
  4000.377      42.0     2.595     -1.39                                        
  4000.417      68.1     0.636     -2.18                                 LAWLER 
  4000.446      23.1     3.800     -4.25                                        
  4000.450      66.1     0.100      0.04                                 LAWLER 
  4000.457      26.0     2.988     -1.63                                        
  4000.479      24.0     4.398     -2.34                                        
  4000.490      60.1     0.204     -0.84                                 LAWLER 
  4000.492      42.0     3.075     -0.48                                        
  4000.512      20.0     4.621     -3.27                                        
  4000.512      26.1     9.646     -4.15                                        
  4000.594      24.1     4.984     -4.91                                        
  4000.595      24.0     4.204     -2.14                                        
  4000.604      41.1     1.832     -1.07                                        
  4000.670      24.0     3.077     -4.42                                        
  4000.677      58.1     1.212     -1.08                                        
  4000.693      24.0     4.204     -1.63                                        
  4000.693   27.0059     3.629     -5.03                                 KURHFS 
  4000.697   27.0059     3.629     -4.74                                 KURHFS 
  4000.697   27.0059     3.629     -5.00                                 KURHFS 
  4000.705   27.0059     3.629     -4.55                                 KURHFS 
  4000.705   27.0059     3.629     -5.00                                 KURHFS 
  4000.705   27.0059     3.629     -5.05                                 KURHFS 
  4000.717   27.0059     3.629     -4.46                                 KURHFS 
  4000.717   27.0059     3.629     -4.61                                 KURHFS 
  4000.717   27.0059     3.629     -5.17                                 KURHFS 
  4000.731      22.0     2.332     -5.65                                        
  4000.733   27.0059     3.629     -4.35                                 KURHFS 
  4000.733   27.0059     3.629     -4.44                                 KURHFS 
  4000.733   27.0059     3.629     -5.39                                 KURHFS 
  4000.753      21.1     7.490     -5.37                                        
  4000.753   27.0059     3.629     -4.15                                 KURHFS 
  4000.753   27.0059     3.629     -4.49                                 KURHFS 
  4000.753   27.0059     3.629     -5.80                                 KURHFS 
  4000.777   27.0059     3.629     -3.99                                 KURHFS 
  4000.777   27.0059     3.629     -4.69                                 KURHFS 
  4000.801      58.1     0.674     -1.61                                        
  4000.805   27.0059     3.629     -3.85                                 KURHFS 
  4000.949      22.0     0.848     -7.69                                        
  4001.003      25.0     4.350     -1.45                                        
  4001.047      58.1     0.708     -0.74                                 LAWLER 
  4001.048      25.0     3.769     -1.46                               KURNOHFS 
  4001.058      90.0     0.966     -0.40                                        
  4001.063      24.0     4.446     -2.78                                        
  4001.089      40.0     0.154     -2.09                                        
  4001.105      26.0     3.637     -2.76                                        
  4001.116      23.1     5.533     -3.00                                        
  4001.120      23.1     1.554     -6.10                                        
  4001.142      41.0     1.531     -0.63                                        
  4001.150      23.1     3.756     -3.22                                        
  4001.175      26.0     3.639     -4.01                                        
  4001.250      64.1     0.522     -0.78                                 LAWLER 
  4001.280      92.0     0.870     -0.07                                        
  4001.366      74.0     1.507     -1.25                                        
  4001.418      26.0     3.045     -5.75                                        
  4001.437      24.0     3.887      0.26                                        
  4001.450      21.0     2.606     -3.40                               KURNOHFS 
  4001.490       6.0     7.679     -4.26                                        
  4001.563      58.1     0.621     -0.59                                 LAWLER 
  4001.610      62.0     0.282     -2.09                                        
  4001.625      26.1     8.985     -3.82                                        
  4001.653   23.0051     1.194     -2.23                                 KURHFS 
  4001.653   23.0051     1.194     -2.23                                 KURHFS 
  4001.653   23.0051     1.194     -2.54                                 KURHFS 
  4001.656   23.0051     1.194     -2.07                                 KURHFS 
  4001.656   23.0051     1.194     -2.10                                 KURHFS 
  4001.656   23.0051     1.194     -2.41                                 KURHFS 
  4001.660   23.0051     1.194     -1.81                                 KURHFS 
  4001.660   23.0051     1.194     -2.06                                 KURHFS 
  4001.660   23.0051     1.194     -2.66                                 KURHFS 
  4001.661      26.0     2.174     -1.88                                        
  4001.665   23.0051     1.194     -1.60                                 KURHFS 
  4001.665   23.0051     1.194     -2.22                                 KURHFS 
  4001.665   23.0051     1.194     -3.09                                 KURHFS 
  4001.712      21.0     4.524     -2.42                                        
  4001.724      58.1     0.459     -0.83                                 LAWLER 
  4001.734      90.1     0.510     -2.02                                        
  4001.742      42.0     2.621     -2.28                                        
  4001.858      22.0     1.995     -4.92                                        
  4002.020      26.0     3.651     -9.05                                        
  4002.021      28.0     3.938     -3.04                                        
  4002.025      25.0     3.769     -1.29                               KURNOHFS 
  4002.083      26.1     2.776     -3.47                                        
  4002.138      27.0     3.407     -3.69                               KURNOHFS 
  4002.179   27.0059     3.229     -7.70                                 KURHFS 
  4002.179   27.0059     3.229     -7.70                                 KURHFS 
  4002.179   27.0059     3.229     -8.00                                 KURHFS 
  4002.192   27.0059     3.229     -7.53                                 KURHFS 
  4002.192   27.0059     3.229     -7.56                                 KURHFS 
  4002.192   27.0059     3.229     -7.87                                 KURHFS 
  4002.208   27.0059     3.229     -7.27                                 KURHFS 
  4002.208   27.0059     3.229     -7.52                                 KURHFS 
  4002.208   27.0059     3.229     -8.12                                 KURHFS 
  4002.229   27.0059     3.229     -7.06                                 KURHFS 
  4002.229   27.0059     3.229     -7.68                                 KURHFS 
  4002.229   27.0059     3.229     -8.55                                 KURHFS 
  4002.237   23.0051     2.136     -5.27                                 KURHFS 
  4002.237   23.0051     2.136     -5.84                                 KURHFS 
  4002.245   23.0051     2.136     -5.25                                 KURHFS 
  4002.245   23.0051     2.136     -5.62                                 KURHFS 
  4002.245   23.0051     2.136     -5.84                                 KURHFS 
  4002.255   23.0051     2.136     -5.17                                 KURHFS 
  4002.255   23.0051     2.136     -5.52                                 KURHFS 
  4002.255   23.0051     2.136     -5.62                                 KURHFS 
  4002.267   23.0051     2.136     -5.06                                 KURHFS 
  4002.267   23.0051     2.136     -5.49                                 KURHFS 
  4002.267   23.0051     2.136     -5.52                                 KURHFS 
  4002.282   23.0051     2.136     -4.95                                 KURHFS 
  4002.282   23.0051     2.136     -5.49                                 KURHFS 
  4002.282   23.0051     2.136     -5.51                                 KURHFS 
  4002.290      24.0     3.077     -4.80                                        
  4002.299   23.0051     2.136     -4.83                                 KURHFS 
  4002.299   23.0051     2.136     -5.51                                 KURHFS 
  4002.299   23.0051     2.136     -5.59                                 KURHFS 
  4002.319   23.0051     2.136     -4.72                                 KURHFS 
  4002.319   23.0051     2.136     -5.59                                 KURHFS 
  4002.319   23.0051     2.136     -5.81                                 KURHFS 
  4002.324   27.0059     3.809     -2.05                                 KURHFS 
  4002.324   27.0059     3.809     -2.07                                 KURHFS 
  4002.324   27.0059     3.809     -2.19                                 KURHFS 
  4002.339      92.1     0.583     -1.24                                        
  4002.341   23.0051     2.136     -4.62                                 KURHFS 
  4002.341   23.0051     2.136     -5.81                                 KURHFS 
  4002.342   27.0059     3.809     -1.73                                 KURHFS 
  4002.342   27.0059     3.809     -2.05                                 KURHFS 
  4002.342   27.0059     3.809     -2.52                                 KURHFS 
  4002.397      22.0     2.486     -2.76                                        
  4002.471      22.0     2.115     -0.10                                        
  4002.481   65.1159     0.641     -3.70                                 LAWLER 
  4002.483      24.1     5.315     -2.06                                        
  4002.497   65.1159     0.641     -3.77                                 LAWLER 
  4002.501   65.1159     0.641     -1.89                                 LAWLER 
  4002.511      28.0     4.164     -1.26                                        
  4002.516   65.1159     0.641     -0.64                                 LAWLER 
  4002.524   65.1159     0.641     -1.76                                 LAWLER 
  4002.543      26.1     5.952     -1.71                                        
  4002.544   65.1159     0.641     -0.56                                 LAWLER 
  4002.551   65.1159     0.641     -1.88                                 LAWLER 
  4002.558      40.0     0.603     -1.35                                        
  4002.563      25.0     4.357     -1.55                                        
  4002.578   65.1159     0.641     -0.49                                 LAWLER 
  4002.619   65.1159     0.641     -0.41                                 LAWLER 
  4002.634      26.0     2.880     -5.42                                        
  4002.660      22.0     2.493     -2.04                                        
  4002.661      26.0     3.249     -2.43                                        
  4002.792      26.0     4.280     -1.50                                        
  4002.803      23.1     1.554     -5.60                                        
  4002.822      58.1     0.904     -0.36                                 LAWLER 
  4002.868      26.0     4.206     -2.32                                        
  4002.916      26.0     4.151     -1.40                                        
  4002.936      23.1     1.427     -1.81                                        
  4002.971      58.1     0.417     -1.09                                 LAWLER 
  4002.978       6.0     7.679     -3.06                                        
  4002.988   25.0055     2.886     -6.37                                 KURHFS 
  4002.992   25.0055     2.886     -6.51                                 KURHFS 
  4002.992   25.0055     2.886     -7.29                                 KURHFS 
  4002.996   25.0055     2.886     -6.67                                 KURHFS 
  4002.996   25.0055     2.886     -7.11                                 KURHFS 
  4002.996   25.0055     2.886     -8.50                                 KURHFS 
  4002.998   25.0055     2.886     -6.85                                 KURHFS 
  4002.998   25.0055     2.886     -7.08                                 KURHFS 
  4002.998   25.0055     2.886     -8.15                                 KURHFS 
  4003.000   25.0055     2.886     -7.07                                 KURHFS 
  4003.000   25.0055     2.886     -7.15                                 KURHFS 
  4003.000   25.0055     2.886     -8.03                                 KURHFS 
  4003.001   25.0055     2.886     -7.33                                 KURHFS 
  4003.001   25.0055     2.886     -7.36                                 KURHFS 
  4003.001   25.0055     2.886     -8.11                                 KURHFS 
  4003.013      23.0     2.330     -3.06                               KURNOHFS 
  4003.017      44.1     3.604      0.00                                        
  4003.020      29.0     5.684     -1.44                                        
  4003.083      22.0     2.332     -1.94                                        
  4003.096   23.0051     2.357     -5.83                                 KURHFS 
  4003.101   23.0051     2.357     -5.83                                 KURHFS 
  4003.101   23.0051     2.357     -6.00                                 KURHFS 
  4003.103      40.0     1.365     -0.33                                        
  4003.106      90.1     1.310     -0.93                                        
  4003.108   23.0051     2.357     -5.67                                 KURHFS 
  4003.108   23.0051     2.357     -6.13                                 KURHFS 
  4003.108   23.0051     2.357     -6.25                                 KURHFS 
  4003.118   23.0051     2.357     -5.66                                 KURHFS 
  4003.118   23.0051     2.357     -5.69                                 KURHFS 
  4003.118   23.0051     2.357     -6.68                                 KURHFS 
  4003.129      23.0     2.503     -9.64                               KURNOHFS 
  4003.131   23.0051     2.357     -5.41                                 KURHFS 
  4003.131   23.0051     2.357     -5.82                                 KURHFS 
  4003.146   23.0051     2.357     -5.19                                 KURHFS 
  4003.164      26.0     4.151     -2.83                                        
  4003.164      58.1     0.621     -0.85                                        
  4003.167      23.0     2.576     -1.16                               KURNOHFS 
  4003.169      26.0     4.253     -1.51                                        
  4003.178      26.0     4.280     -3.15                                        
  4003.195      92.1     0.284     -1.54                                        
  4003.198      24.1     9.573     -3.39                                        
  4003.260      25.0     4.636     -0.58                                        
  4003.283      24.1     6.479     -0.60                                        
  4003.309      90.1     1.140     -0.76                                        
  4003.313      24.1     5.315     -3.97                                        
  4003.340      60.1     0.559     -1.49                                 LAWLER 
  4003.356      22.1     5.008     -2.33                                        
  4003.440      62.1     0.248     -1.18                                 LAWLER 
  4003.448      42.0     2.678     -2.00                                        
  4003.472      22.0     2.493     -2.72                                        
  4003.488      76.0     1.907     -1.01                                        
  4003.518      23.0     2.576     -0.39                               KURNOHFS 
  4003.519      26.0     3.639     -3.19                                        
  4003.546      25.0     4.682     -4.20                                        
  4003.550      20.0     5.827     -3.93                                        
  4003.552      20.0     5.014     -5.18                                        
  4003.557      27.1     5.085     -4.07                                        
  4003.592      27.0     2.628     -2.91                               KURNOHFS 
  4003.600      20.0     5.485     -4.16                                        
  4003.688      73.0     0.696     -1.89                                        
  4003.700      62.1     0.378     -1.53                                 LAWLER 
  4003.701      24.1     5.315     -3.34                                        
  4003.723      26.1     9.646     -3.56                                        
  4003.740      65.1     1.103     -0.39                               LAWNOHFS 
  4003.762      26.0     3.412     -1.29                                        
  4003.767      58.1     0.932      0.29                                 LAWLER 
  4003.783      27.1     5.462     -4.77                                        
  4003.788      24.0     4.385     -3.81                                        
  4003.797      22.0     2.133     -0.05                                        
  4003.798      20.0     2.930     -2.47                                        
  4003.840      64.1     1.424     -0.87                                 LAWLER 
  4003.878      24.0     4.529     -2.05                                        
  4003.906      24.0     3.889     -0.67                                        
  4003.911      22.0     2.504     -2.31                                        
  4003.980      23.0     2.636     -5.43                               KURNOHFS 
  4004.000      60.1     0.064     -0.57                                 LAWLER 
  4004.025      76.0     1.410     -1.66                                        
  4004.028   23.0051     0.275     -7.93                                 KURHFS 
  4004.028   23.0051     0.275     -8.19                                 KURHFS 
  4004.032   23.0051     0.275     -7.73                                 KURHFS 
  4004.032   23.0051     0.275     -7.93                                 KURHFS 
  4004.032   23.0051     0.275     -9.84                                 KURHFS 
  4004.038   23.0051     0.275     -7.67                                 KURHFS 
  4004.038   23.0051     0.275     -7.73                                 KURHFS 
  4004.038   23.0051     0.275     -8.60                                 KURHFS 
  4004.046   23.0051     0.275     -7.67                                 KURHFS 
  4004.046   23.0051     0.275     -7.70                                 KURHFS 
  4004.046   23.0051     0.275     -7.88                                 KURHFS 
  4004.047      68.0     0.862      0.20                                        
  4004.056   23.0051     0.275     -7.47                                 KURHFS 
  4004.056   23.0051     0.275     -7.70                                 KURHFS 
  4004.056   23.0051     0.275     -7.88                                 KURHFS 
  4004.064      92.1     0.217     -1.14                                        
  4004.068   23.0051     0.275     -7.18                                 KURHFS 
  4004.068   23.0051     0.275     -7.88                                 KURHFS 
  4004.070      27.0     3.250     -3.93                               KURNOHFS 
  4004.080      26.1     7.577     -3.72                                        
  4004.083      58.1     0.232     -1.82                                 LAWLER 
  4004.151      26.1     4.476     -3.07                                        
  4004.156      20.0     5.828     -3.92                                        
  4004.168      26.0     4.280     -2.55                                        
  4004.260      62.1     0.188     -2.03                                 LAWLER 
  4004.306      42.0     3.441     -1.04                                        
  4004.314      26.1     9.817     -3.72                                        
  4004.323   23.0051     2.113     -4.58                                 KURHFS 
  4004.323   23.0051     2.113     -4.72                                 KURHFS 
  4004.323   23.0051     2.113     -4.88                                 KURHFS 
  4004.323   23.0051     2.113     -5.08                                 KURHFS 
  4004.323   23.0051     2.113     -5.17                                 KURHFS 
  4004.323   23.0051     2.113     -5.19                                 KURHFS 
  4004.323   23.0051     2.113     -5.22                                 KURHFS 
  4004.323   23.0051     2.113     -5.28                                 KURHFS 
  4004.323   23.0051     2.113     -5.34                                 KURHFS 
  4004.323   23.0051     2.113     -5.42                                 KURHFS 
  4004.323   23.0051     2.113     -5.47                                 KURHFS 
  4004.323   23.0051     2.113     -5.72                                 KURHFS 
  4004.323   23.0051     2.113     -5.72                                 KURHFS 
  4004.323   23.0051     2.113     -5.75                                 KURHFS 
  4004.323   23.0051     2.113     -5.78                                 KURHFS 
  4004.323   23.0051     2.113     -5.90                                 KURHFS 
  4004.323   23.0051     2.113     -6.12                                 KURHFS 
  4004.323   23.0051     2.113     -6.53                                 KURHFS 
  4004.396      26.1     9.680     -3.11                                        
  4004.407      40.0     1.549     -0.41                                        
  4004.423   23.0051     2.364     -7.05                                 KURHFS 
  4004.423   23.0051     2.364     -7.30                                 KURHFS 
  4004.423   23.0051     2.364     -7.33                                 KURHFS 
  4004.424   23.0051     2.364     -6.86                                 KURHFS 
  4004.424   23.0051     2.364     -7.30                                 KURHFS 
  4004.424   23.0051     2.364     -7.35                                 KURHFS 
  4004.426   23.0051     2.364     -6.77                                 KURHFS 
  4004.426   23.0051     2.364     -6.91                                 KURHFS 
  4004.426   23.0051     2.364     -7.48                                 KURHFS 
  4004.428   23.0051     2.364     -6.66                                 KURHFS 
  4004.428   23.0051     2.364     -6.75                                 KURHFS 
  4004.428   23.0051     2.364     -7.70                                 KURHFS 
  4004.430   23.0051     2.364     -6.46                                 KURHFS 
  4004.430   23.0051     2.364     -6.80                                 KURHFS 
  4004.430   23.0051     2.364     -8.11                                 KURHFS 
  4004.433   23.0051     2.364     -6.30                                 KURHFS 
  4004.433   23.0051     2.364     -7.00                                 KURHFS 
  4004.437   23.0051     2.364     -6.16                                 KURHFS 
  4004.455      22.0     2.173     -3.63                                        
  4004.509      23.0     2.357     -8.39                               KURNOHFS 
  4004.536   27.0059     3.629     -5.10                                 KURHFS 
  4004.540   27.0059     3.629     -4.81                                 KURHFS 
  4004.540   27.0059     3.629     -5.07                                 KURHFS 
  4004.548   27.0059     3.629     -4.62                                 KURHFS 
  4004.548   27.0059     3.629     -5.07                                 KURHFS 
  4004.548   27.0059     3.629     -5.12                                 KURHFS 
  4004.560   27.0059     3.629     -4.53                                 KURHFS 
  4004.560   27.0059     3.629     -4.68                                 KURHFS 
  4004.560   27.0059     3.629     -5.24                                 KURHFS 
  4004.576   27.0059     3.629     -4.42                                 KURHFS 
  4004.576   27.0059     3.629     -4.51                                 KURHFS 
  4004.576   27.0059     3.629     -5.47                                 KURHFS 
  4004.579      58.1     0.896     -0.65                                BIEMONT 
  4004.594      26.0     2.849     -4.75                                        
  4004.596   27.0059     3.629     -4.23                                 KURHFS 
  4004.596   27.0059     3.629     -4.57                                 KURHFS 
  4004.596   27.0059     3.629     -5.88                                 KURHFS 
  4004.618      28.1     9.465     -2.65                                        
  4004.620   27.0059     3.629     -4.06                                 KURHFS 
  4004.620   27.0059     3.629     -4.76                                 KURHFS 
  4004.649   27.0059     3.629     -3.92                                 KURHFS 
  4004.664   59.1141     0.216     -0.89                                 LI/LAW 
  4004.666   59.1141     0.216     -2.12                                 LI/LAW 
  4004.685   59.1141     0.216     -2.12                                 LI/LAW 
  4004.687   59.1141     0.216     -1.00                                 LI/LAW 
  4004.688   59.1141     0.216     -1.93                                 LI/LAW 
  4004.696   27.0059     3.772     -4.81                                 KURHFS 
  4004.696   27.0059     3.772     -4.99                                 KURHFS 
  4004.705   59.1141     0.216     -1.93                                 LI/LAW 
  4004.706   59.1141     0.216     -1.11                                 LI/LAW 
  4004.707   27.0059     3.772     -4.69                                 KURHFS 
  4004.707   27.0059     3.772     -4.81                                 KURHFS 
  4004.708   59.1141     0.216     -1.89                                 LI/LAW 
  4004.722   27.0059     3.772     -4.69                                 KURHFS 
  4004.722   27.0059     3.772     -4.80                                 KURHFS 
  4004.722   27.0059     3.772     -5.01                                 KURHFS 
  4004.722   59.1141     0.216     -1.89                                 LI/LAW 
  4004.723   59.1141     0.216     -1.22                                 LI/LAW 
  4004.724   59.1141     0.216     -1.94                                 LI/LAW 
  4004.735   59.1141     0.216     -1.94                                 LI/LAW 
  4004.737   59.1141     0.216     -1.31                                 LI/LAW 
  4004.737   59.1141     0.216     -2.14                                 LI/LAW 
  4004.741      24.0     4.201     -2.08                                        
  4004.741   27.0059     3.772     -4.39                                 KURHFS 
  4004.741   27.0059     3.772     -4.80                                 KURHFS 
  4004.746   59.1141     0.216     -2.14                                 LI/LAW 
  4004.747   59.1141     0.216     -1.36                                 LI/LAW 
  4004.772   27.0059     3.295     -7.82                                 KURHFS 
  4004.772   27.0059     3.295     -7.82                                 KURHFS 
  4004.772   27.0059     3.295     -8.12                                 KURHFS 
  4004.774   27.0059     3.295     -7.66                                 KURHFS 
  4004.774   27.0059     3.295     -7.68                                 KURHFS 
  4004.774   27.0059     3.295     -8.00                                 KURHFS 
  4004.778   27.0059     3.295     -7.40                                 KURHFS 
  4004.778   27.0059     3.295     -7.65                                 KURHFS 
  4004.778   27.0059     3.295     -8.25                                 KURHFS 
  4004.782   27.0059     3.295     -7.18                                 KURHFS 
  4004.782   27.0059     3.295     -7.81                                 KURHFS 
  4004.782   27.0059     3.295     -8.68                                 KURHFS 
  4004.827      26.0     3.234     -2.20                                        
  4004.842      26.0     4.214     -2.68                                        
  4004.866      40.0     2.103      0.13                                        
  4004.910      24.0     3.645     -2.58                                        
  4004.928      75.0     2.448     -0.52                                        
  4004.932   23.0051     2.357    -10.11                                 KURHFS 
  4004.932   23.0051     2.357    -10.14                                 KURHFS 
  4004.932   23.0051     2.357     -9.86                                 KURHFS 
  4004.934      64.1     1.446     -0.03                                        
  4004.937   23.0051     2.357    -10.11                                 KURHFS 
  4004.937   23.0051     2.357     -9.67                                 KURHFS 
  4004.937   23.0051     2.357     -9.72                                 KURHFS 
  4004.944   23.0051     2.357    -10.16                                 KURHFS 
  4004.944   23.0051     2.357     -9.47                                 KURHFS 
  4004.944   23.0051     2.357     -9.58                                 KURHFS 
  4004.955   23.0051     2.357    -10.29                                 KURHFS 
  4004.955   23.0051     2.357     -9.27                                 KURHFS 
  4004.955   23.0051     2.357     -9.55                                 KURHFS 
  4004.967   23.0051     2.357    -10.51                                 KURHFS 
  4004.967   23.0051     2.357     -9.11                                 KURHFS 
  4004.967   23.0051     2.357     -9.61                                 KURHFS 
  4004.978      26.0     3.015     -1.98                                        
  4004.982   23.0051     2.357    -10.92                                 KURHFS 
  4004.982   23.0051     2.357     -8.96                                 KURHFS 
  4004.982   23.0051     2.357     -9.80                                 KURHFS 
  4004.985      26.0     3.209     -2.17                                        
