La II    4086       line list
  4085.005      26.0      2.85    -1.271                              adj-1.271
  4085.011      24.0      3.12    -1.540                                        
  4085.029 106.00112     1.322    -6.731               3.470
  4085.038 106.00112     1.322    -5.510               3.470
  4085.042      90.1      1.26    -0.209                                        
  4085.044      25.1      5.37    -2.543                                        
  4085.071 106.00112     0.521    -1.577               3.470
  4085.071 106.00112     1.322    -7.497               3.470
  4085.079 106.00112     0.521    -4.470               3.470
  4085.107 106.00112     1.322    -5.572               3.470
  4085.109 106.00113     1.424    -4.718               3.470
  4085.181      20.0      4.68    -5.003                                        
  4085.186 106.00112     0.521    -4.474               3.470
  4085.188 106.00113     1.424    -4.693               3.470
  4085.195 106.00112     0.521    -1.535               3.470
  4085.236      58.1     0.674     -0.01                                BIEMONT
  4085.248      26.0      2.76    -2.824                                        
 4085.3029      26.0      3.24    -0.806                              OBr-0.806 
  4085.355      44.0      1.19    -1.700                                        
  4085.387      26.0      3.07    -3.943                                        
  4085.388      63.1      1.23    -1.510                                        
  4085.390      25.1      5.55    -2.561                                        
  4085.393      23.1      4.78    -4.003                                        
  4085.405      25.1      5.38    -2.517                                        
  4085.420      22.0      0.90    -3.059                                        
  4085.423      44.0      2.07    -0.090                                        
  4085.467      25.0      4.80    -1.764                                        
  4085.510      24.0      4.61    -1.709                                        
  4085.555      23.0      2.58    -0.979                                        
  4085.559      22.0      1.73    -6.485                                        
   4085.56      64.1     0.731     -0.01                                 LAWLER
  4085.659      23.1      3.80    -1.476                                        
  4085.679      24.1      3.74    -5.483                                        
  4085.682      22.0      3.11    -3.927                                        
  4085.702      24.0      3.85    -1.532                                        
  4085.730      26.1      7.49    -2.812                                        
  4085.731      40.1     0.931     -1.61                                BIEMONT
  4085.739      58.1     1.012     -0.91                                BIEMONT
  4085.797      25.1      5.11    -3.817                                        
  4085.813      60.1      0.00    -1.161                                 LAWLER 
  4085.906 106.00112     1.207    -6.275               3.470
  4085.924      24.0      3.85    -1.107                                        
  4085.947      28.0      4.15    -1.623                                        
  4085.983      26.0      4.15    -1.347                              adj-1.347
  4086.011      42.0      2.60    -0.977                                        
  4086.031      21.0      1.85    -0.713                                        
  4086.036      24.0      3.11    -4.255                                        
  4086.059      28.0      4.24    -1.699                                        
  4086.067 106.00113     1.134    -5.270               3.470
  4086.086      23.1      2.76    -3.685                                        
  4086.086      24.0      2.87    -6.122                                        
  4086.098      26.1      7.72    -3.321                                        
  4086.107 106.00113     1.134    -5.229               3.470
  4086.108      28.0      4.24    -1.295                                        
  4086.140      24.1      3.71    -2.222                                        
  4086.145      26.0      3.64    -3.092                                        
  4086.173      62.1      0.10    -2.320                                        
  4086.288      27.0      1.88    -2.012                                        
  4086.288      27.0      1.88    -1.814                                        
  4086.289      27.0      1.88    -2.267                                        
  4086.289      27.0      1.88    -1.650                                        
  4086.292      27.0      1.88    -2.655                                        
  4086.292      27.0      1.88    -1.509                                        
  4086.302      27.0      1.88    -2.400                                        
  4086.304      27.0      1.88    -2.212                                        
  4086.307      27.0      1.88    -2.685                                        
  4086.308      27.0      1.88    -2.121                                        
  4086.313      27.0      1.88    -2.099                                        
  4086.314      27.0      1.88    -2.655                                        
  4086.319      27.0      1.88    -2.153                                        
  4086.323      27.0      1.88    -2.706                                        
  4086.327      27.0      1.88    -2.349                                        
  4086.333      27.0      1.88    -2.831                                        
  4086.338 106.00113     1.499    -5.931               3.470
  4086.344      27.0      1.88    -3.053                                        
  4086.357      27.0      1.88    -3.463                                        
  4086.360      24.0      3.85    -1.640                                        
  4086.378      23.0      1.95    -1.304                                        
  4086.433      58.1      0.53    -0.672                                BIEMONT 
  4086.440      22.0      3.11    -3.857                                        
  4086.458 106.00113     1.499    -3.561               3.470
  4086.471 106.00112     1.141    -6.803               3.470
  4086.521      90.1      0.00    -0.929                              Nilsson02
  4086.614      22.0      0.84    -3.188                                        
  4086.616      24.0      4.45    -2.334                                        
  4086.626      41.0      1.17    -0.970                                        
  4086.671      21.0      2.00    -0.168                                        
  4086.694      57.1      0.00    -0.682                                        
  4086.708      57.1      0.00    -0.762                                        
  4086.716      59.1      1.14    -0.472                                        
  4086.719      57.1      0.00    -0.860                                        
  4086.723      57.1      0.00    -0.983                                        
  4086.727      57.1      0.00    -1.160                                        
  4086.804      60.1      1.88     0.200                                        
  4086.836      26.0      4.26    -3.000                                        
  4086.885      26.1      9.25    -2.121                                        
  4086.926      27.0      3.78    -2.633                                        
  4086.928      22.1      3.94    -4.782                                        
  4086.930      24.0      3.85     -0.20                              adj-0.20  
  4087.012 106.00112     1.292    -4.331               3.470
  4087.045      41.0      1.66    -0.840                                        
  4087.068      25.0      4.83    -1.418                                        
  4087.094      26.0      3.33     -1.39                              NI/C-1.39 
   4087.13      64.1     1.526     -1.68                                 LAWLER
  4087.139      26.0      3.42     -3.10                              adj-3.10  
  4087.150      21.0      2.01     0.074                                        
  4087.194 106.00112     1.429    -7.752               3.470
   4087.20      66.1     1.462     -0.66                                 LAWLER
  4087.219      27.0      2.87    -3.645                                        
  4087.270 106.00112     1.429    -4.718               3.470
  4087.280      26.1      2.58    -4.745                                        
  4087.296      58.1     0.703    -0.810                                BIEMONT 
  4087.298      58.1     0.295    -1.330                                BIEMONT 
  4087.343      46.0      1.45    -1.340                                        
  4087.353 106.00112     1.429    -4.693               3.470
  4087.358      27.0      3.73    -2.106                                        
  4087.362      58.1      0.53    -1.110                                BIEMONT 
  4087.378      66.0      1.25    -0.028                                        
  4087.391      27.1      5.05    -5.500                                        
  4087.430 106.00112     1.429    -7.754               3.470
  4087.439      62.0      0.39    -1.473                                        
  4087.442      42.0      2.60    -2.076                                        
  4087.466 106.00113     1.484    -4.902               3.470
  4087.473      21.0      2.00    -1.831                                        
  4087.547 106.00113     1.484    -4.937               3.470
  4087.565      58.1      1.06    -0.620                                BIEMONT 
  4087.577 106.00113     1.286    -4.331               3.470
  4087.593      24.1      3.10    -3.087                                        
  4087.597 106.00113     1.286    -4.331               3.470
  4087.602      25.0      2.89    -3.347                                        
  4087.632      68.0      0.00    -0.005                                        
  4087.687      64.1      1.37    -0.135                                        
  4087.753      42.0      3.03    -1.723                                        
  4087.784      45.0      2.00    -0.750                                        
  4087.789      26.0      3.65    -2.602                                        
  4087.846 106.00112     0.705    -4.247               3.470
  4087.886      20.0      2.52    -7.142                                        
  4087.904      24.0      4.45    -1.244                                        
  4087.911      27.0      3.63    -2.905                                        
  4087.912      25.1      5.37    -2.912                                        
  4087.918      26.0      2.45    -4.958                                        
  4087.972      22.0      2.50    -2.812                                        
