Zn I     4722.1      line list
  4720.128      62.1     0.543    -2.210
  4720.149      26.1     3.195    -4.750
  4720.204      23.1     2.024    -5.454
  4720.226      23.0     2.893    -2.078
  4720.255      27.0     4.229    -3.384
  4720.286      24.0     2.965    -5.039
  4720.351      27.0     4.110    -3.104
  4720.391      74.0     1.649    -1.920
  4720.518      24.0     4.436    -1.522
  4720.559      20.0     5.014    -3.569
  4720.560      26.0     4.206    -2.913
  4720.817      21.0     1.427    -1.380
  4720.891      26.1     7.964    -3.461
  4720.915      44.0     2.006    -1.400
  4720.917      25.0     3.761    -6.633
  4720.955      24.0     3.392    -3.169
  4720.962      26.0     4.151    -2.227
  4720.982      25.0     4.751    -2.566
  4720.995      45.0     1.142    -2.340
  4721.001      26.0     2.988    -2.801
  4721.022      20.1     7.044    -2.084
  4721.022      20.1     7.044    -0.783
  4721.094      20.0     4.732    -2.445
  4721.100      25.0     4.751    -3.591
  4721.126      24.0     3.548    -1.957
  4721.276      24.0     3.426    -3.319
  4721.276      22.0     3.437    -3.011
  4721.285      23.1     6.160    -2.387
  4721.305      27.0     0.629    -5.293
  4721.359      25.0     4.604    -2.717
  4721.394      62.1     0.248    -2.584
  4721.432      22.0     3.152    -3.019
  4721.468      64.0     1.494     0.198
  4721.510      23.0     1.948    -0.777
  4721.544      27.1     3.116    -7.614
  4721.571      14.0     4.916    -2.020
  4721.877      24.0     4.437    -2.306
  4721.925      20.0     4.735    -2.512
  4722.027      26.0     4.383    -3.059
  4722.080      28.0     4.161    -1.578
  4722.089      90.0     0.929    -1.255
  4722.153      30.0     4.027    -0.390                                BIEMONT
  4722.172      26.0     4.100    -3.092
  4722.187      24.0     4.189    -1.676
  4722.205      24.0     4.443    -1.235
  4722.211      23.0     2.914    -1.591
  4722.266      27.0     2.925    -5.326
  4722.274      38.0     1.797    -0.130
  4722.293      58.1     0.559    -1.663
  4722.293      22.0     3.397    -4.053
  4722.536      83.0     1.415    -1.000
  4722.585      23.0     2.581    -4.093
  4722.606      22.0     1.052    -1.330
  4722.616      20.0     5.041    -3.555
  4722.651      24.0     3.090    -1.940
  4722.688      20.0     5.485    -2.989
  4722.695      68.0     0.000    -1.106
  4722.707      20.0     5.045    -2.867
  4722.717      92.1     0.217    -1.729
  4722.761      24.0     3.365    -1.436
  4722.871      23.0     1.954    -0.607
  4722.878      73.0     0.000    -2.600
  4722.943      24.0     4.851    -3.288
  4722.997      28.0     4.150    -1.006
  4723.008      28.0     4.534    -3.861
  4723.015      24.0     4.183    -2.393
  4723.016      24.0     4.204    -2.602
  4723.053      42.0     4.050    -0.433
  4723.078      25.0     4.824    -3.288
  4723.097      24.0     3.077    -0.660
  4723.097      22.0     2.576    -4.589
  4723.139      28.0     3.844    -2.825
  4723.152      24.0     4.204    -0.866
  4723.163      22.0     1.066    -1.335
  4723.217      21.0     2.606    -1.803
  4723.305      42.0     4.313    -0.481
  4723.321      58.1     0.703    -1.520
  4723.340      24.1     4.165    -2.705
  4723.343      26.0     4.792    -3.559
  4723.345      28.0     3.676    -4.116
  4723.431      23.0     2.038    -1.775
  4723.438      90.0     0.000    -1.697
  4723.442      42.0     2.834    -1.909
  4723.447      24.1     6.600    -4.056
  4723.473      23.0     2.636    -5.579
  4723.523      27.0     3.927    -2.400
  4723.538      24.1     6.482    -2.963
  4723.679      23.0     3.564    -3.069
  4723.741      24.1     5.315    -4.967
  4723.752      21.0     4.997    -2.999
  4723.775      20.0     5.957    -5.128
  4723.784      90.1     0.189    -2.253
  4723.802      41.0     2.222    -0.500
  4723.857      26.1     5.565    -4.533
  4723.879      28.0     3.676    -3.130
  4723.883      24.0     4.444    -3.118
  4723.911      23.0     2.136    -2.266
  4724.068      26.1     2.578    -9.095
  4724.070      24.0     2.985    -3.552
  4724.124      28.0     4.164    -0.945
