Gd II    4049.8       line list
  4046.062      26.0     3.263     -1.30                                        
  4046.150      23.1     3.796     -1.55                                        
  4046.160      62.1     0.104     -1.27                                 LAWLER 
  4046.187      24.0     2.542     -2.23                                        
  4046.231       6.0     7.940     -4.07                                        
  4046.236      21.1     7.566     -1.80                                        
  4046.268      23.1     3.121     -2.41                                        
  4046.291      26.0     4.291     -3.78                                        
  4046.292      26.0     4.253     -3.57                                        
  4046.338      58.1     0.553     -0.16                                 LAWLER 
  4046.339      24.1     4.924     -4.81                                        
  4046.435      24.0     3.110     -5.61                                        
  4046.457      26.0     4.151     -2.25                                        
  4046.479      24.0     2.913     -3.82                                        
  4046.480      21.0     1.994     -0.74                               KURNOHFS 
  4046.559      80.0     4.664     -0.86                                        
  4046.632      25.0     4.791     -3.35                                        
  4046.661      26.1     9.680     -2.62                                        
  4046.695      24.0     4.437     -4.31                                        
  4046.700      26.1     9.693     -3.68                                        
  4046.701      25.0     4.229     -1.93                                        
  4046.704      25.0     4.255     -2.69                                        
  4046.704      74.0     1.654     -1.08                                        
  4046.711       6.0     7.940     -3.86                                        
  4046.743      23.0     3.242     -4.22                               KURNOHFS 
  4046.746      28.0     4.085     -1.28                                        
  4046.755      26.0     4.280     -3.42                                        
  4046.757      24.0     2.542     -1.52                                        
  4046.807      26.1     4.491     -4.10                                        
  4046.839      64.1     1.446     -0.03                                        
  4046.851      27.1     5.118     -5.69                                        
  4046.851      58.1     0.445     -1.88                                 LAWLER 
  4046.881   23.0051     2.113     -2.25                                 KURHFS 
  4046.881   23.0051     2.113     -2.40                                 KURHFS 
  4046.881   23.0051     2.113     -2.56                                 KURHFS 
  4046.881   23.0051     2.113     -2.76                                 KURHFS 
  4046.881   23.0051     2.113     -2.85                                 KURHFS 
  4046.881   23.0051     2.113     -2.87                                 KURHFS 
  4046.881   23.0051     2.113     -2.90                                 KURHFS 
  4046.881   23.0051     2.113     -2.96                                 KURHFS 
  4046.881   23.0051     2.113     -3.01                                 KURHFS 
  4046.881   23.0051     2.113     -3.10                                 KURHFS 
  4046.881   23.0051     2.113     -3.15                                 KURHFS 
  4046.881   23.0051     2.113     -3.40                                 KURHFS 
  4046.881   23.0051     2.113     -3.40                                 KURHFS 
  4046.881   23.0051     2.113     -3.43                                 KURHFS 
  4046.881   23.0051     2.113     -3.45                                 KURHFS 
  4046.881   23.0051     2.113     -3.58                                 KURHFS 
  4046.881   23.0051     2.113     -3.80                                 KURHFS 
  4046.881   23.0051     2.113     -4.21                                 KURHFS 
  4046.891       6.0     7.940     -3.09                                        
  4046.954      68.0     1.332      1.28                                        
  4046.994      25.0     4.350     -2.55                                        
  4047.000      60.1     0.380     -1.68                                 LAWLER 
  4047.011      42.0     2.068     -2.76                                        
  4047.081      24.0     2.965     -6.69                                        
  4047.081      59.1     0.977      0.10                                        
  4047.086      64.0     0.948      0.28                                        
  4047.115      25.0     4.791     -0.94                                        
  4047.144      22.0     2.133     -2.58                                        
  4047.150      62.1     0.184     -0.92                                 LAWLER 
  4047.173      28.1     9.405     -1.92                                        
  4047.202      42.0     3.387     -1.44                                        
  4047.213      19.0     0.000     -2.22                                        
  4047.228   23.0051     0.017     -7.60                                 KURHFS 
  4047.228   23.0051     0.017     -7.85                                 KURHFS 
  4047.228   23.0051     0.017     -7.88                                 KURHFS 
  4047.232   23.0051     0.017     -7.41                                 KURHFS 
  4047.232   23.0051     0.017     -7.46                                 KURHFS 
  4047.232   23.0051     0.017     -7.85                                 KURHFS 
  4047.237   23.0051     0.017     -7.21                                 KURHFS 
  4047.237   23.0051     0.017     -7.32                                 KURHFS 
  4047.237   23.0051     0.017     -7.90                                 KURHFS 
  4047.244   23.0051     0.017     -7.01                                 KURHFS 
  4047.244   23.0051     0.017     -7.30                                 KURHFS 
  4047.244   23.0051     0.017     -8.03                                 KURHFS 
  4047.253   23.0051     0.017     -6.85                                 KURHFS 
  4047.253   23.0051     0.017     -7.35                                 KURHFS 
  4047.253   23.0051     0.017     -8.25                                 KURHFS 
  4047.263   23.0051     0.017     -6.71                                 KURHFS 
  4047.263   23.0051     0.017     -7.55                                 KURHFS 
  4047.263   23.0051     0.017     -8.66                                 KURHFS 
  4047.272      58.1     0.655     -0.72                                BIEMONT 
  4047.276       6.0     7.940     -3.32                                        
  4047.298      22.0     1.442     -3.89                                        
  4047.303      26.0     2.277     -2.80                                        
  4047.318      26.0     3.632     -3.62                                        
  4047.339   23.0051     0.069     -4.57                                 KURHFS 
  4047.341   23.0051     0.069     -4.45                                 KURHFS 
  4047.341   23.0051     0.069     -5.02                                 KURHFS 
  4047.345   23.0051     0.069     -4.33                                 KURHFS 
  4047.345   23.0051     0.069     -4.81                                 KURHFS 
  4047.345   23.0051     0.069     -6.02                                 KURHFS 
  4047.350   23.0051     0.069     -4.22                                 KURHFS 
  4047.350   23.0051     0.069     -4.71                                 KURHFS 
  4047.350   23.0051     0.069     -5.81                                 KURHFS 
  4047.356   23.0051     0.069     -4.11                                 KURHFS 
  4047.356   23.0051     0.069     -4.67                                 KURHFS 
  4047.356   23.0051     0.069     -5.78                                 KURHFS 
  4047.364   23.0051     0.069     -4.02                                 KURHFS 
  4047.364   23.0051     0.069     -4.69                                 KURHFS 
  4047.364   23.0051     0.069     -5.86                                 KURHFS 
  4047.368      27.1     8.417     -4.63                                        
  4047.370      62.1     0.277     -1.50                                 LAWLER 
  4047.372   23.0051     0.069     -3.93                                 KURHFS 
  4047.372   23.0051     0.069     -4.77                                 KURHFS 
  4047.372   23.0051     0.069     -6.05                                 KURHFS 
  4047.382   23.0051     0.069     -3.84                                 KURHFS 
  4047.382   23.0051     0.069     -4.99                                 KURHFS 
  4047.382   23.0051     0.069     -6.44                                 KURHFS 
  4047.422      23.0     1.802     -4.44                               KURNOHFS 
  4047.456       6.0     7.940     -3.93                                        
  4047.515      25.0     5.334     -1.89                                        
  4047.555      42.0     3.441     -1.12                                        
  4047.572      23.0     2.330     -5.28                               KURNOHFS 
  4047.599      20.0     5.736     -4.84                                        
  4047.612      92.0     0.077     -0.34                                        
  4047.613      23.1     5.463     -3.70                                        
  4047.628      39.0     0.000     -0.43                                        
  4047.728      66.0     1.238     -0.02                                        
  4047.747      28.0     4.102     -1.58                                        
  4047.759      24.0     2.913     -4.03                                        
  4047.788   21.0045     0.021     -2.15                                 KURHFS 
  4047.790   21.0045     0.021     -2.15                                 KURHFS 
  4047.790   21.0045     0.021     -2.32                                 KURHFS 
  4047.792   21.0045     0.021     -1.98                                 KURHFS 
  4047.792   21.0045     0.021     -2.45                                 KURHFS 
  4047.792   21.0045     0.021     -2.57                                 KURHFS 
  4047.794   21.0045     0.021     -1.98                                 KURHFS 
  4047.794   21.0045     0.021     -2.01                                 KURHFS 
  4047.794   21.0045     0.021     -3.00                                 KURHFS 
  4047.797   21.0045     0.021     -1.73                                 KURHFS 
  4047.797   21.0045     0.021     -2.14                                 KURHFS 
  4047.800   21.0045     0.021     -1.51                                 KURHFS 
  4047.813      64.1     1.525     -0.18                                        
  4047.874      20.0     5.737     -3.43                                        
  4047.888   23.0051     2.377     -5.39                                 KURHFS 
  4047.888   23.0051     2.377     -6.02                                 KURHFS 
  4047.888   23.0051     2.377     -6.88                                 KURHFS 
  4047.894   23.0051     2.377     -5.61                                 KURHFS 
  4047.894   23.0051     2.377     -5.86                                 KURHFS 
  4047.894   23.0051     2.377     -6.45                                 KURHFS 
  4047.899   23.0051     2.377     -5.86                                 KURHFS 
  4047.899   23.0051     2.377     -5.89                                 KURHFS 
  4047.899   23.0051     2.377     -6.20                                 KURHFS 
  4047.902   23.0051     2.377     -6.03                                 KURHFS 
  4047.902   23.0051     2.377     -6.03                                 KURHFS 
  4047.902   23.0051     2.377     -6.33                                 KURHFS 
  4047.904      26.0     4.317     -3.77                                        
  4047.921      25.0     4.682     -2.32                                        
  4047.933      74.0     0.207     -2.81                                        
  4047.959      72.1     3.833      0.79                                        
  4048.018      24.1     5.666     -3.37                                        
  4048.025      24.1     8.178     -3.81                                        
  4048.043      27.1     2.679     -5.06                                        
  4048.054      76.0     1.907     -1.00                                        
  4048.128      24.0     4.398     -2.73                                        
  4048.164      27.0     3.663     -1.42                               KURNOHFS 
  4048.187      20.0     4.677     -4.80                                        
  4048.287      90.0     0.929     -0.76                                        
  4048.342      68.1     0.886     -0.86                                 LAWLER 
  4048.364      58.1     0.736     -1.35                                 LAWLER 
  4048.404      26.1     9.137     -3.17                                        
  4048.407      45.0     1.731     -0.90                                        
  4048.432      90.0     1.501     -0.20                                        
  4048.502      26.1     7.562     -4.57                                        
  4048.526      25.0     4.265     -2.99                                        
  4048.552      26.0     4.309     -2.31                                        
  4048.562      24.1     9.290     -4.26                                        
  4048.569      22.1     5.028     -2.27                                        
  4048.574      24.0     3.847     -1.59                                        
  4048.584      64.1     1.126     -0.74                                        
  4048.592   23.0051     0.017     -3.79                                 KURHFS 
  4048.595   23.0051     0.017     -3.79                                 KURHFS 
  4048.595   23.0051     0.017     -3.97                                 KURHFS 
  4048.601   23.0051     0.017     -3.63                                 KURHFS 
  4048.601   23.0051     0.017     -4.09                                 KURHFS 
  4048.601   23.0051     0.017     -4.22                                 KURHFS 
  4048.608   23.0051     0.017     -3.62                                 KURHFS 
  4048.608   23.0051     0.017     -3.66                                 KURHFS 
  4048.608   23.0051     0.017     -4.65                                 KURHFS 
  4048.613      62.1     0.434     -1.31                                        
  4048.616   23.0051     0.017     -3.37                                 KURHFS 
  4048.616   23.0051     0.017     -3.78                                 KURHFS 
  4048.627   23.0051     0.017     -3.16                                 KURHFS 
  4048.680      40.1     0.801     -0.34                                        
  4048.703      26.1     9.753     -4.33                                        
  4048.719   25.0055     2.162     -1.69                                 KURHFS 
  4048.721   25.0055     2.162     -1.36                                 KURHFS 
  4048.722   25.0055     2.162     -1.73                                 KURHFS 
  4048.726   25.0055     2.162     -1.54                                 KURHFS 
  4048.727   25.0055     2.162     -1.21                                 KURHFS 
  4048.729   25.0055     2.162     -1.91                                 KURHFS 
  4048.732      26.0     3.651     -3.85                                        
  4048.734   25.0055     2.162     -1.13                                 KURHFS 
  4048.736   25.0055     2.162     -1.19                                 KURHFS 
  4048.738   25.0055     2.162     -2.29                                 KURHFS 
  4048.746   25.0055     2.162     -0.86                                 KURHFS 
  4048.748   25.0055     2.162     -1.33                                 KURHFS 
  4048.750      26.1     7.863     -3.46                                        
  4048.760   25.0055     2.162     -0.65                                 KURHFS 
  4048.780      24.0     3.847      0.31                                        
  4048.787   23.0051     1.892     -3.92                                 KURHFS 
  4048.787   23.0051     1.892     -3.92                                 KURHFS 
  4048.787   23.0051     1.892     -4.22                                 KURHFS 
  4048.788      20.0     4.677     -3.91                                        
  4048.800   23.0051     1.892     -3.76                                 KURHFS 
  4048.800   23.0051     1.892     -3.79                                 KURHFS 
  4048.800   23.0051     1.892     -4.10                                 KURHFS 
  4048.810      60.1     1.337      0.44                                        
  4048.818   23.0051     1.892     -3.50                                 KURHFS 
  4048.818   23.0051     1.892     -3.75                                 KURHFS 
  4048.818   23.0051     1.892     -4.35                                 KURHFS 
  4048.832      26.1     5.565     -2.15                                        
  4048.840   23.0051     1.892     -3.29                                 KURHFS 
  4048.840   23.0051     1.892     -3.91                                 KURHFS 
  4048.840   23.0051     1.892     -4.78                                 KURHFS 
  4048.886      26.0     3.600     -4.68                                        
  4048.926      66.0     1.055      0.26                                        
  4048.931      26.1     9.119     -2.85                                        
  4048.935   25.0055     3.841     -4.63                                 KURHFS 
  4048.950      26.0     4.151     -2.87                                        
  4048.952   25.0055     3.841     -4.84                                 KURHFS 
  4048.952   25.0055     3.841     -5.32                                 KURHFS 
  4048.965   25.0055     3.841     -5.11                                 KURHFS 
  4048.965   25.0055     3.841     -5.17                                 KURHFS 
  4048.965   25.0055     3.841     -6.27                                 KURHFS 
  4048.969      28.0     3.594     -4.87                                        
  4048.975   25.0055     3.841     -5.19                                 KURHFS 
  4048.975   25.0055     3.841     -5.52                                 KURHFS 
  4048.975   25.0055     3.841     -5.89                                 KURHFS 
  4048.982   25.0055     3.841     -5.34                                 KURHFS 
  4048.982   25.0055     3.841     -5.71                                 KURHFS 
  4048.985   25.0055     3.841     -5.67                                 KURHFS 
  4048.985      25.0     4.341      0.14                                        
  4049.014      42.0     3.209     -2.04                                        
  4049.017      23.1     3.793     -1.48                                        
  4049.032   27.0059     1.048     -5.26                                 KURHFS 
  4049.035      45.0     1.675     -1.35                                        
  4049.037      24.0     4.437     -2.50                                        
  4049.044   27.0059     1.048     -5.26                                 KURHFS 
  4049.044   27.0059     1.048     -5.43                                 KURHFS 
  4049.062   27.0059     1.048     -5.09                                 KURHFS 
  4049.062   27.0059     1.048     -5.56                                 KURHFS 
  4049.062   27.0059     1.048     -5.68                                 KURHFS 
  4049.087   27.0059     1.048     -5.09                                 KURHFS 
  4049.087   27.0059     1.048     -5.12                                 KURHFS 
  4049.087   27.0059     1.048     -6.11                                 KURHFS 
  4049.097      24.1     6.479     -0.86                                        
  4049.116   25.0055     3.841     -4.00                                 KURHFS 
  4049.116   25.0055     3.841     -4.78                                 KURHFS 
  4049.117   27.0059     1.048     -4.84                                 KURHFS 
  4049.117   27.0059     1.048     -5.25                                 KURHFS 
  4049.132   25.0055     3.841     -4.27                                 KURHFS 
  4049.132   25.0055     3.841     -4.62                                 KURHFS 
  4049.132   25.0055     3.841     -4.78                                 KURHFS 
  4049.145   25.0055     3.841     -4.60                                 KURHFS 
  4049.145   25.0055     3.841     -4.61                                 KURHFS 
  4049.145   25.0055     3.841     -4.62                                 KURHFS 
  4049.153   27.0059     1.048     -4.62                                 KURHFS 
  4049.156   25.0055     3.841     -4.61                                 KURHFS 
  4049.156   25.0055     3.841     -4.72                                 KURHFS 
  4049.156   25.0055     3.841     -5.04                                 KURHFS 
  4049.162   25.0055     3.841     -4.72                                 KURHFS 
  4049.162   25.0055     3.841     -4.98                                 KURHFS 
  4049.162   25.0055     3.841     -5.74                                 KURHFS 
  4049.166   25.0055     3.841     -4.98                                 KURHFS 
  4049.194      64.0     0.937      0.27                                        
  4049.279      27.0     2.628     -3.48                               KURNOHFS 
  4049.327      26.0     2.586     -2.37                                        
  4049.334      20.0     2.930     -2.08                                        
  4049.362      58.1     0.634     -1.31                                 LAWLER 
  4049.363      66.0     0.512     -0.53                                        
  4049.393      22.0     2.133     -1.11                                        
  4049.414      44.0     1.865     -0.95                                        
  4049.420      64.1     0.662     -0.08                                 LAWLER 
  4049.422      25.0     3.769     -1.45                               KURNOHFS 
  4049.446      72.1     2.209     -0.54                                        
  4049.485      68.1     0.000     -1.59                                        
  4049.559   25.0055     3.841     -3.54                                 KURHFS 
  4049.559   25.0055     3.841     -4.45                                 KURHFS 
  4049.559   25.0055     3.841     -5.67                                 KURHFS 
  4049.560      62.1     0.248     -1.76                                 LAWLER 
  4049.575   25.0055     3.841     -3.67                                 KURHFS 
  4049.575   25.0055     3.841     -4.28                                 KURHFS 
  4049.575   25.0055     3.841     -5.32                                 KURHFS 
  4049.588   25.0055     3.841     -3.83                                 KURHFS 
  4049.588   25.0055     3.841     -4.25                                 KURHFS 
  4049.588   25.0055     3.841     -5.19                                 KURHFS 
  4049.598   25.0055     3.841     -4.02                                 KURHFS 
  4049.598   25.0055     3.841     -4.32                                 KURHFS 
  4049.598   25.0055     3.841     -5.27                                 KURHFS 
  4049.605   25.0055     3.841     -4.24                                 KURHFS 
  4049.605   25.0055     3.841     -4.49                                 KURHFS 
  4049.609   25.0055     3.841     -4.52                                 KURHFS 
  4049.612      42.0     2.595     -1.76                                        
  4049.666      23.1     6.037     -4.58                                        
  4049.713      28.0     3.703     -2.65                                        
  4049.727   23.0051     2.377     -3.95                                 KURHFS 
  4049.727   23.0051     2.377     -4.57                                 KURHFS 
  4049.727   23.0051     2.377     -5.44                                 KURHFS 
  4049.733   23.0051     2.377     -4.16                                 KURHFS 
  4049.733   23.0051     2.377     -4.41                                 KURHFS 
  4049.733   23.0051     2.377     -5.01                                 KURHFS 
  4049.738   23.0051     2.377     -4.42                                 KURHFS 
  4049.738   23.0051     2.377     -4.45                                 KURHFS 
  4049.738   23.0051     2.377     -4.76                                 KURHFS 
  4049.742   23.0051     2.377     -4.58                                 KURHFS 
  4049.742   23.0051     2.377     -4.58                                 KURHFS 
  4049.742   23.0051     2.377     -4.88                                 KURHFS 
  4049.748      24.0     3.077     -4.26                                        
  4049.748      24.0     4.614     -2.00                                        
  4049.756      41.0     1.629     -0.20                                        
  4049.771      26.0     3.637     -3.29                                        
  4049.774      24.0     3.847     -0.75                                        
  4049.788      25.1     4.932     -3.90                                        
  4049.812      62.1     0.000     -1.29                                        
  4049.850      64.1     0.990      0.48                                 LAWLER 
  4049.871   27.0059     2.135     -6.07                                 KURHFS 
  4049.875   27.0059     2.135     -5.79                                 KURHFS 
  4049.875   27.0059     2.135     -6.07                                 KURHFS 
  4049.875   27.0059     2.135     -7.09                                 KURHFS 
  4049.885   27.0059     2.135     -5.65                                 KURHFS 
  4049.885   27.0059     2.135     -5.79                                 KURHFS 
  4049.885   27.0059     2.135     -6.39                                 KURHFS 
  4049.896      26.1     9.724     -3.92                                        
  4049.899   27.0059     2.135     -5.58                                 KURHFS 
  4049.899   27.0059     2.135     -5.65                                 KURHFS 
  4049.899   27.0059     2.135     -5.94                                 KURHFS 
  4049.917   27.0059     2.135     -5.58                                 KURHFS 
  4049.917   27.0059     2.135     -5.58                                 KURHFS 
  4049.917   27.0059     2.135     -5.61                                 KURHFS 
  4049.940   27.0059     2.135     -5.35                                 KURHFS 
  4049.940   27.0059     2.135     -5.58                                 KURHFS 
  4049.940   27.0059     2.135     -5.64                                 KURHFS 
  4049.945      21.0     2.000     -1.24                               KURNOHFS 
  4049.945      90.0     0.457     -1.04                                        
  4049.968   27.0059     2.135     -5.13                                 KURHFS 
  4049.968   27.0059     2.135     -5.64                                 KURHFS 
  4049.968   27.0059     2.135     -5.84                                 KURHFS 
  4050.000   27.0059     2.135     -4.94                                 KURHFS 
  4050.000   27.0059     2.135     -5.84                                 KURHFS 
  4050.022      24.0     2.542     -2.06                                        
  4050.041      92.1     0.000     -0.71                                        
  4050.073      57.1     1.954      0.11                                        
  4050.090      42.0     2.596     -1.55                                        
  4050.138      24.0     4.436     -2.31                                        
  4050.192      42.0     2.678     -2.63                                        
  4050.221      21.0     2.606     -3.84                               KURNOHFS 
  4050.288      25.0     4.317     -0.88                                        
  4050.329      40.1     0.713     -1.00                                BIEMONT 
  4050.346      22.0     2.115     -2.23                                        
  4050.358      20.0     4.621     -2.82                                        
  4050.366      64.0     0.948      0.28                                        
  4050.375      25.0     4.317     -1.30                                        
  4050.388   23.0051     1.954     -3.93                                 KURHFS 
  4050.394   23.0051     1.954     -3.81                                 KURHFS 
  4050.394   23.0051     1.954     -4.38                                 KURHFS 
  4050.402   23.0051     1.954     -3.69                                 KURHFS 
  4050.402   23.0051     1.954     -4.17                                 KURHFS 
  4050.402   23.0051     1.954     -5.38                                 KURHFS 
  4050.414   23.0051     1.954     -3.58                                 KURHFS 
  4050.414   23.0051     1.954     -4.08                                 KURHFS 
  4050.414   23.0051     1.954     -5.18                                 KURHFS 
  4050.428   23.0051     1.954     -3.48                                 KURHFS 
  4050.428   23.0051     1.954     -4.04                                 KURHFS 
  4050.428   23.0051     1.954     -5.15                                 KURHFS 
  4050.444   23.0051     1.954     -3.38                                 KURHFS 
  4050.444   23.0051     1.954     -4.06                                 KURHFS 
  4050.444   23.0051     1.954     -5.23                                 KURHFS 
  4050.450      42.0     2.621     -2.23                                        
  4050.464   23.0051     1.954     -3.29                                 KURHFS 
  4050.464   23.0051     1.954     -4.14                                 KURHFS 
  4050.464   23.0051     1.954     -5.42                                 KURHFS 
  4050.464      40.0     0.542     -1.02                                        
  4050.486   23.0051     1.954     -3.21                                 KURHFS 
  4050.486   23.0051     1.954     -4.36                                 KURHFS 
  4050.486   23.0051     1.954     -5.81                                 KURHFS 
  4050.501      23.0     3.264     -4.35                               KURNOHFS 
  4050.541      26.0     4.309     -3.44                                        
  4050.570      66.1     0.590     -0.47                                 LAWLER 
  4050.613      25.1     5.344     -5.28                                        
  4050.620      62.1     0.659     -1.56                                 LAWLER 
  4050.629      29.0     5.720     -1.52                                        
  4050.644      26.1     9.753     -4.26                                        
  4050.669      21.0     1.968     -2.73                               KURNOHFS 
  4050.674      26.0     4.188     -1.14                                        
  4050.716      21.1     6.903     -1.28                                        
  4050.729      24.0     4.407     -4.03                                        
  4050.732      26.0     4.317     -3.70                                        
  4050.736      25.0     5.345     -2.52                                        
  4050.816      58.1     0.875     -0.73                                        
  4050.911   23.0051     2.129     -1.10                                 KURHFS 
  4050.911   23.0051     2.129     -1.30                                 KURHFS 
  4050.915   23.0051     2.129     -1.07                                 KURHFS 
  4050.915   23.0051     2.129     -1.09                                 KURHFS 
  4050.915   23.0051     2.129     -1.30                                 KURHFS 
  4050.915      28.1     8.387     -2.53                                        
  4050.920      27.1     8.556     -3.64                                        
  4050.922   23.0051     2.129     -0.95                                 KURHFS 
  4050.922   23.0051     2.129     -0.97                                 KURHFS 
  4050.922   23.0051     2.129     -1.07                                 KURHFS 
  4050.927      26.0     4.188     -2.57                                        
  4050.930   23.0051     2.129     -0.78                                 KURHFS 
  4050.930   23.0051     2.129     -0.93                                 KURHFS 
  4050.930   23.0051     2.129     -0.97                                 KURHFS 
  4050.936      23.0     3.129     -3.18                               KURNOHFS 
  4050.941   23.0051     2.129     -0.61                                 KURHFS 
  4050.941   23.0051     2.129     -0.93                                 KURHFS 
  4050.941   23.0051     2.129     -0.94                                 KURHFS 
  4050.946      25.0     5.108     -2.60                                        
  4050.954   23.0051     2.129     -0.45                                 KURHFS 
  4050.954   23.0051     2.129     -0.94                                 KURHFS 
  4050.954   23.0051     2.129     -1.02                                 KURHFS 
  4050.970   23.0051     2.129     -0.30                                 KURHFS 
  4050.970   23.0051     2.129     -1.02                                 KURHFS 
  4050.970   23.0051     2.129     -1.23                                 KURHFS 
  4050.982      20.1     7.042     -5.02                                        
  4050.987   23.0051     2.129     -0.17                                 KURHFS 
  4050.987   23.0051     2.129     -1.23                                 KURHFS 
  4050.997      25.0     4.791     -3.02                                        
  4051.054      23.1     1.803     -1.65                                        
  4051.138      24.0     4.437     -2.48                                        
  4051.140      60.1     0.380     -0.30                                 LAWLER 
  4051.172      28.0     4.102     -1.30                                        
  4051.180      42.0     3.901     -0.43                                        
  4051.191       6.0     7.940     -3.93                                        
  4051.212      26.1     5.566     -2.99                                        
  4051.213      26.0     3.299     -2.93                                        
  4051.243   25.0055     2.918     -3.39                                 KURHFS 
  4051.243   25.0055     2.918     -4.31                                 KURHFS 
  4051.243   25.0055     2.918     -5.53                                 KURHFS 
  4051.246   25.0055     2.918     -3.53                                 KURHFS 
  4051.246   25.0055     2.918     -4.13                                 KURHFS 
  4051.246   25.0055     2.918     -5.18                                 KURHFS 
  4051.248   25.0055     2.918     -3.69                                 KURHFS 
  4051.248   25.0055     2.918     -4.11                                 KURHFS 
  4051.248   25.0055     2.918     -5.05                                 KURHFS 
  4051.249   25.0055     2.918     -3.88                                 KURHFS 
  4051.249   25.0055     2.918     -4.18                                 KURHFS 
  4051.249   25.0055     2.918     -5.13                                 KURHFS 
  4051.250   25.0055     2.918     -4.10                                 KURHFS 
  4051.250   25.0055     2.918     -4.35                                 KURHFS 
  4051.251   25.0055     2.918     -4.38                                 KURHFS 
  4051.286      23.1     3.800     -0.49                                        
  4051.289   23.0051     2.136     -0.79                                 KURHFS 
  4051.289   23.0051     2.136     -1.36                                 KURHFS 
  4051.297   23.0051     2.136     -0.76                                 KURHFS 
  4051.297   23.0051     2.136     -1.14                                 KURHFS 
  4051.297   23.0051     2.136     -1.36                                 KURHFS 
  4051.307   23.0051     2.136     -0.68                                 KURHFS 
  4051.307   23.0051     2.136     -1.04                                 KURHFS 
  4051.307   23.0051     2.136     -1.14                                 KURHFS 
  4051.315      26.0     4.073     -2.02                                        
  4051.319   23.0051     2.136     -0.57                                 KURHFS 
  4051.319   23.0051     2.136     -1.00                                 KURHFS 
  4051.319   23.0051     2.136     -1.04                                 KURHFS 
  4051.335   23.0051     2.136     -0.46                                 KURHFS 
  4051.335   23.0051     2.136     -1.00                                 KURHFS 
  4051.335   23.0051     2.136     -1.02                                 KURHFS 
  4051.340      28.1     6.324     -5.50                                        
  4051.343      26.0     3.249     -5.15                                        
  4051.352   23.0051     2.136     -0.35                                 KURHFS 
  4051.352   23.0051     2.136     -1.02                                 KURHFS 
  4051.352   23.0051     2.136     -1.11                                 KURHFS 
  4051.372       6.0     7.940     -4.06                                        
  4051.373   23.0051     2.136     -0.24                                 KURHFS 
  4051.373   23.0051     2.136     -1.11                                 KURHFS 
  4051.373   23.0051     2.136     -1.33                                 KURHFS 
  4051.391      44.0     1.087     -0.31                                        
  4051.396   23.0051     2.136     -0.13                                 KURHFS 
  4051.396   23.0051     2.136     -1.33                                 KURHFS 
  4051.424      58.1     0.634     -0.73                                 LAWLER 
  4051.435      76.0     2.009     -1.34                                        
  4051.461      24.0     3.085     -3.18                                        
  4051.483      28.1     9.405     -2.43                                        
  4051.508      41.0     1.156     -0.67                                        
  4051.646      27.0     3.949     -3.04                               KURNOHFS 
  4051.751      26.1     7.264     -3.31                                        
  4051.803      62.0     0.498     -1.18                                        
  4051.829      21.0     1.968     -1.09                               KURNOHFS 
  4051.887      26.0     4.257     -2.71                                        
  4051.906      26.0     3.394     -1.43                                        
  4051.912      92.1     0.652     -0.54                                        
  4051.930      24.1     3.101     -2.19                                        
  4051.985      22.0     1.732     -3.94                                        
  4051.990      58.1     0.739     -0.48                                        
