Ce II    4562.4       line list
  4559.018      25.0     4.329     -4.21                                        
  4559.079      26.0     4.383     -3.67                                        
  4559.085      27.0     4.107     -3.15                                        
  4559.106      74.0     1.855     -1.46                                        
  4559.124      27.0     2.716     -4.60                               KURNOHFS 
  4559.141   25.0055     3.070     -5.40                                 KURHFS 
  4559.141   25.0055     3.070     -5.58                                 KURHFS 
  4559.141   25.0055     3.070     -5.73                                 KURHFS 
  4559.149   25.0055     3.070     -5.17                                 KURHFS 
  4559.149   25.0055     3.070     -5.25                                 KURHFS 
  4559.149   25.0055     3.070     -5.77                                 KURHFS 
  4559.161   25.0055     3.070     -4.90                                 KURHFS 
  4559.161   25.0055     3.070     -5.23                                 KURHFS 
  4559.161   25.0055     3.070     -5.95                                 KURHFS 
  4559.177   25.0055     3.070     -4.68                                 KURHFS 
  4559.177   25.0055     3.070     -5.37                                 KURHFS 
  4559.177   25.0055     3.070     -6.33                                 KURHFS 
  4559.236      22.0     3.110     -3.76                                        
  4559.243      58.1     0.932     -1.84                                 LAWLER 
  4559.257      27.0     2.872     -3.25                               KURNOHFS 
  4559.260      75.0     1.954     -1.52                                        
  4559.282      57.1     0.772     -1.31                                        
  4559.300   23.0051     1.929     -7.40                                 KURHFS 
  4559.300   23.0051     1.929     -7.66                                 KURHFS 
  4559.305      27.1     5.171     -2.32                                        
  4559.309   23.0051     1.929     -7.21                                 KURHFS 
  4559.309   23.0051     1.929     -7.40                                 KURHFS 
  4559.309   23.0051     1.929     -9.31                                 KURHFS 
  4559.324   23.0051     1.929     -7.14                                 KURHFS 
  4559.324   23.0051     1.929     -7.21                                 KURHFS 
  4559.324   23.0051     1.929     -8.07                                 KURHFS 
  4559.336   25.0055     3.070     -5.41                                 KURHFS 
  4559.336   25.0055     3.070     -5.78                                 KURHFS 
  4559.341      27.1     5.462     -2.05                                        
  4559.342   23.0051     1.929     -7.14                                 KURHFS 
  4559.342   23.0051     1.929     -7.17                                 KURHFS 
  4559.342   23.0051     1.929     -7.35                                 KURHFS 
  4559.344   25.0055     3.070     -5.28                                 KURHFS 
  4559.344   25.0055     3.070     -5.41                                 KURHFS 
  4559.344   25.0055     3.070     -6.99                                 KURHFS 
  4559.356   25.0055     3.070     -5.28                                 KURHFS 
  4559.356   25.0055     3.070     -5.38                                 KURHFS 
  4559.356   25.0055     3.070     -5.46                                 KURHFS 
  4559.366   23.0051     1.929     -6.95                                 KURHFS 
  4559.366   23.0051     1.929     -7.17                                 KURHFS 
  4559.366   23.0051     1.929     -7.35                                 KURHFS 
  4559.369      39.0     1.886     -0.30                                        
  4559.371      22.0     2.493     -2.38                                        
  4559.372   25.0055     3.070     -4.91                                 KURHFS 
  4559.372   25.0055     3.070     -5.38                                 KURHFS 
  4559.394   23.0051     1.929     -6.65                                 KURHFS 
  4559.394   23.0051     1.929     -7.35                                 KURHFS 
  4559.465      73.0     1.594     -1.47                                        
  4559.498   27.0059     4.018     -4.31                                 KURHFS 
  4559.498   27.0059     4.018     -4.76                                 KURHFS 
  4559.498   27.0059     4.018     -5.76                                 KURHFS 
  4559.504   27.0059     4.018     -4.19                                 KURHFS 
  4559.504   27.0059     4.018     -4.55                                 KURHFS 
  4559.504   27.0059     4.018     -5.56                                 KURHFS 
  4559.510      60.1     0.822     -1.49                                 LAWLER 
  4559.512   27.0059     4.018     -4.08                                 KURHFS 
  4559.512   27.0059     4.018     -4.46                                 KURHFS 
  4559.512   27.0059     4.018     -5.53                                 KURHFS 
  4559.523   27.0059     4.018     -3.96                                 KURHFS 
  4559.523   27.0059     4.018     -4.42                                 KURHFS 
  4559.523   27.0059     4.018     -5.61                                 KURHFS 
  4559.536   27.0059     4.018     -3.86                                 KURHFS 
  4559.536   27.0059     4.018     -4.44                                 KURHFS 
  4559.536   27.0059     4.018     -5.80                                 KURHFS 
  4559.551   27.0059     4.018     -3.76                                 KURHFS 
  4559.551   27.0059     4.018     -4.52                                 KURHFS 
  4559.551   27.0059     4.018     -6.19                                 KURHFS 
  4559.554      26.1     7.798     -2.57                                        
  4559.569   27.0059     4.018     -3.67                                 KURHFS 
  4559.569   27.0059     4.018     -4.74                                 KURHFS 
  4559.589   27.0059     4.018     -3.59                                 KURHFS 
  4559.622      64.0     1.766     -0.10                                        
  4559.653      25.1     6.128     -6.14                                        
  4559.656      60.0     0.293      0.07                                        
  4559.673      21.0     5.007     -3.35                                        
  4559.787      28.0     4.534     -4.07                                        
  4559.831      27.1     3.483     -3.56                                        
  4559.840      21.1     7.871     -4.51                                        
  4559.858      27.0     4.172     -2.96                                        
  4559.918      22.0     1.459     -1.02                                        
  4559.921      28.0     3.536     -1.74                                        
  4559.944      42.0     3.435     -1.50                                        
  4559.992      44.0     1.130     -1.59                                        
  4559.998      24.0     4.183     -0.82                                        
  4560.030      26.0     2.725     -4.89                                        
  4560.068      42.0     2.916     -1.96                                        
  4560.088      26.0     3.600     -1.92                                        
  4560.130      42.0     3.176     -0.76                                        
  4560.193      21.0     3.170     -3.69                               KURNOHFS 
  4560.250      24.0     3.419     -2.89                                        
  4560.262      26.0     2.829     -3.72                                        
  4560.280      58.1     0.909      0.18                                 LAWLER 
  4560.411      60.0     0.140     -0.58                                        
  4560.418      26.0     4.730     -4.37                                        
  4560.420      62.1     0.040     -1.24                                 LAWLER 
  4560.447      22.0     3.321     -2.49                                        
  4560.489      24.0     2.542     -2.37                                        
  4560.582      22.0     3.321     -3.41                                        
  4560.655      24.0     3.548     -2.85                                        
  4560.669   23.0051     1.948     -1.47                                 KURHFS 
  4560.672   23.0051     1.948     -1.20                                 KURHFS 
  4560.672   23.0051     1.948     -1.40                                 KURHFS 
  4560.675      26.1     7.113     -4.33                                        
  4560.678   23.0051     1.948     -1.00                                 KURHFS 
  4560.678   23.0051     1.948     -1.20                                 KURHFS 
  4560.678   23.0051     1.948     -2.10                                 KURHFS 
  4560.678   25.0055     3.071     -9.23                                 KURHFS 
  4560.682   25.0055     3.071     -8.95                                 KURHFS 
  4560.682   25.0055     3.071     -9.20                                 KURHFS 
  4560.687   23.0051     1.948     -0.83                                 KURHFS 
  4560.687   23.0051     1.948     -1.10                                 KURHFS 
  4560.687   23.0051     1.948     -1.94                                 KURHFS 
  4560.688   25.0055     3.071     -8.73                                 KURHFS 
  4560.688   25.0055     3.071     -9.03                                 KURHFS 
  4560.688   25.0055     3.071     -9.98                                 KURHFS 
  4560.698   25.0055     3.071     -8.54                                 KURHFS 
  4560.698   25.0055     3.071     -8.96                                 KURHFS 
  4560.698   25.0055     3.071     -9.90                                 KURHFS 
  4560.700   23.0051     1.948     -0.68                                 KURHFS 
  4560.700   23.0051     1.948     -1.05                                 KURHFS 
  4560.700   23.0051     1.948     -1.94                                 KURHFS 
  4560.711   25.0055     3.071    -10.03                                 KURHFS 
  4560.711   25.0055     3.071     -8.38                                 KURHFS 
  4560.711   25.0055     3.071     -8.99                                 KURHFS 
  4560.715   23.0051     1.948     -0.55                                 KURHFS 
  4560.715   23.0051     1.948     -1.06                                 KURHFS 
  4560.715   23.0051     1.948     -2.04                                 KURHFS 
  4560.727   25.0055     3.071    -10.38                                 KURHFS 
  4560.727   25.0055     3.071     -8.24                                 KURHFS 
  4560.727   25.0055     3.071     -9.16                                 KURHFS 
  4560.734   23.0051     1.948     -0.44                                 KURHFS 
  4560.734   23.0051     1.948     -1.13                                 KURHFS 
  4560.734   23.0051     1.948     -2.24                                 KURHFS 
  4560.755   23.0051     1.948     -0.33                                 KURHFS 
  4560.755   23.0051     1.948     -1.34                                 KURHFS 
  4560.755   23.0051     1.948     -2.64                                 KURHFS 
  4560.787   23.0051     1.080     -6.01                                 KURHFS 
  4560.795   23.0051     1.080     -6.15                                 KURHFS 
  4560.795   23.0051     1.080     -6.85                                 KURHFS 
  4560.802   23.0051     1.080     -6.31                                 KURHFS 
  4560.802   23.0051     1.080     -6.65                                 KURHFS 
  4560.802   23.0051     1.080     -7.96                                 KURHFS 
  4560.807   23.0051     1.080     -6.51                                 KURHFS 
  4560.807   23.0051     1.080     -6.60                                 KURHFS 
  4560.807   23.0051     1.080     -7.55                                 KURHFS 
  4560.812   23.0051     1.080     -6.62                                 KURHFS 
  4560.812   23.0051     1.080     -6.77                                 KURHFS 
  4560.812   23.0051     1.080     -7.33                                 KURHFS 
  4560.815   23.0051     1.080     -6.71                                 KURHFS 
  4560.815   23.0051     1.080     -7.15                                 KURHFS 
  4560.815   23.0051     1.080     -7.21                                 KURHFS 
  4560.817   23.0051     1.080     -6.90                                 KURHFS 
  4560.817   23.0051     1.080     -7.15                                 KURHFS 
  4560.818   23.0051     1.080     -7.18                                 KURHFS 
  4560.835      24.0     4.851     -2.58                                        
  4560.842   27.0059     2.784     -5.03                                 KURHFS 
  4560.842   27.0059     2.784     -5.10                                 KURHFS 
  4560.842   27.0059     2.784     -5.73                                 KURHFS 
  4560.854   27.0059     2.784     -4.84                                 KURHFS 
  4560.854   27.0059     2.784     -4.84                                 KURHFS 
  4560.854   27.0059     2.784     -5.58                                 KURHFS 
  4560.866      26.0     4.603     -3.74                                        
  4560.871   27.0059     2.784     -4.63                                 KURHFS 
  4560.871   27.0059     2.784     -4.73                                 KURHFS 
  4560.871   27.0059     2.784     -5.58                                 KURHFS 
  4560.884      45.0     1.997     -1.62                                        
  4560.893   27.0059     2.784     -4.46                                 KURHFS 
  4560.893   27.0059     2.784     -4.69                                 KURHFS 
  4560.893   27.0059     2.784     -5.67                                 KURHFS 
  4560.921   27.0059     2.784     -4.32                                 KURHFS 
  4560.921   27.0059     2.784     -4.69                                 KURHFS 
  4560.921   27.0059     2.784     -5.88                                 KURHFS 
  4560.949   25.0055     3.071     -5.50                                 KURHFS 
  4560.952   25.0055     3.071     -5.24                                 KURHFS 
  4560.952   25.0055     3.071     -5.50                                 KURHFS 
  4560.952   25.0055     3.071     -6.27                                 KURHFS 
  4560.955   27.0059     2.784     -4.19                                 KURHFS 
  4560.955   27.0059     2.784     -4.76                                 KURHFS 
  4560.955   27.0059     2.784     -6.28                                 KURHFS 
  4560.958      58.1     0.683     -0.26                                 LAWLER 
  4560.959   25.0055     3.071     -5.14                                 KURHFS 
  4560.959   25.0055     3.071     -5.24                                 KURHFS 
  4560.959   25.0055     3.071     -5.57                                 KURHFS 
  4560.969   25.0055     3.071     -5.12                                 KURHFS 
  4560.969   25.0055     3.071     -5.14                                 KURHFS 
  4560.969   25.0055     3.071     -5.14                                 KURHFS 
  4560.982   25.0055     3.071     -4.79                                 KURHFS 
  4560.982   25.0055     3.071     -5.14                                 KURHFS 
  4560.982   25.0055     3.071     -5.31                                 KURHFS 
  4560.994   27.0059     2.784     -4.07                                 KURHFS 
  4560.994   27.0059     2.784     -4.98                                 KURHFS 
  4560.998   25.0055     3.071     -4.53                                 KURHFS 
  4560.998   25.0055     3.071     -5.31                                 KURHFS 
  4561.039   27.0059     2.784     -3.97                                 KURHFS 
  4561.087      64.0     2.078      0.43                                        
  4561.139      23.0     2.503     -7.02                               KURNOHFS 
  4561.145   25.0055     3.071     -5.04                                 KURHFS 
  4561.148   25.0055     3.071     -4.71                                 KURHFS 
  4561.148   25.0055     3.071     -5.08                                 KURHFS 
  4561.155   25.0055     3.071     -4.56                                 KURHFS 
  4561.155   25.0055     3.071     -4.89                                 KURHFS 
  4561.155   25.0055     3.071     -5.26                                 KURHFS 
  4561.165   25.0055     3.071     -4.48                                 KURHFS 
  4561.165   25.0055     3.071     -4.54                                 KURHFS 
  4561.165   25.0055     3.071     -5.64                                 KURHFS 
  4561.170      60.1     0.000     -1.65                                 LAWLER 
  4561.177      62.1     0.434     -2.56                                        
  4561.178   25.0055     3.071     -4.21                                 KURHFS 
  4561.178   25.0055     3.071     -4.68                                 KURHFS 
  4561.188      27.0     3.949     -2.77                               KURNOHFS 
  4561.193   25.0055     3.071     -3.99                                 KURHFS 
  4561.198      26.0     4.317     -2.31                                        
  4561.213      24.0     2.542     -4.29                                        
  4561.230      20.0     5.014     -6.01                                        
  4561.259      27.0     3.949     -1.84                               KURNOHFS 
  4561.348      90.0     0.902     -0.87                                        
  4561.367      21.0     1.864     -0.81                               KURNOHFS 
  4561.393      12.0     4.343     -3.02                                        
  4561.400      23.1     3.121     -4.48                                        
  4561.429      21.1     7.871     -4.88                                        
  4561.433      24.0     3.432     -2.42                                        
  4561.437      26.0     2.756     -3.08                                        
  4561.477      73.0     0.249     -2.84                                        
  4561.509      24.0     4.093     -1.45                                        
  4561.523      24.0     4.609     -1.49                                        
  4561.569      23.0     1.891     -1.59                               KURNOHFS 
  4561.732      26.0     4.555     -2.68                                        
  4561.840      60.0     0.456     -0.15                                        
  4561.860      69.1     1.086     -2.20                                 LAWLER 
  4561.881      28.1     6.866     -3.76                                        
  4561.936   27.0059     2.628     -3.94                                 KURHFS 
  4561.936   27.0059     2.628     -4.08                                 KURHFS 
  4561.953   27.0059     2.628     -3.94                                 KURHFS 
  4561.953   27.0059     2.628     -4.41                                 KURHFS 
  4562.023      22.1     5.688     -1.85                                        
  4562.061      24.0     3.432     -2.91                                        
  4562.075      23.1     3.750     -4.72                                        
  4562.232      28.0     3.396     -2.96                                        
  4562.240      65.1     0.891     -0.91                               LAWNOHFS 
  4562.250   23.0051     1.847     -6.75                                 KURHFS 
  4562.250   23.0051     1.847     -7.03                                 KURHFS 
  4562.250   23.0051     1.847     -7.03                                 KURHFS 
  4562.250   23.0051     1.847     -8.05                                 KURHFS 
  4562.251   23.0051     1.847     -6.54                                 KURHFS 
  4562.251   23.0051     1.847     -6.61                                 KURHFS 
  4562.251   23.0051     1.847     -6.61                                 KURHFS 
  4562.251   23.0051     1.847     -6.75                                 KURHFS 
  4562.251   23.0051     1.847     -6.90                                 KURHFS 
  4562.251   23.0051     1.847     -7.35                                 KURHFS 
  4562.252   23.0051     1.847     -6.54                                 KURHFS 
  4562.252   23.0051     1.847     -6.54                                 KURHFS 
  4562.252   23.0051     1.847     -6.57                                 KURHFS 
  4562.253   23.0051     1.847     -6.31                                 KURHFS 
  4562.253   23.0051     1.847     -6.54                                 KURHFS 
  4562.253   23.0051     1.847     -6.60                                 KURHFS 
  4562.255   23.0051     1.847     -6.09                                 KURHFS 
  4562.255   23.0051     1.847     -6.60                                 KURHFS 
  4562.255   23.0051     1.847     -6.80                                 KURHFS 
  4562.256   23.0051     1.847     -5.90                                 KURHFS 
  4562.256   23.0051     1.847     -6.80                                 KURHFS 
  4562.322      23.0     1.802     -2.49                               KURNOHFS 
  4562.359      58.1     0.477      0.21                                 LAWLER 
  4562.512      67.0     1.044     -0.03                                        
  4562.595      44.0     1.865     -1.63                                        
  4562.602      12.0     0.000    -11.46                                        
  4562.628      22.0     0.021     -2.66                                        
  4562.670      23.1     3.121     -4.19                                        
  4562.920   27.0059     3.968     -3.54                                 KURHFS 
  4562.920   27.0059     3.968     -4.38                                 KURHFS 
  4562.920   27.0059     3.968     -5.49                                 KURHFS 
  4562.972      25.0     5.108     -4.21                                        
  4562.987   27.0059     3.968     -3.68                                 KURHFS 
  4562.987   27.0059     3.968     -4.18                                 KURHFS 
  4562.987   27.0059     3.968     -5.08                                 KURHFS 
  4563.043   27.0059     3.968     -3.84                                 KURHFS 
  4563.043   27.0059     3.968     -4.13                                 KURHFS 
  4563.043   27.0059     3.968     -4.86                                 KURHFS 
  4563.076      23.0     2.682     -2.53                               KURNOHFS 
  4563.088   27.0059     3.968     -4.04                                 KURHFS 
  4563.088   27.0059     3.968     -4.15                                 KURHFS 
  4563.088   27.0059     3.968     -4.74                                 KURHFS 
  4563.097      21.1     7.860     -1.87                                        
  4563.121   27.0059     3.968     -4.24                                 KURHFS 
  4563.121   27.0059     3.968     -4.30                                 KURHFS 
  4563.121   27.0059     3.968     -4.68                                 KURHFS 
  4563.127      26.1     7.800     -2.50                                        
  4563.143   27.0059     3.968     -4.43                                 KURHFS 
  4563.143   27.0059     3.968     -4.68                                 KURHFS 
  4563.143   27.0059     3.968     -4.71                                 KURHFS 
  4563.153      59.1     0.216     -1.07                                        
  4563.220      60.1     0.182     -0.88                                 LAWLER 
  4563.244      24.0     3.847     -0.54                                        
  4563.251   25.0055     3.073     -5.09                                 KURHFS 
  4563.257   25.0055     3.073     -4.96                                 KURHFS 
  4563.257   25.0055     3.073     -5.60                                 KURHFS 
  4563.259      68.1     1.401     -0.49                                        
  4563.266   25.0055     3.073     -4.83                                 KURHFS 
  4563.266   25.0055     3.073     -5.41                                 KURHFS 
  4563.266   25.0055     3.073     -6.70                                 KURHFS 
  4563.275      20.0     4.427     -2.35                                        
  4563.278   25.0055     3.073     -4.70                                 KURHFS 
  4563.278   25.0055     3.073     -5.36                                 KURHFS 
  4563.278   25.0055     3.073     -6.57                                 KURHFS 
  4563.291      90.1     2.331     -0.21                                        
  4563.293   25.0055     3.073     -4.59                                 KURHFS 
  4563.293   25.0055     3.073     -5.39                                 KURHFS 
  4563.293   25.0055     3.073     -6.66                                 KURHFS 
  4563.311   25.0055     3.073     -4.49                                 KURHFS 
  4563.311   25.0055     3.073     -5.58                                 KURHFS 
  4563.311   25.0055     3.073     -7.00                                 KURHFS 
  4563.339   27.0059     0.581     -6.89                                 KURHFS 
  4563.344   27.0059     0.581     -7.07                                 KURHFS 
  4563.347   27.0059     0.581     -6.89                                 KURHFS 
  4563.351   27.0059     0.581     -7.32                                 KURHFS 
  4563.356   27.0059     0.581     -6.73                                 KURHFS 
  4563.359   27.0059     0.581     -7.20                                 KURHFS 
  4563.361      58.1     0.792     -1.48                                        
  4563.362   27.0059     0.581     -7.75                                 KURHFS 
  4563.367   27.0059     0.581     -6.72                                 KURHFS 
  4563.372   27.0059     0.581     -6.76                                 KURHFS 
  4563.381   27.0059     0.581     -6.88                                 KURHFS 
  4563.387   27.0059     0.581     -6.47                                 KURHFS 
  4563.404   27.0059     0.581     -6.26                                 KURHFS 
  4563.409      24.0     2.985     -1.92                                        
  4563.411   27.0059     4.046     -3.53                                 KURHFS 
  4563.411   27.0059     4.046     -4.23                                 KURHFS 
  4563.418   27.0059     4.046     -3.82                                 KURHFS 
  4563.418   27.0059     4.046     -4.05                                 KURHFS 
  4563.418   27.0059     4.046     -4.23                                 KURHFS 
  4563.424      22.0     2.425     -0.14                                        
  4563.425   27.0059     4.046     -4.02                                 KURHFS 
  4563.425   27.0059     4.046     -4.05                                 KURHFS 
  4563.425   27.0059     4.046     -4.23                                 KURHFS 
  4563.430   27.0059     4.046     -4.02                                 KURHFS 
  4563.430   27.0059     4.046     -4.08                                 KURHFS 
  4563.430   27.0059     4.046     -4.95                                 KURHFS 
  4563.433   27.0059     4.046     -4.08                                 KURHFS 
  4563.433   27.0059     4.046     -4.28                                 KURHFS 
  4563.433   27.0059     4.046     -6.19                                 KURHFS 
  4563.436   27.0059     4.046     -4.28                                 KURHFS 
  4563.436   27.0059     4.046     -4.54                                 KURHFS 
  4563.586      74.0     2.456     -0.57                                        
  4563.630   25.0055     3.073     -4.88                                 KURHFS 
  4563.630   25.0055     3.073     -5.13                                 KURHFS 
  4563.636   25.0055     3.073     -4.81                                 KURHFS 
  4563.636   25.0055     3.073     -4.93                                 KURHFS 
  4563.636   25.0055     3.073     -5.13                                 KURHFS 
  4563.645   25.0055     3.073     -4.64                                 KURHFS 
  4563.645   25.0055     3.073     -4.87                                 KURHFS 
  4563.645   25.0055     3.073     -4.93                                 KURHFS 
  4563.648      24.0     3.090     -1.30                                        
  4563.657   25.0055     3.073     -4.45                                 KURHFS 
  4563.657   25.0055     3.073     -4.87                                 KURHFS 
  4563.657   25.0055     3.073     -4.90                                 KURHFS 
  4563.661      90.0     1.005     -1.01                                        
  4563.672   25.0055     3.073     -4.26                                 KURHFS 
  4563.672   25.0055     3.073     -4.90                                 KURHFS 
  4563.672   25.0055     3.073     -5.08                                 KURHFS 
  4563.680      65.1     1.103     -0.49                               LAWNOHFS 
  4563.690   25.0055     3.073     -4.09                                 KURHFS 
  4563.690   25.0055     3.073     -5.08                                 KURHFS 
  4563.702      26.0     4.545     -3.49                                        
  4563.761      22.1     1.220     -0.96                                        
  4563.794   27.0059     3.629     -3.54                                 KURHFS 
  4563.799   27.0059     3.629     -3.26                                 KURHFS 
  4563.799   27.0059     3.629     -3.54                                 KURHFS 
  4563.799   27.0059     3.629     -4.56                                 KURHFS 
  4563.810   27.0059     3.629     -3.12                                 KURHFS 
  4563.810   27.0059     3.629     -3.26                                 KURHFS 
  4563.810   27.0059     3.629     -3.86                                 KURHFS 
  4563.825   27.0059     3.629     -3.05                                 KURHFS 
  4563.825   27.0059     3.629     -3.12                                 KURHFS 
  4563.825   27.0059     3.629     -3.41                                 KURHFS 
  4563.846   27.0059     3.629     -3.05                                 KURHFS 
  4563.846   27.0059     3.629     -3.05                                 KURHFS 
  4563.846   27.0059     3.629     -3.08                                 KURHFS 
  4563.872   27.0059     3.629     -2.82                                 KURHFS 
  4563.872   27.0059     3.629     -3.05                                 KURHFS 
  4563.872   27.0059     3.629     -3.11                                 KURHFS 
  4563.883      26.0     4.545     -1.82                                        
  4563.901   25.0055     3.073     -5.14                                 KURHFS 
  4563.901   25.0055     3.073     -5.17                                 KURHFS 
  4563.901   25.0055     3.073     -5.92                                 KURHFS 
  4563.903   27.0059     3.629     -2.60                                 KURHFS 
  4563.903   27.0059     3.629     -3.11                                 KURHFS 
  4563.903   27.0059     3.629     -3.32                                 KURHFS 
  4563.907   25.0055     3.073     -4.89                                 KURHFS 
  4563.907   25.0055     3.073     -4.96                                 KURHFS 
  4563.907   25.0055     3.073     -5.84                                 KURHFS 
  4563.913   27.0059     3.626     -2.85                                 KURHFS 
  4563.916   25.0055     3.073     -4.66                                 KURHFS 
  4563.916   25.0055     3.073     -4.90                                 KURHFS 
  4563.916   25.0055     3.073     -5.96                                 KURHFS 
  4563.920   27.0059     3.626     -2.73                                 KURHFS 
  4563.920   27.0059     3.626     -3.30                                 KURHFS 
  4563.928   25.0055     3.073     -4.48                                 KURHFS 
  4563.928   25.0055     3.073     -4.92                                 KURHFS 
  4563.928   25.0055     3.073     -6.32                                 KURHFS 
  4563.931   27.0059     3.626     -2.61                                 KURHFS 
  4563.931   27.0059     3.626     -3.09                                 KURHFS 
  4563.931   27.0059     3.626     -4.30                                 KURHFS 
  4563.940   27.0059     3.629     -2.41                                 KURHFS 
  4563.940   27.0059     3.629     -3.32                                 KURHFS 
  4563.941      21.0     2.606     -1.53                               KURNOHFS 
  4563.943   25.0055     3.073     -4.32                                 KURHFS 
  4563.943   25.0055     3.073     -5.10                                 KURHFS 
  4563.945   27.0059     3.626     -2.50                                 KURHFS 
  4563.945   27.0059     3.626     -2.99                                 KURHFS 
  4563.945   27.0059     3.626     -4.09                                 KURHFS 
  4563.945      92.0     1.626      0.14                                        
  4563.961   25.0055     3.073     -4.18                                 KURHFS 
  4563.961      70.0     2.442     -0.57                                        
  4563.963   27.0059     3.626     -2.40                                 KURHFS 
  4563.963   27.0059     3.626     -2.96                                 KURHFS 
  4563.963   27.0059     3.626     -4.06                                 KURHFS 
  4563.985   27.0059     3.626     -2.30                                 KURHFS 
  4563.985   27.0059     3.626     -2.97                                 KURHFS 
  4563.985   27.0059     3.626     -4.14                                 KURHFS 
  4564.010   27.0059     3.626     -2.21                                 KURHFS 
  4564.010   27.0059     3.626     -3.05                                 KURHFS 
  4564.010   27.0059     3.626     -4.34                                 KURHFS 
  4564.040   27.0059     3.626     -2.12                                 KURHFS 
  4564.040   27.0059     3.626     -3.27                                 KURHFS 
  4564.040   27.0059     3.626     -4.72                                 KURHFS 
  4564.070      62.1     0.000     -1.87                                 LAWLER 
  4564.152      24.0     4.774      0.32                                        
  4564.155      27.0     2.875     -2.88                               KURNOHFS 
  4564.178      90.1     1.322     -1.84                                        
  4564.214      22.0     1.459     -1.84                                        
  4564.233   23.0051     1.929     -4.07                                 KURHFS 
  4564.233   23.0051     1.929     -4.32                                 KURHFS 
  4564.233   23.0051     1.929     -4.35                                 KURHFS 
  4564.243   23.0051     1.929     -3.88                                 KURHFS 
  4564.243   23.0051     1.929     -3.94                                 KURHFS 
  4564.243   23.0051     1.929     -4.32                                 KURHFS 
  4564.257   23.0051     1.929     -3.68                                 KURHFS 
  4564.257   23.0051     1.929     -3.79                                 KURHFS 
  4564.257   23.0051     1.929     -4.38                                 KURHFS 
  4564.270      24.1     7.768     -1.27                                        
  4564.276   23.0051     1.929     -3.48                                 KURHFS 
  4564.276   23.0051     1.929     -3.77                                 KURHFS 
  4564.276   23.0051     1.929     -4.50                                 KURHFS 
  4564.300   23.0051     1.929     -3.32                                 KURHFS 
  4564.300   23.0051     1.929     -3.82                                 KURHFS 
  4564.300   23.0051     1.929     -4.72                                 KURHFS 
  4564.326      27.0     4.172     -2.58                                        
  4564.328   23.0051     1.929     -3.18                                 KURHFS 
  4564.328   23.0051     1.929     -4.02                                 KURHFS 
  4564.328   23.0051     1.929     -5.13                                 KURHFS 
  4564.344      26.0     4.368     -2.87                                        
  4564.368      27.0     4.022     -3.58                               KURNOHFS 
  4564.387   23.0051     2.364     -3.60                                 KURHFS 
  4564.387   23.0051     2.364     -3.80                                 KURHFS 
  4564.387   23.0051     2.364     -3.86                                 KURHFS 
  4564.389   23.0051     2.364     -3.40                                 KURHFS 
  4564.389   23.0051     2.364     -3.60                                 KURHFS 
  4564.389   23.0051     2.364     -4.50                                 KURHFS 
  4564.391   23.0051     2.364     -3.23                                 KURHFS 
  4564.391   23.0051     2.364     -3.50                                 KURHFS 
  4564.391   23.0051     2.364     -4.34                                 KURHFS 
  4564.393   23.0051     2.364     -3.08                                 KURHFS 
  4564.393   23.0051     2.364     -3.45                                 KURHFS 
  4564.393   23.0051     2.364     -4.34                                 KURHFS 
  4564.397   23.0051     2.364     -2.95                                 KURHFS 
  4564.397   23.0051     2.364     -3.45                                 KURHFS 
  4564.397   23.0051     2.364     -4.44                                 KURHFS 
  4564.400   23.0051     2.364     -2.83                                 KURHFS 
  4564.400   23.0051     2.364     -3.53                                 KURHFS 
  4564.400   23.0051     2.364     -4.64                                 KURHFS 
  4564.405   23.0051     2.364     -2.73                                 KURHFS 
  4564.405   23.0051     2.364     -3.74                                 KURHFS 
  4564.405   23.0051     2.364     -5.04                                 KURHFS 
  4564.522      41.0     1.499     -0.19                                        
  4564.589      23.0     1.798     -2.80                               KURNOHFS 
  4564.589      23.1     2.266     -1.45                                        
  4564.595      64.0     1.348     -0.51                                        
  4564.678      69.0     2.149      0.11                                        
  4564.689      44.0     1.122     -2.05                                        
  4564.697      26.0     3.651     -3.18                                        
  4564.775   27.0059     3.626     -2.73                                 KURHFS 
  4564.775   27.0059     3.626     -2.92                                 KURHFS 
  4564.783   27.0059     3.626     -2.70                                 KURHFS 
  4564.783   27.0059     3.626     -2.71                                 KURHFS 
  4564.783   27.0059     3.626     -2.92                                 KURHFS 
  4564.793   27.0059     3.626     -2.58                                 KURHFS 
  4564.793   27.0059     3.626     -2.60                                 KURHFS 
  4564.793   27.0059     3.626     -2.70                                 KURHFS 
  4564.808   27.0059     3.626     -2.41                                 KURHFS 
  4564.808   27.0059     3.626     -2.56                                 KURHFS 
  4564.808   27.0059     3.626     -2.60                                 KURHFS 
  4564.812      26.0     4.730     -3.45                                        
  4564.822      26.0     3.069     -4.07                                        
  4564.826   27.0059     3.626     -2.24                                 KURHFS 
  4564.826   27.0059     3.626     -2.56                                 KURHFS 
  4564.826   27.0059     3.626     -2.57                                 KURHFS 
  4564.848   27.0059     3.626     -2.08                                 KURHFS 
  4564.848   27.0059     3.626     -2.57                                 KURHFS 
  4564.848   27.0059     3.626     -2.64                                 KURHFS 
  4564.862      21.0     3.099     -2.39                               KURNOHFS 
  4564.873   27.0059     3.626     -1.93                                 KURHFS 
  4564.873   27.0059     3.626     -2.64                                 KURHFS 
  4564.873   27.0059     3.626     -2.86                                 KURHFS 
  4564.881      26.1     6.212     -3.54                                        
  4564.903   27.0059     3.626     -1.80                                 KURHFS 
  4564.903   27.0059     3.626     -2.86                                 KURHFS 
  4564.939      27.1     3.083     -7.33                                        
  4564.973      26.1     7.798     -3.26                                        
