Ce II    4075.7      line list
  4072.017      24.0     3.886     -3.09                                        
  4072.055      41.1     1.693     -1.00                                        
  4072.079      20.0     5.879     -3.48                                        
  4072.094      25.1     5.105     -5.83                                        
  4072.097      27.1     3.116     -4.72                                        
  4072.104      22.0     0.899     -4.03                                        
  4072.118   23.0051     1.217     -3.54                                 KURHFS 
  4072.118   23.0051     1.217     -3.80                                 KURHFS 
  4072.118   23.0051     1.217     -3.83                                 KURHFS 
  4072.119   23.0051     1.217     -3.35                                 KURHFS 
  4072.119   23.0051     1.217     -3.41                                 KURHFS 
  4072.119   23.0051     1.217     -3.80                                 KURHFS 
  4072.121   23.0051     1.217     -3.15                                 KURHFS 
  4072.121   23.0051     1.217     -3.26                                 KURHFS 
  4072.121   23.0051     1.217     -3.85                                 KURHFS 
  4072.124   23.0051     1.217     -2.96                                 KURHFS 
  4072.124   23.0051     1.217     -3.24                                 KURHFS 
  4072.124   23.0051     1.217     -3.97                                 KURHFS 
  4072.127   23.0051     1.217     -2.79                                 KURHFS 
  4072.127   23.0051     1.217     -3.30                                 KURHFS 
  4072.127   23.0051     1.217     -4.20                                 KURHFS 
  4072.131   23.0051     1.217     -2.65                                 KURHFS 
  4072.131   23.0051     1.217     -3.49                                 KURHFS 
  4072.131   23.0051     1.217     -4.61                                 KURHFS 
  4072.132      22.1     5.424     -3.90                                        
  4072.193      20.0     5.987     -8.20                                        
  4072.254      24.0     4.529     -3.87                                        
  4072.335      22.0     2.425     -5.24                                        
  4072.492      22.0     2.406     -3.80                                        
  4072.502      26.0     3.428     -1.44                                        
  4072.512      59.1     0.895     -0.24                                        
  4072.561      24.1     3.711     -2.41                                        
  4072.576      27.0     3.684     -4.71                               KURNOHFS 
  4072.594   23.0051     1.929     -4.30                                 KURHFS 
  4072.594   23.0051     1.929     -4.56                                 KURHFS 
  4072.601   23.0051     1.929     -4.11                                 KURHFS 
  4072.601   23.0051     1.929     -4.30                                 KURHFS 
  4072.601   23.0051     1.929     -6.21                                 KURHFS 
  4072.610      66.1     2.111      0.06                                        
  4072.613   23.0051     1.929     -4.04                                 KURHFS 
  4072.613   23.0051     1.929     -4.11                                 KURHFS 
  4072.613   23.0051     1.929     -4.97                                 KURHFS 
  4072.618      26.1     9.768     -4.41                                        
  4072.628   23.0051     1.929     -4.04                                 KURHFS 
  4072.628   23.0051     1.929     -4.07                                 KURHFS 
  4072.628   23.0051     1.929     -4.25                                 KURHFS 
  4072.646   23.0051     1.929     -3.85                                 KURHFS 
  4072.646   23.0051     1.929     -4.07                                 KURHFS 
  4072.646   23.0051     1.929     -4.25                                 KURHFS 
  4072.669   23.0051     1.929     -3.55                                 KURHFS 
  4072.669   23.0051     1.929     -4.25                                 KURHFS 
  4072.702      40.0     0.686      0.31                                        
  4072.709      14.1     9.829     -2.37                                        
  4072.763      24.0     3.110     -1.54                                        
  4072.856      28.0     3.844     -1.23                                        
  4072.918      24.0     4.532     -1.34                                        
  4072.918      58.1     0.327     -0.64                                 LAWLER 
  4072.980      73.0     1.907     -1.08                                        
  4072.999      22.0     0.825     -3.62                                        
  4072.999      44.0     1.138     -1.26                                        
  4073.091   23.0051     1.954     -5.78                                 KURHFS 
  4073.091   23.0051     1.954     -5.84                                 KURHFS 
  4073.091   23.0051     1.954     -6.47                                 KURHFS 
  4073.097   23.0051     1.954     -5.58                                 KURHFS 
  4073.097   23.0051     1.954     -5.58                                 KURHFS 
  4073.097   23.0051     1.954     -6.32                                 KURHFS 
  4073.105   23.0051     1.954     -5.38                                 KURHFS 
  4073.105   23.0051     1.954     -5.47                                 KURHFS 
  4073.105   23.0051     1.954     -6.32                                 KURHFS 
  4073.116   23.0051     1.954     -5.21                                 KURHFS 
  4073.116   23.0051     1.954     -5.43                                 KURHFS 
  4073.116   23.0051     1.954     -6.42                                 KURHFS 
  4073.120      66.1     0.540     -0.32                                 LAWLER 
  4073.131   23.0051     1.954     -5.06                                 KURHFS 
  4073.131   23.0051     1.954     -5.43                                 KURHFS 
  4073.131   23.0051     1.954     -6.62                                 KURHFS 
  4073.146      74.0     1.867     -0.93                                        
  4073.148   23.0051     1.954     -4.93                                 KURHFS 
  4073.148   23.0051     1.954     -5.51                                 KURHFS 
  4073.148   23.0051     1.954     -7.02                                 KURHFS 
  4073.167   23.0051     1.954     -4.81                                 KURHFS 
  4073.167   23.0051     1.954     -5.72                                 KURHFS 
  4073.190   23.0051     1.954     -4.71                                 KURHFS 
  4073.190      64.1     0.427     -0.85                                 LAWLER 
  4073.193      24.0     3.110     -2.82                                        
  4073.197      29.0     4.970     -1.78                                        
  4073.266      24.0     4.446     -2.79                                        
  4073.344      24.0     2.985     -3.12                                        
  4073.464       6.0     7.482     -5.08                                        
  4073.474      58.1     0.477      0.21                                 LAWLER 
  4073.506      41.0     1.913     -0.23                                        
  4073.552      25.1     6.860     -4.40                                        
  4073.629      26.0     3.639     -4.59                                        
  4073.666      20.0     5.881     -6.60                                        
  4073.720      65.1     0.771     -0.83                               LAWNOHFS 
  4073.734      58.1     1.047     -0.18                                        
  4073.742      58.1     1.122      0.13                                BIEMONT 
  4073.750      64.1     0.818      0.04                                 LAWLER 
  4073.762      26.0     3.263     -0.92                                        
  4073.780      23.1     3.121     -0.92                                        
  4073.806      27.0     4.229     -1.60                                        
  4073.840      24.0     3.011     -4.82                                        
  4073.859      20.0     4.677     -4.77                                        
  4073.990      66.1     1.460     -0.99                                 LAWLER 
  4073.999      25.0     4.317     -1.24                                        
  4074.003      68.1     1.560     -0.21                                        
  4074.077      25.0     5.108     -1.15                                        
  4074.119      26.1     5.906     -3.14                                        
  4074.167   23.0051     2.121     -2.18                                 KURHFS 
  4074.169   23.0051     2.121     -1.89                                 KURHFS 
  4074.169   23.0051     2.121     -2.15                                 KURHFS 
  4074.172   23.0051     2.121     -1.71                                 KURHFS 
  4074.172   23.0051     2.121     -2.15                                 KURHFS 
  4074.172   23.0051     2.121     -2.20                                 KURHFS 
  4074.176   23.0051     2.121     -1.61                                 KURHFS 
  4074.176   23.0051     2.121     -1.76                                 KURHFS 
  4074.176   23.0051     2.121     -2.32                                 KURHFS 
  4074.182   23.0051     2.121     -1.50                                 KURHFS 
  4074.182   23.0051     2.121     -1.59                                 KURHFS 
  4074.182   23.0051     2.121     -2.55                                 KURHFS 
  4074.190   23.0051     2.121     -1.31                                 KURHFS 
  4074.190   23.0051     2.121     -1.65                                 KURHFS 
  4074.190   23.0051     2.121     -2.96                                 KURHFS 
  4074.199   23.0051     2.121     -1.14                                 KURHFS 
  4074.199   23.0051     2.121     -1.84                                 KURHFS 
  4074.210   23.0051     2.121     -1.00                                 KURHFS 
  4074.256      24.0     3.887     -3.74                                        
  4074.348      22.0     2.152     -3.76                                        
  4074.351      22.0     2.316     -0.77                                        
  4074.357      74.0     0.366     -0.71                                        
  4074.358      24.0     3.077     -2.36                                        
  4074.361      21.0     1.968     -2.06                               KURNOHFS 
  4074.375      28.0     3.737     -2.39                                        
  4074.380   23.0051     1.944     -2.71                                 KURHFS 
  4074.383   23.0051     1.944     -2.71                                 KURHFS 
  4074.383   23.0051     1.944     -2.89                                 KURHFS 
  4074.388   23.0051     1.944     -2.55                                 KURHFS 
  4074.388   23.0051     1.944     -3.02                                 KURHFS 
  4074.388   23.0051     1.944     -3.14                                 KURHFS 
  4074.395   23.0051     1.944     -2.54                                 KURHFS 
  4074.395   23.0051     1.944     -2.58                                 KURHFS 
  4074.395   23.0051     1.944     -3.57                                 KURHFS 
  4074.404   23.0051     1.944     -2.29                                 KURHFS 
  4074.404   23.0051     1.944     -2.70                                 KURHFS 
  4074.407      60.1     0.630     -0.73                                        
  4074.414   23.0051     1.944     -2.08                                 KURHFS 
  4074.429      24.0     3.090     -4.44                                        
  4074.436      20.0     5.916     -3.70                                        
  4074.468      20.0     4.677     -3.58                                        
  4074.485      92.1     0.217     -1.24                                        
  4074.495      23.0     2.676     -3.62                               KURNOHFS 
  4074.587      21.0     1.986     -3.08                               KURNOHFS 
  4074.644      58.1     0.175     -1.70                                 LAWLER 
  4074.673      26.0     4.206     -0.90                                        
  4074.676      76.0     1.840     -0.92                                        
  4074.683      27.0     2.716     -3.19                               KURNOHFS 
  4074.696      26.0     3.637     -2.73                                        
  4074.751      24.0     3.102     -4.62                                        
  4074.786      26.0     3.045     -0.97                                        
  4074.790      26.1     7.689     -3.10                                        
  4074.889      28.0     0.422     -4.80                                        
  4074.891      24.0     4.452     -0.09                                        
  4074.930      26.0     4.206     -2.43                                        
  4074.944      40.0     0.542     -0.84                                        
  4074.964      21.0     1.985     -0.32                               KURNOHFS 
  4075.035      23.0     3.236     -4.68                               KURNOHFS 
  4075.058      12.0     2.710     -5.05                                        
  4075.110      60.1     0.204     -0.48                                 LAWLER 
  4075.115      21.0     1.985     -1.43                               KURNOHFS 
  4075.144      26.0     2.830     -5.46                                        
  4075.190      22.0     2.736     -1.45                                        
  4075.191      23.0     2.357     -2.94                               KURNOHFS 
  4075.205      20.0     5.917     -3.91                                        
  4075.244      42.0     2.068     -1.22                                        
  4075.251      25.0     4.329     -0.86                                        
  4075.270      60.1     0.064     -0.76                                 LAWLER 
  4075.340   23.0051     1.194     -5.40                                 KURHFS 
  4075.340   23.0051     1.194     -5.40                                 KURHFS 
  4075.340   23.0051     1.194     -5.71                                 KURHFS 
  4075.343   23.0051     1.194     -5.24                                 KURHFS 
  4075.343   23.0051     1.194     -5.27                                 KURHFS 
  4075.343   23.0051     1.194     -5.58                                 KURHFS 
  4075.347   23.0051     1.194     -4.98                                 KURHFS 
  4075.347   23.0051     1.194     -5.23                                 KURHFS 
  4075.347   23.0051     1.194     -5.83                                 KURHFS 
  4075.353   23.0051     1.194     -4.77                                 KURHFS 
  4075.353   23.0051     1.194     -5.39                                 KURHFS 
  4075.353   23.0051     1.194     -6.26                                 KURHFS 
  4075.449      20.0     5.989     -2.41                                        
  4075.452      14.1     9.831     -1.40                                        
  4075.470      64.1     0.492     -1.86                                 LAWLER 
  4075.503      90.0     0.317     -1.38                                        
  4075.512      26.0     4.280     -3.19                                        
  4075.546      22.0     0.825     -3.18                                        
  4075.546      58.1     0.708     -1.35                                 LAWLER 
  4075.578      29.0     5.773     -0.98                                        
  4075.623      24.1     3.102     -3.47                                        
  4075.629   23.0051     2.357     -3.74                                 KURHFS 
  4075.629   23.0051     2.357     -3.99                                 KURHFS 
  4075.629   23.0051     2.357     -4.02                                 KURHFS 
  4075.631      27.1     5.065     -3.11                                        
  4075.634   23.0051     2.357     -3.55                                 KURHFS 
  4075.634   23.0051     2.357     -3.60                                 KURHFS 
  4075.634   23.0051     2.357     -3.99                                 KURHFS 
  4075.642   23.0051     2.357     -3.35                                 KURHFS 
  4075.642   23.0051     2.357     -3.46                                 KURHFS 
  4075.642   23.0051     2.357     -4.04                                 KURHFS 
  4075.652   23.0051     2.357     -3.15                                 KURHFS 
  4075.652   23.0051     2.357     -3.44                                 KURHFS 
  4075.652   23.0051     2.357     -4.17                                 KURHFS 
  4075.663      23.1     1.564     -2.91                                        
  4075.665   23.0051     2.357     -2.99                                 KURHFS 
  4075.665   23.0051     2.357     -3.49                                 KURHFS 
  4075.665   23.0051     2.357     -4.39                                 KURHFS 
  4075.681   23.0051     2.357     -2.85                                 KURHFS 
  4075.681   23.0051     2.357     -3.69                                 KURHFS 
  4075.681   23.0051     2.357     -4.80                                 KURHFS 
  4075.700      58.1     0.700      0.23                                 LAWLER 
  4075.724   27.0059     3.710     -4.50                                 KURHFS 
  4075.724   27.0059     3.710     -4.75                                 KURHFS 
  4075.724   27.0059     3.710     -4.78                                 KURHFS 
  4075.732   27.0059     3.710     -4.31                                 KURHFS 
  4075.732   27.0059     3.710     -4.36                                 KURHFS 
  4075.732   27.0059     3.710     -4.75                                 KURHFS 
  4075.745   27.0059     3.710     -4.11                                 KURHFS 
  4075.745   27.0059     3.710     -4.22                                 KURHFS 
  4075.745   27.0059     3.710     -4.80                                 KURHFS 
  4075.762   27.0059     3.710     -3.91                                 KURHFS 
  4075.762   27.0059     3.710     -4.20                                 KURHFS 
  4075.762   27.0059     3.710     -4.93                                 KURHFS 
  4075.782   27.0059     3.710     -3.75                                 KURHFS 
  4075.782   27.0059     3.710     -4.25                                 KURHFS 
  4075.782   27.0059     3.710     -5.15                                 KURHFS 
  4075.804      23.1     3.793     -3.79                                        
  4075.807   27.0059     3.710     -3.61                                 KURHFS 
  4075.807   27.0059     3.710     -4.45                                 KURHFS 
  4075.807   27.0059     3.710     -5.56                                 KURHFS 
  4075.830      62.1     0.543     -0.43                                 LAWLER 
  4075.847      58.1     0.608      0.16                                 LAWLER 
  4075.850      17.0     8.915     -4.00                                        
  4075.912      24.0     2.706     -3.85                                        
  4075.932      42.0     2.593     -1.50                                        
  4075.954      26.1     2.542     -3.38                                        
  4075.972      42.0     3.075     -1.83                                        
  4076.050      26.1     9.119     -3.60                                        
  4076.071      24.0     4.096     -0.21                                        
  4076.082      41.0     0.348     -1.59                                        
  4076.088   27.0059     0.581     -4.36                                 KURHFS 
  4076.088   27.0059     0.581     -4.61                                 KURHFS 
  4076.094   27.0059     0.581     -4.16                                 KURHFS 
  4076.094   27.0059     0.581     -4.36                                 KURHFS 
  4076.094   27.0059     0.581     -6.26                                 KURHFS 
  4076.101      42.0     2.644     -2.09                                        
  4076.104   27.0059     0.581     -4.09                                 KURHFS 
  4076.104   27.0059     0.581     -4.16                                 KURHFS 
  4076.104   27.0059     0.581     -5.02                                 KURHFS 
  4076.116   27.0059     0.581     -4.09                                 KURHFS 
  4076.116   27.0059     0.581     -4.12                                 KURHFS 
  4076.116   27.0059     0.581     -4.30                                 KURHFS 
  4076.127      24.0     4.528     -1.57                                        
  4076.132   27.0059     0.581     -3.90                                 KURHFS 
  4076.132   27.0059     0.581     -4.12                                 KURHFS 
  4076.132   27.0059     0.581     -4.30                                 KURHFS 
  4076.136      24.0     3.090     -3.73                                        
  4076.150   27.0059     0.581     -3.61                                 KURHFS 
  4076.150   27.0059     0.581     -4.30                                 KURHFS 
  4076.158      27.1     7.601     -2.03                                        
  4076.191      42.0     2.985     -0.59                                        
  4076.207      26.1     4.728     -4.01                                        
  4076.219      26.0     3.069     -2.03                                        
  4076.239      58.1     0.807     -0.42                                        
  4076.360      26.0     3.684     -3.76                                        
  4076.361      22.0     0.021     -2.88                                        
  4076.400      17.0     8.915     -2.89                                        
  4076.414      22.1     5.203     -4.47                                        
  4076.490      26.0     2.607     -2.11                                        
  4076.499      42.0     2.932     -1.47                                        
  4076.525      40.0     0.519     -1.05                                        
  4076.529      42.0     3.779     -1.12                                        
  4076.559      27.0     3.684     -0.81                               KURNOHFS 
  4076.620      62.1     0.104     -1.33                                 LAWLER 
  4076.629      26.0     3.209     -0.36                                        
  4076.685      92.1     0.113     -1.30                                        
  4076.692   57.1139     0.000     -3.43                                 LAWLER 
  4076.693      25.0     4.255     -1.83                                        
  4076.694   57.1139     0.000     -3.01                                 LAWLER 
  4076.694   57.1139     0.000     -3.13                                 LAWLER 
  4076.695   57.1139     0.000     -3.21                                 LAWLER 
  4076.697   57.1139     0.000     -2.94                                 LAWLER 
  4076.698   57.1139     0.000     -2.74                                 LAWLER 
  4076.700   57.1139     0.000     -3.30                                 LAWLER 
  4076.702   57.1139     0.000     -2.89                                 LAWLER 
  4076.703   57.1139     0.000     -2.53                                 LAWLER 
  4076.705   57.1139     0.000     -3.45                                 LAWLER 
  4076.708   57.1139     0.000     -2.92                                 LAWLER 
  4076.709   57.1139     0.000     -2.36                                 LAWLER 
  4076.712   57.1139     0.000     -3.68                                 LAWLER 
  4076.715   57.1139     0.000     -3.10                                 LAWLER 
  4076.720   57.1139     0.000     -4.10                                 LAWLER 
  4076.723      44.0     1.122     -0.58                                        
  4076.780      14.1     9.829     -1.67                                        
  4076.800      26.0     3.263     -1.18                                        
  4076.850      62.1     0.040     -1.79                                 LAWLER 
  4076.855      24.1     3.103     -2.76                                        
  4076.881      26.0     3.263     -1.39                                        
  4076.905      26.0     4.281     -1.66                                        
  4077.003      27.1     8.366     -2.59                                        
  4077.026      22.0     2.394     -4.89                                        
  4077.038      40.1     0.958     -1.60                                        
  4077.080      24.0     2.707     -1.70                                        
  4077.081      41.0     1.915     -0.28                                        
  4077.121      25.1     6.806     -5.21                                        
  4077.126      21.1     7.566     -2.92                                        
  4077.147      22.0     2.159     -0.65                                        
  4077.186      24.0     4.529     -1.06                                        
  4077.192      22.0     2.101     -5.16                                        
  4077.198   27.0059     3.626     -6.30                                 KURHFS 
  4077.198   27.0059     3.626     -6.37                                 KURHFS 
  4077.198   27.0059     3.626     -7.00                                 KURHFS 
  4077.200      26.0     3.639     -2.68                                        
  4077.204   27.0059     3.626     -6.11                                 KURHFS 
  4077.204   27.0059     3.626     -6.11                                 KURHFS 
  4077.204   27.0059     3.626     -6.85                                 KURHFS 
  4077.212   27.0059     3.626     -5.91                                 KURHFS 
  4077.212   27.0059     3.626     -6.00                                 KURHFS 
  4077.212   27.0059     3.626     -6.85                                 KURHFS 
  4077.224   27.0059     3.626     -5.74                                 KURHFS 
  4077.224   27.0059     3.626     -5.96                                 KURHFS 
  4077.224   27.0059     3.626     -6.95                                 KURHFS 
  4077.238   27.0059     3.626     -5.59                                 KURHFS 
  4077.238   27.0059     3.626     -5.96                                 KURHFS 
  4077.238   27.0059     3.626     -7.15                                 KURHFS 
  4077.239      26.0     4.309     -1.76                                        
  4077.255   27.0059     3.626     -2.79                                 KURHFS 
  4077.255   27.0059     3.626     -2.98                                 KURHFS 
  4077.256   27.0059     3.626     -5.46                                 KURHFS 
  4077.256   27.0059     3.626     -6.04                                 KURHFS 
  4077.256   27.0059     3.626     -7.55                                 KURHFS 
  4077.260   27.0059     3.626     -2.76                                 KURHFS 
  4077.260   27.0059     3.626     -2.77                                 KURHFS 
  4077.260   27.0059     3.626     -2.98                                 KURHFS 
  4077.269   27.0059     3.626     -2.64                                 KURHFS 
  4077.269   27.0059     3.626     -2.66                                 KURHFS 
  4077.269   27.0059     3.626     -2.76                                 KURHFS 
  4077.275      26.0     3.281     -3.01                                        
  4077.276   27.0059     3.626     -5.34                                 KURHFS 
  4077.276   27.0059     3.626     -6.25                                 KURHFS 
  4077.277      70.1     4.750     -0.43                                        
  4077.280   27.0059     3.626     -2.47                                 KURHFS 
  4077.280   27.0059     3.626     -2.62                                 KURHFS 
  4077.280   27.0059     3.626     -2.66                                 KURHFS 
  4077.285      27.1     8.705     -2.44                                        
  4077.295   27.0059     3.626     -2.30                                 KURHFS 
  4077.295   27.0059     3.626     -2.62                                 KURHFS 
  4077.295   27.0059     3.626     -2.63                                 KURHFS 
  4077.300   27.0059     3.626     -5.24                                 KURHFS 
  4077.302   23.0051     2.377     -6.20                                 KURHFS 
  4077.308   23.0051     2.377     -6.52                                 KURHFS 
  4077.308   23.0051     2.377     -6.66                                 KURHFS 
  4077.310   57.1139     0.235     -0.58                                 LAWLER 
  4077.312   27.0059     3.626     -2.14                                 KURHFS 
  4077.312   27.0059     3.626     -2.63                                 KURHFS 
  4077.312   27.0059     3.626     -2.71                                 KURHFS 
  4077.313   23.0051     2.377     -6.52                                 KURHFS 
  4077.313   23.0051     2.377     -6.99                                 KURHFS 
  4077.317   23.0051     2.377     -6.54                                 KURHFS 
  4077.318   57.1139     0.235     -1.07                                 LAWLER 
  4077.323   27.0059     3.512     -2.25                                 KURHFS 
  4077.324   57.1139     0.235     -1.77                                 LAWLER 
  4077.325   27.0059     3.512     -2.05                                 KURHFS 
  4077.329   27.0059     3.512     -2.03                                 KURHFS 
  4077.332   27.0059     3.512     -2.04                                 KURHFS 
  4077.333   27.0059     3.626     -1.99                                 KURHFS 
  4077.333   27.0059     3.626     -2.71                                 KURHFS 
  4077.333   27.0059     3.626     -2.92                                 KURHFS 
  4077.334   27.0059     3.512     -2.25                                 KURHFS 
  4077.339   27.0059     3.512     -1.93                                 KURHFS 
  4077.343   27.0059     3.512     -1.90                                 KURHFS 
  4077.346   27.0059     3.512     -2.03                                 KURHFS 
  4077.346   57.1139     0.235     -0.88                                 LAWLER 
  4077.352   27.0059     3.512     -1.88                                 KURHFS 
  4077.352   57.1139     0.235     -0.96                                 LAWLER 
  4077.356   27.0059     3.626     -1.86                                 KURHFS 
  4077.356   27.0059     3.626     -2.92                                 KURHFS 
  4077.357   27.0059     3.512     -1.74                                 KURHFS 
  4077.357   57.1139     0.235     -1.33                                 LAWLER 
  4077.360      39.0     0.000      0.22                                        
  4077.361   27.0059     3.512     -1.93                                 KURHFS 
  4077.369   27.0059     3.512     -1.89                                 KURHFS 
  4077.374   57.1139     0.235     -1.33                                 LAWLER 
  4077.375   27.0059     3.512     -1.57                                 KURHFS 
  4077.379   57.1139     0.235     -1.08                                 LAWLER 
  4077.380   27.0059     3.512     -1.88                                 KURHFS 
  4077.383   57.1139     0.235     -1.06                                 LAWLER 
  4077.390   27.0059     3.512     -1.97                                 KURHFS 
  4077.396   27.0059     3.512     -1.41                                 KURHFS 
  4077.397      22.1     1.242     -6.65                                        
  4077.402   27.0059     3.512     -1.89                                 KURHFS 
  4077.413   27.0059     3.512     -2.19                                 KURHFS 
  4077.421   27.0059     3.512     -1.26                                 KURHFS 
  4077.428   27.0059     3.512     -1.97                                 KURHFS 
  4077.443      24.0     4.436     -3.43                                        
  4077.449   27.0059     3.512     -1.12                                 KURHFS 
  4077.457   27.0059     3.512     -2.19                                 KURHFS 
  4077.467      58.1     0.295     -0.44                                BIEMONT 
  4077.483      27.0     3.968     -2.86                               KURNOHFS 
  4077.511      24.1     3.103     -2.78                                        
  4077.580      45.0     1.675     -1.19                                        
  4077.586      27.0     3.407     -4.74                               KURNOHFS 
  4077.612      60.1     1.250     -0.04                                        
  4077.655      26.0     4.412     -2.65                                        
  4077.678      42.0     3.387     -0.85                                        
  4077.684      24.0     4.093     -0.19                                        
  4077.709      38.1     0.000      0.17                                        
  4077.785      92.0     0.870      0.16                                        
  4077.823      22.1     5.055     -2.88                                        
  4077.827      80.0     4.883     -1.47                                        
  4077.837      22.0     1.738     -6.55                                        
  4077.882      68.0     0.624      0.19                                        
  4077.947   23.0051     0.040     -6.39                                 KURHFS 
  4077.948   23.0051     0.040     -6.11                                 KURHFS 
  4077.948   23.0051     0.040     -6.39                                 KURHFS 
  4077.948   23.0051     0.040     -7.42                                 KURHFS 
  4077.951   23.0051     0.040     -5.98                                 KURHFS 
  4077.951   23.0051     0.040     -6.11                                 KURHFS 
  4077.951   23.0051     0.040     -6.72                                 KURHFS 
  4077.954      25.1     5.376     -4.09                                        
  4077.955   23.0051     0.040     -5.91                                 KURHFS 
  4077.955   23.0051     0.040     -5.98                                 KURHFS 
  4077.955   23.0051     0.040     -6.27                                 KURHFS 
  4077.961   23.0051     0.040     -5.90                                 KURHFS 
  4077.961   23.0051     0.040     -5.91                                 KURHFS 
  4077.961   23.0051     0.040     -5.94                                 KURHFS 
  4077.966      66.1     0.103     -0.06                                        
  4077.968   23.0051     0.040     -5.67                                 KURHFS 
  4077.968   23.0051     0.040     -5.90                                 KURHFS 
  4077.968   23.0051     0.040     -5.97                                 KURHFS 
  4077.976   23.0051     0.040     -5.46                                 KURHFS 
  4077.976   23.0051     0.040     -5.97                                 KURHFS 
  4077.976   23.0051     0.040     -6.17                                 KURHFS 
  4077.986   23.0051     0.040     -5.27                                 KURHFS 
  4077.986   23.0051     0.040     -6.17                                 KURHFS 
