Ba II  4934.1     line list
  4931.006      22.0      1.43 8.570e-04                                        
  4931.115      24.0      5.54 1.663e+00                                        
  4931.258      27.0      2.87 1.514e-03                                        
  4931.312      23.0      2.71 9.036e-08                                        
  4931.333      22.0      3.70 6.180e-04                                        
  4931.353      23.1      5.54 1.986e-05                                        
  4931.356      23.0      3.06 1.936e-03                                        
  4931.764      24.0      5.26 8.872e-03                                        
  4931.915      22.0      3.20 8.128e-05                                        
  4932.032      23.0      1.22 5.212e-02                                        
  4932.188      27.1      5.47 1.205e-04                                        
  4932.202      24.0      3.42 3.540e-05                                        
  4932.266      24.0      5.12 1.242e-02                                        
  4932.520      22.0      3.44 1.884e-04                                        
  4932.538      22.0      3.58 3.656e-04                                        
  4932.548      24.0      3.10 7.780e-04                                        
  4932.602      24.0      5.52 1.346e-02                                        
  4932.787      21.0      1.99 1.633e-04                                        
  4932.869      27.0      1.88 9.977e-04                                        
  4932.982      26.0      3.27  1.00e-04                                        
  4933.079      23.1      6.86 2.972e-03                                        
  4933.205      26.0      4.19  3.50e-02                                        
  4933.210      25.0      3.37 1.094e-05                                        
  4933.293      26.0      3.30  1.50e-03                                        
  4933.354      26.0      4.23  4.00e-01                                        
  4933.422      21.0      3.19 2.649e-04                                        
  4933.439      23.0      1.71 1.429e-02                                        
  4933.561      23.0      2.37 1.714e-04                                        
  4933.585      27.1      3.42 6.966e-06                                        
  4933.597      23.0      2.64 1.841e-01                                        
  4933.673      22.0      3.55 2.382e-02                                        
  4933.674      26.0      2.85 1.503e-06                                        
  4933.765      26.0      3.88 8.851e-05                                        
  4933.828      24.0      4.21 3.837e-05                                        
  4933.870      27.0      4.15 1.581e-04                                        
  4933.883      26.0      3.94  3.40e-02                                        
  4933.897      27.0      4.18 7.621e-04                                        
  4933.940      23.1      3.33 4.178e-06                                        
  4934.030      26.0      4.15  7.50e-01                                        
  4934.054   56.1137     0.000    0.2177
  4934.059   56.1135     0.000    0.2177
  4934.066   56.1137     0.000    0.0435
  4934.070   56.1135     0.000    0.0435
  4934.082      26.0      3.30  5.00e-03
  4934.100   56.1134     0.000    0.6966
  4934.100   56.1136     0.000    0.6966
  4934.100   56.1138     0.000    0.6966
  4934.116      68.1      2.97 1.205e+01
  4934.118   56.1135     0.000    0.2177
  4934.121   56.1137     0.000    0.2177
  4934.129   56.1135     0.000    0.2177
  4934.132   56.1137     0.000    0.2177
  4934.157      24.0      3.09 1.837e-04                                        
  4934.257      21.0      2.14 2.582e-01                                        
  4934.462      72.1      1.60 1.148e-02                                        
  4934.486      23.1      6.54 7.178e-05                                        
  4934.508      26.1      7.99 3.243e-05                                        
  4934.583      22.0      2.33 1.600e-03                                        
  4934.618      25.0      4.83 3.565e-03                                        
  4934.674      28.1      6.65 5.321e-05                                        
  4934.739      25.0      4.83 2.275e-02                                        
  4934.829      57.1      1.25 9.333e-02                                        
  4934.851      24.0      4.86 4.831e-02                                        
  4934.859      28.0      3.60 2.884e-05                                        
  4934.864      27.0      4.15 3.467e-05                                        
  4934.898      24.0      3.85  5.00e-02                                        
  4935.044      23.0      2.68  3.00e-01                                        
  4935.057      22.0      2.51 2.780e-03                                        
  4935.231      22.0      2.27 3.499e-05                                        
  4935.234      27.0      3.28 1.514e-02                                        
  4935.415      26.0      3.64  3.20e-04                                        
  4935.614      57.1      0.71 7.762e-03                                        
  4935.665      25.0      5.11 1.596e-02                                        
  4935.666      22.0      3.35 4.656e-04                                        
  4935.711      27.0      4.15 3.673e-02                                        
  4935.721      21.0      1.99 2.667e-03                                        
  4935.797      23.0      3.82 5.445e-04                                        
  4935.834      28.0      3.94  6.00e-01                                        
  4935.943      21.0      1.99 2.877e-02                                        
  4935.979      20.0      5.05 6.823e-04                                        
  4936.021      62.1      0.43 5.445e-03                                        
  4936.101      26.0      3.70 7.145e-08                                        
  4936.243      21.0      3.06 6.281e-05                                        
  4936.335      24.0      3.11 6.998e-01                                        
  4936.377      24.0      3.01 6.998e-04                                        
  4936.413      27.0      4.03 1.770e-02                                        
  4936.440      22.0      3.57 8.054e-05                                        
  4936.443      24.0      2.98 3.828e-04                                        
  4936.449      22.0      2.33 1.125e-03                                        
  4936.652      22.0      3.15 1.517e-04                                        
  4936.820      25.0      5.11 1.884e-02                                        
  4936.879      27.0      3.95 5.623e-03                                        
