Tb II    4226.5      line list
  4222.963   23.0051     2.314     -2.28                                 KURHFS 
  4222.964   23.0051     2.314     -2.20                                 KURHFS 
  4222.964   23.0051     2.314     -3.00                                 KURHFS 
  4222.966   23.0051     2.314     -2.11                                 KURHFS 
  4222.966   23.0051     2.314     -2.79                                 KURHFS 
  4222.966   23.0051     2.314     -4.22                                 KURHFS 
  4222.968   23.0051     2.314     -2.03                                 KURHFS 
  4222.968   23.0051     2.314     -2.69                                 KURHFS 
  4222.968   23.0051     2.314     -3.98                                 KURHFS 
  4222.970   23.0051     2.314     -1.95                                 KURHFS 
  4222.970   23.0051     2.314     -2.66                                 KURHFS 
  4222.970   23.0051     2.314     -3.94                                 KURHFS 
  4222.972   23.0051     2.314     -1.87                                 KURHFS 
  4222.972   23.0051     2.314     -2.68                                 KURHFS 
  4222.972   23.0051     2.314     -4.00                                 KURHFS 
  4222.976   23.0051     2.314     -1.79                                 KURHFS 
  4222.976   23.0051     2.314     -2.77                                 KURHFS 
  4222.976   23.0051     2.314     -4.19                                 KURHFS 
  4222.979   23.0051     2.314     -1.72                                 KURHFS 
  4222.979   23.0051     2.314     -2.99                                 KURHFS 
  4222.979   23.0051     2.314     -4.57                                 KURHFS 
  4223.017      64.1     1.526     -0.80                                        
  4223.040      22.0     2.316     -3.04                                        
  4223.047      22.0     1.732     -6.15                                        
  4223.055      23.0     2.503     -7.72                               KURNOHFS 
  4223.086 106.00112     0.786     -1.31               3.470               Plez 
  4223.104 106.00112     0.786     -1.34               3.470               Plez 
  4223.127 106.00113     0.786     -3.47               3.470               Plez 
  4223.148 106.00112     0.786     -3.47               3.470               Plez 
  4223.184      25.1     5.544     -4.05                                        
  4223.189      20.0     4.776     -3.99                                        
  4223.200      60.1     0.380     -1.27                                 LAWLER 
  4223.234      26.0     2.452     -4.02                                        
  4223.243      25.1     5.832     -4.52                                        
  4223.257      24.0     4.851     -0.56                                        
  4223.340      26.0     4.298     -1.88                                        
  4223.341      23.0     2.503     -5.80                               KURNOHFS 
  4223.437 106.00113     1.382     -4.97               3.470               Plez 
  4223.452      24.0     3.011     -2.00                                        
  4223.491 106.00113     0.786     -1.31               3.470               Plez 
  4223.494 106.00112     0.359     -1.35               3.470               Plez 
  4223.498 106.00113     0.786     -1.34               3.470               Plez 
  4223.516      27.1     5.171     -3.59                                        
  4223.571 106.00112     0.359     -1.32               3.470               Plez 
  4223.614      25.1     5.369     -4.52                                        
  4223.628 106.00112     0.359     -3.40               3.470               Plez 
  4223.684      24.0     2.542     -6.71                                        
  4223.707 106.00113     0.359     -3.40               3.470               Plez 
  4223.710      62.1     0.333     -1.27                                 LAWLER 
  4223.729      26.0     2.947     -2.91                                        
  4223.757      26.1     7.562     -4.68                                        
  4223.773      27.0     2.955     -2.51                               KURNOHFS 
  4223.780      28.0     3.844     -1.80                                        
  4223.860 106.00112     1.382     -4.97               3.470               Plez 
  4223.881      58.1     0.529     -0.92                                 LAWLER 
  4223.917      42.0     2.913     -1.95                                        
  4223.935      21.0     3.055     -4.21                               KURNOHFS 
  4223.971 106.00113     0.359     -1.35               3.470               Plez 
  4224.010      28.1     3.602     -5.08                                        
  4224.019      20.0     6.024     -3.05                                        
  4224.036      20.0     4.760     -2.31                                        
  4224.076 106.00113     0.359     -1.32               3.470               Plez 
  4224.078      24.0     3.373     -2.81                                        
  4224.087      24.1     3.855     -3.53                                        
  4224.088   23.0051     1.948     -2.31                                 KURHFS 
  4224.091   23.0051     1.948     -2.05                                 KURHFS 
  4224.091   23.0051     1.948     -2.25                                 KURHFS 
  4224.094      23.1     6.097     -3.43                                        
  4224.096   23.0051     1.948     -1.85                                 KURHFS 
  4224.096   23.0051     1.948     -2.05                                 KURHFS 
  4224.096   23.0051     1.948     -2.95                                 KURHFS 
  4224.103      23.0     3.236     -3.63                               KURNOHFS 
  4224.104   23.0051     1.948     -1.68                                 KURHFS 
  4224.104   23.0051     1.948     -1.95                                 KURHFS 
  4224.104   23.0051     1.948     -2.79                                 KURHFS 
  4224.114   23.0051     1.948     -1.53                                 KURHFS 
  4224.114   23.0051     1.948     -1.90                                 KURHFS 
  4224.114   23.0051     1.948     -2.79                                 KURHFS 
  4224.128   23.0051     1.948     -1.40                                 KURHFS 
  4224.128   23.0051     1.948     -1.91                                 KURHFS 
  4224.128   23.0051     1.948     -2.89                                 KURHFS 
  4224.144   23.0051     1.948     -1.29                                 KURHFS 
  4224.144   23.0051     1.948     -1.98                                 KURHFS 
  4224.144   23.0051     1.948     -3.09                                 KURHFS 
  4224.162   23.0051     1.948     -1.18                                 KURHFS 
  4224.162   23.0051     1.948     -2.19                                 KURHFS 
  4224.162   23.0051     1.948     -3.49                                 KURHFS 
  4224.171      26.0     3.366     -0.41                                        
  4224.193      26.0     2.938     -7.27                                        
  4224.203 106.00112     1.080     -7.54               3.470               Plez 
  4224.223      42.0     1.334     -3.60                                        
  4224.226      26.0     4.442     -2.42                                        
  4224.237      20.0     5.989     -2.59                                        
  4224.240      62.1     0.434     -1.81                                 LAWLER 
  4224.241      90.1     0.189     -2.43                                        
  4224.262      64.0     0.927     -0.43                                        
  4224.293      26.0     4.100     -1.59                                        
  4224.297      26.0     4.280     -1.72                                        
  4224.299      40.1     0.757     -1.40                                        
  4224.306      24.0     2.542     -5.58                                        
  4224.324      25.0     4.723     -1.61                                        
  4224.390      22.0     1.979     -4.88                                        
  4224.428      23.1     2.898     -4.07                                        
  4224.464      27.0     2.875     -3.11                               KURNOHFS 
  4224.511      24.0     4.609     -1.01                                        
  4224.513      26.0     3.428     -1.02                                        
  4224.515      24.0     3.085     -0.79                                        
  4224.521      23.1     1.684     -2.65                                        
  4224.521      27.1     5.042     -4.74                                        
  4224.560      58.1     1.140     -0.87                                        
  4224.579   23.0051     2.294     -3.99                                 KURHFS 
  4224.579   23.0051     2.294     -4.19                                 KURHFS 
  4224.580   23.0051     2.294     -3.96                                 KURHFS 
  4224.580   23.0051     2.294     -3.98                                 KURHFS 
  4224.580   23.0051     2.294     -4.19                                 KURHFS 
  4224.581   23.0051     2.294     -3.84                                 KURHFS 
  4224.581   23.0051     2.294     -3.86                                 KURHFS 
  4224.581   23.0051     2.294     -3.96                                 KURHFS 
  4224.583   23.0051     2.294     -3.67                                 KURHFS 
  4224.583   23.0051     2.294     -3.82                                 KURHFS 
  4224.583   23.0051     2.294     -3.86                                 KURHFS 
  4224.585   23.0051     2.294     -3.50                                 KURHFS 
  4224.585   23.0051     2.294     -3.82                                 KURHFS 
  4224.585   23.0051     2.294     -3.83                                 KURHFS 
  4224.587   23.0051     2.294     -3.34                                 KURHFS 
  4224.587   23.0051     2.294     -3.83                                 KURHFS 
  4224.587   23.0051     2.294     -3.91                                 KURHFS 
  4224.590   23.0051     2.294     -3.19                                 KURHFS 
  4224.590   23.0051     2.294     -3.91                                 KURHFS 
  4224.590   23.0051     2.294     -4.12                                 KURHFS 
  4224.593   23.0051     2.294     -3.06                                 KURHFS 
  4224.593   23.0051     2.294     -4.12                                 KURHFS 
  4224.627      26.0     2.756     -4.23                                        
  4224.656      26.0     4.442     -3.89                                        
  4224.753      42.0     2.834     -2.01                                        
  4224.753      74.0     2.965     -0.08                                        
  4224.784      22.0     2.776      0.05                                        
  4224.822      27.0     3.407     -3.29                               KURNOHFS 
  4224.840      60.1     0.630     -0.90                                 LAWLER 
  4224.854 106.00112     0.360     -1.35               3.470               Plez 
  4224.860      24.1     5.326     -1.73                                        
  4224.874 106.00112     0.360     -1.32               3.470               Plez 
  4224.880      24.0     2.980     -8.39                                        
  4224.885 106.00113     1.381     -4.97               3.470               Plez 
  4224.888 106.00113     1.107     -7.58               3.470               Plez 
  4224.903 106.00112     0.806     -3.99               3.470               Plez 
  4224.923      42.0     3.185     -1.77                                        
  4224.931 106.00112     0.360     -3.40               3.470               Plez 
  4224.940      23.1     1.678     -3.37                                        
  4224.961      26.0     4.140     -3.07                                        
  4224.992 106.00113     0.806     -3.99               3.470               Plez 
  4225.003      25.0     3.370     -4.91                               KURNOHFS 
  4225.010 106.00113     0.360     -3.40               3.470               Plez 
  4225.031      28.0     3.830     -3.04                                        
  4225.032      64.0     0.213     -0.74                                        
  4225.049   23.0051     1.852     -5.23                                 KURHFS 
  4225.049   23.0051     1.852     -5.30                                 KURHFS 
  4225.049   23.0051     1.852     -5.93                                 KURHFS 
  4225.053   23.0051     1.852     -5.03                                 KURHFS 
  4225.053   23.0051     1.852     -5.03                                 KURHFS 
  4225.053   23.0051     1.852     -5.77                                 KURHFS 
  4225.057   23.0051     1.852     -4.83                                 KURHFS 
  4225.057   23.0051     1.852     -4.93                                 KURHFS 
  4225.057   23.0051     1.852     -5.77                                 KURHFS 
  4225.063   23.0051     1.852     -4.66                                 KURHFS 
  4225.063   23.0051     1.852     -4.88                                 KURHFS 
  4225.063   23.0051     1.852     -5.87                                 KURHFS 
  4225.071   23.0051     1.852     -4.51                                 KURHFS 
  4225.071   23.0051     1.852     -4.89                                 KURHFS 
  4225.071   23.0051     1.852     -6.07                                 KURHFS 
  4225.074      25.0     4.191     -2.26                                        
  4225.081   23.0051     1.852     -4.38                                 KURHFS 
  4225.081   23.0051     1.852     -4.96                                 KURHFS 
  4225.081   23.0051     1.852     -6.47                                 KURHFS 
  4225.082      24.0     4.413     -4.34                                        
  4225.092   23.0051     1.852     -4.27                                 KURHFS 
  4225.092   23.0051     1.852     -5.17                                 KURHFS 
  4225.103      44.0     2.508     -0.16                                        
  4225.104   23.0051     1.852     -4.16                                 KURHFS 
  4225.140      64.1     0.600     -0.97                                 LAWLER 
  4225.158      66.0     0.874      1.05                                        
  4225.222      23.1     2.024     -1.65                                        
  4225.248      42.0     2.913     -1.99                                        
  4225.255      20.0     4.427     -2.82                                        
  4225.255   59.1141     0.000     -0.30                                 LI/LAW 
  4225.264   59.1141     0.000     -1.38                                 LI/LAW 
  4225.289   59.1141     0.000     -1.38                                 LI/LAW 
  4225.298   59.1141     0.000     -0.44                                 LI/LAW 
  4225.306   59.1141     0.000     -1.19                                 LI/LAW 
  4225.308 106.00112     1.381     -4.97               3.470               Plez 
  4225.320      62.1     0.188     -0.62                                 LAWLER 
  4225.327   59.1141     0.000     -1.19                                 LI/LAW 
  4225.331 106.00113     0.360     -1.35               3.470               Plez 
  4225.334   59.1141     0.000     -0.59                                 LI/LAW 
  4225.341   59.1141     0.000     -1.15                                 LI/LAW 
  4225.347      25.0     4.329     -3.97                                        
  4225.354      62.1     0.000     -1.13                                        
  4225.358   59.1141     0.000     -1.15                                 LI/LAW 
  4225.364   59.1141     0.000     -0.74                                 LI/LAW 
  4225.369   59.1141     0.000     -1.21                                 LI/LAW 
  4225.379 106.00113     0.360     -1.32               3.470               Plez 
  4225.382   59.1141     0.000     -1.21                                 LI/LAW 
  4225.387   59.1141     0.000     -0.87                                 LI/LAW 
  4225.391   59.1141     0.000     -1.41                                 LI/LAW 
  4225.400   59.1141     0.000     -1.41                                 LI/LAW 
  4225.404   59.1141     0.000     -0.93                                 LI/LAW 
  4225.406      23.1     3.750     -4.00                                        
  4225.435 106.00112     0.805     -3.99               3.470               Plez 
  4225.449 106.00112     0.432     -3.87               3.470               Plez 
  4225.454      26.0     3.414     -0.50                                        
  4225.463      22.0     2.406     -3.40                                        
  4225.508      23.1     4.772     -1.57                                        
  4225.524 106.00113     0.805     -3.99               3.470               Plez 
  4225.535      40.0     1.529     -0.59                                        
  4225.541      20.0     5.317     -2.69                                        
  4225.544      21.0     2.000     -0.67                               KURNOHFS 
  4225.565      22.0     2.504     -7.55                                        
  4225.581      20.0     5.177     -1.64                                        
  4225.659      24.0     4.614     -3.08                                        
  4225.659      26.0     3.412     -1.76                                        
  4225.672 106.00113     0.432     -3.87               3.470               Plez 
  4225.688      21.0     1.994     -2.38                               KURNOHFS 
  4225.707      22.0     2.425     -3.80                                        
  4225.714      26.0     4.217     -1.40                                        
  4225.717      23.0     2.606     -1.91                               KURNOHFS 
  4225.758      26.0     4.442     -4.40                                        
  4225.763      25.0     5.108     -1.93                                        
  4225.790 106.00112     0.431     -3.87               3.470               Plez 
  4225.791      26.0     2.422     -5.40                                        
  4225.848      64.0     0.213      0.43                                        
  4225.911   23.0051     1.217     -4.19                                 KURHFS 
  4225.911   23.0051     1.217     -4.45                                 KURHFS 
  4225.911   23.0051     1.217     -4.48                                 KURHFS 
  4225.913   23.0051     1.217     -4.00                                 KURHFS 
  4225.913   23.0051     1.217     -4.06                                 KURHFS 
  4225.913   23.0051     1.217     -4.45                                 KURHFS 
  4225.915   23.0051     1.217     -3.80                                 KURHFS 
  4225.915   23.0051     1.217     -3.91                                 KURHFS 
  4225.915   23.0051     1.217     -4.50                                 KURHFS 
  4225.917   23.0051     1.217     -3.61                                 KURHFS 
  4225.917   23.0051     1.217     -3.89                                 KURHFS 
  4225.917   23.0051     1.217     -4.62                                 KURHFS 
  4225.921   23.0051     1.217     -3.44                                 KURHFS 
  4225.921   23.0051     1.217     -3.94                                 KURHFS 
  4225.921   23.0051     1.217     -4.84                                 KURHFS 
  4225.925   23.0051     1.217     -3.30                                 KURHFS 
  4225.925   23.0051     1.217     -4.14                                 KURHFS 
  4225.925   23.0051     1.217     -5.25                                 KURHFS 
  4225.936      22.0     1.872     -4.15                                        
  4225.956      26.0     3.045     -1.39                                        
  4226.014 106.00113     0.431     -3.87               3.470               Plez 
  4226.060      23.0     1.710     -1.80                               KURNOHFS 
  4226.183      62.0     0.101     -0.63                                        
  4226.217      41.0     1.042     -1.21                                        
  4226.299      26.1     7.798     -3.49                                        
  4226.301      42.0     3.031     -1.74                                        
  4226.335      74.0     2.386     -0.73                                        
  4226.344      26.0     2.452     -3.41                                        
  4226.377      22.0     2.470     -5.15                                        
  4226.397      28.0     4.102     -1.19                                        
  4226.424      26.0     2.843     -1.52                                        
  4226.471 106.00112     0.733     -1.36               3.470               Plez 
  4226.490      65.1     0.000     -0.65                               LAWNOHFS 
  4226.526 106.00112     0.733     -1.33               3.470               Plez 
  4226.532      76.0     1.886     -1.54                                        
  4226.546      42.0     3.221     -1.45                                        
  4226.555      24.0     3.392     -4.25                                        
  4226.563      32.0     2.028     -0.77                                        
  4226.569 106.00113     0.733     -3.44               3.470               Plez 
  4226.585 106.00112     0.733     -3.44               3.470               Plez 
  4226.597   23.0051     1.944     -1.97                                 KURHFS 
  4226.597   23.0051     1.944     -2.22                                 KURHFS 
  4226.597   23.0051     1.944     -2.25                                 KURHFS 
  4226.600      26.0     4.151     -4.01                                        
  4226.601   23.0051     1.944     -1.78                                 KURHFS 
  4226.601   23.0051     1.944     -1.83                                 KURHFS 
  4226.601   23.0051     1.944     -2.22                                 KURHFS 
  4226.606   23.0051     1.944     -1.58                                 KURHFS 
  4226.606   23.0051     1.944     -1.69                                 KURHFS 
  4226.606   23.0051     1.944     -2.27                                 KURHFS 
  4226.613   23.0051     1.944     -1.38                                 KURHFS 
  4226.613   23.0051     1.944     -1.67                                 KURHFS 
  4226.613   23.0051     1.944     -2.40                                 KURHFS 
  4226.622   23.0051     1.944     -1.22                                 KURHFS 
  4226.622   23.0051     1.944     -1.72                                 KURHFS 
  4226.622   23.0051     1.944     -2.62                                 KURHFS 
  4226.633   23.0051     1.944     -1.07                                 KURHFS 
  4226.633   23.0051     1.944     -1.92                                 KURHFS 
  4226.633   23.0051     1.944     -3.03                                 KURHFS 
  4226.720      24.0     4.204     -1.46                                        
  4226.728      20.0     0.000      0.24                                        
  4226.730      44.0     1.865     -0.95                                        
  4226.740      26.0     3.234     -7.00                                        
  4226.751      24.0     2.965     -1.48                                        
  4226.852 106.00113     0.733     -1.36               3.470               Plez 
  4226.900   23.0051     2.294     -4.03                                 KURHFS 
  4226.900   23.0051     2.294     -4.03                                 KURHFS 
  4226.900   23.0051     2.294     -4.23                                 KURHFS 
  4226.900   23.0051     2.294     -4.29                                 KURHFS 
  4226.900   23.0051     2.294     -4.77                                 KURHFS 
  4226.900   23.0051     2.294     -4.93                                 KURHFS 
  4226.902   23.0051     2.294     -3.83                                 KURHFS 
  4226.902   23.0051     2.294     -3.93                                 KURHFS 
  4226.902   23.0051     2.294     -4.77                                 KURHFS 
  4226.903   23.0051     2.294     -3.66                                 KURHFS 
  4226.903   23.0051     2.294     -3.88                                 KURHFS 
  4226.903   23.0051     2.294     -4.87                                 KURHFS 
  4226.905   23.0051     2.294     -3.51                                 KURHFS 
  4226.905   23.0051     2.294     -3.89                                 KURHFS 
  4226.905   23.0051     2.294     -5.07                                 KURHFS 
  4226.907   23.0051     2.294     -3.38                                 KURHFS 
  4226.907   23.0051     2.294     -3.96                                 KURHFS 
  4226.907   23.0051     2.294     -5.47                                 KURHFS 
  4226.907      74.0     2.240     -0.80                                        
  4226.910   23.0051     2.294     -3.27                                 KURHFS 
  4226.910   23.0051     2.294     -4.17                                 KURHFS 
  4226.913   23.0051     2.294     -3.16                                 KURHFS 
  4226.921 106.00113     0.733     -1.33               3.470               Plez 
  4226.994      60.1     1.687     -0.05                                        
  4227.046      21.0     2.008     -3.51                               KURNOHFS 
  4227.119      42.0     2.916     -2.01                                        
  4227.140      64.1     0.601     -0.92                                 LAWLER 
  4227.170      22.0     1.967     -6.29                                        
  4227.173      26.1     2.889     -5.20                                        
  4227.231      27.0     3.949     -4.08                               KURNOHFS 
  4227.298      26.0     4.368     -1.53                                        
  4227.302      26.0     4.188     -3.33                                        
  4227.325      92.1     0.778     -1.37                                        
  4227.352      22.1     1.130     -2.36                                        
  4227.366      26.0     4.151     -2.29                                        
  4227.375      27.1     5.204     -4.96                                        
  4227.387      90.0     0.902     -0.86                                        
  4227.419      58.1     0.807     -0.80                                        
  4227.423      26.0     3.414     -5.76                                        
  4227.427      26.0     3.329      0.23                                        
  4227.448      26.0     4.317     -3.11                                        
  4227.466      75.0     2.348      0.84                                        
  4227.486      22.0     3.145     -2.60                                        
  4227.499 106.00113     1.334     -4.93               3.470               Plez 
  4227.515      41.0     1.169     -1.38                                        
  4227.523   25.0055     2.951     -6.53                                 KURHFS 
  4227.523   25.0055     2.951     -6.62                                 KURHFS 
  4227.523   25.0055     2.951     -6.64                                 KURHFS 
  4227.543   25.0055     2.951     -6.16                                 KURHFS 
  4227.543   25.0055     2.951     -6.53                                 KURHFS 
  4227.543   25.0055     2.951     -7.07                                 KURHFS 
  4227.627   23.0051     2.364     -7.46                                 KURHFS 
  4227.628   23.0051     2.364     -7.19                                 KURHFS 
  4227.628   23.0051     2.364     -7.39                                 KURHFS 
  4227.629   23.0051     2.364     -6.99                                 KURHFS 
  4227.629   23.0051     2.364     -7.19                                 KURHFS 
  4227.629   23.0051     2.364     -8.09                                 KURHFS 
  4227.631   23.0051     2.364     -6.82                                 KURHFS 
  4227.631   23.0051     2.364     -7.09                                 KURHFS 
  4227.631   23.0051     2.364     -7.93                                 KURHFS 
  4227.633   23.0051     2.364     -6.67                                 KURHFS 
  4227.633   23.0051     2.364     -7.04                                 KURHFS 
  4227.633   23.0051     2.364     -7.93                                 KURHFS 
  4227.636   23.0051     2.364     -6.54                                 KURHFS 
  4227.636   23.0051     2.364     -7.05                                 KURHFS 
  4227.636   23.0051     2.364     -8.03                                 KURHFS 
  4227.639   23.0051     2.364     -6.43                                 KURHFS 
  4227.639   23.0051     2.364     -7.12                                 KURHFS 
  4227.639   23.0051     2.364     -8.23                                 KURHFS 
  4227.643   23.0051     2.364     -6.32                                 KURHFS 
  4227.643   23.0051     2.364     -7.33                                 KURHFS 
  4227.643   23.0051     2.364     -8.63                                 KURHFS 
  4227.688      22.0     3.102     -2.04                                        
  4227.710      60.1     0.471     -0.50                                 LAWLER 
  4227.716      22.0     2.486     -0.20                                        
  4227.723      23.0     2.503     -7.86                               KURNOHFS 
  4227.740      23.0     1.711     -4.41                               KURNOHFS 
  4227.740      24.1     5.007     -4.46                                        
  4227.744      24.1     4.981     -5.67                                        
  4227.747      58.1     0.696     -0.10                                 LAWLER 
  4227.756      40.0     0.730      0.09                                        
  4227.760      23.0     1.375     -6.68                               KURNOHFS 
  4227.760      26.0     4.470     -2.79                                        
  4227.878 106.00112     1.334     -4.93               3.470               Plez 
  4227.949 106.00112     0.734     -1.36               3.470               Plez 
  4227.951 106.00112     0.734     -1.33               3.470               Plez 
  4227.965      26.0     4.253     -2.00                                        
  4227.990 106.00113     0.734     -3.44               3.470               Plez 
  4228.006 106.00112     0.734     -3.44               3.470               Plez 
  4228.020      60.1     0.204     -1.16                                 LAWLER 
  4228.080      72.0     0.000     -1.76                                        
  4228.190      60.1     0.630     -0.80                                 LAWLER 
  4228.228      24.0     3.665     -3.81                                        
  4228.230      60.1     0.471     -1.44                                 LAWLER 
  4228.250      24.0     3.977     -1.91                                        
  4228.266      25.1     7.751     -3.02                                        
  4228.295      58.1     0.875     -0.87                                 LAWLER 
  4228.310      26.1     7.562     -4.49                                        
  4228.326       6.0     7.679     -2.79                                        
  4228.330 106.00113     0.734     -1.36               3.470               Plez 
  4228.332      23.0     2.503     -8.34                               KURNOHFS 
  4228.346 106.00113     0.734     -1.33               3.470               Plez 
  4228.404      22.0     2.394     -2.97                                        
  4228.500      21.0     4.690     -2.60                                        
  4228.500      21.0     4.690     -3.11                                        
  4228.513      27.0     3.407     -3.63                               KURNOHFS 
  4228.622      73.0     1.516     -1.13                                        
  4228.629      27.0     2.628     -3.61                               KURNOHFS 
  4228.717      26.0     3.366     -2.54                                        
  4228.729      26.1     2.578     -6.85                                        
  4228.740 106.00112     1.107     -7.58               3.470               Plez 
  4228.756      92.1     0.583     -1.51                                        
  4228.775 106.00113     1.138     -7.62               3.470               Plez 
  4228.786      42.0     3.736     -1.11                                        
  4228.793 106.00113     1.333     -4.93               3.470               Plez 
  4228.872      27.0     3.620     -1.67                               KURNOHFS 
  4228.891      24.0     3.884     -3.77                                        
  4228.894      23.1     6.104     -3.53                                        
  4228.969      26.0     4.412     -4.16                                        
