Ce II    4042.6       line list
  4038.949      23.0     1.798     -3.18                               KURNOHFS 
  4038.961      27.0     2.716     -2.38                               KURNOHFS 
  4038.969   25.0055     2.918     -5.06                                 KURHFS 
  4038.972   25.0055     2.918     -5.27                                 KURHFS 
  4038.972   25.0055     2.918     -5.75                                 KURHFS 
  4038.974   25.0055     2.918     -5.55                                 KURHFS 
  4038.974   25.0055     2.918     -5.60                                 KURHFS 
  4038.974   25.0055     2.918     -6.70                                 KURHFS 
  4038.975   25.0055     2.918     -5.62                                 KURHFS 
  4038.975   25.0055     2.918     -5.96                                 KURHFS 
  4038.975   25.0055     2.918     -6.32                                 KURHFS 
  4038.976   25.0055     2.918     -5.78                                 KURHFS 
  4038.976   25.0055     2.918     -6.15                                 KURHFS 
  4038.977      23.0     1.802     -3.81                               KURNOHFS 
  4038.977   25.0055     2.918     -6.10                                 KURHFS 
  4039.035      28.0     1.934     -3.22                                        
  4039.080      41.0     1.428     -0.70                                        
  4039.090      24.0     3.847      0.39                                        
  4039.142   27.0059     3.277     -6.51                                 KURHFS 
  4039.146   27.0059     3.277     -6.51                                 KURHFS 
  4039.146   27.0059     3.277     -6.69                                 KURHFS 
  4039.153   27.0059     3.277     -6.35                                 KURHFS 
  4039.153   27.0059     3.277     -6.81                                 KURHFS 
  4039.153   27.0059     3.277     -6.94                                 KURHFS 
  4039.163   27.0059     3.277     -6.34                                 KURHFS 
  4039.163   27.0059     3.277     -6.38                                 KURHFS 
  4039.163   27.0059     3.277     -7.37                                 KURHFS 
  4039.175   27.0059     3.277     -6.09                                 KURHFS 
  4039.175   27.0059     3.277     -6.50                                 KURHFS 
  4039.187      26.0     4.257     -3.73                                        
  4039.189   27.0059     3.277     -5.88                                 KURHFS 
  4039.194      26.0     4.309     -2.28                                        
  4039.207      44.0     1.821     -0.32                                        
  4039.219   27.0059     2.784     -5.53                                 KURHFS 
  4039.219   27.0059     2.784     -5.59                                 KURHFS 
  4039.219   27.0059     2.784     -6.22                                 KURHFS 
  4039.220      28.0     1.949     -5.35                                        
  4039.228   27.0059     2.784     -5.33                                 KURHFS 
  4039.228   27.0059     2.784     -5.33                                 KURHFS 
  4039.228   27.0059     2.784     -6.07                                 KURHFS 
  4039.233   59.1141     0.204     -2.36                                 LI/LAW 
  4039.241   27.0059     2.784     -5.13                                 KURHFS 
  4039.241   27.0059     2.784     -5.22                                 KURHFS 
  4039.241   27.0059     2.784     -6.07                                 KURHFS 
  4039.246      27.2     9.111     -7.13                                        
  4039.250   59.1141     0.204     -1.37                                 LI/LAW 
  4039.254   59.1141     0.204     -2.16                                 LI/LAW 
  4039.258   27.0059     2.784     -4.96                                 KURHFS 
  4039.258   27.0059     2.784     -5.18                                 KURHFS 
  4039.258   27.0059     2.784     -6.17                                 KURHFS 
  4039.274   59.1141     0.204     -1.32                                 LI/LAW 
  4039.280   27.0059     2.784     -4.81                                 KURHFS 
  4039.280   27.0059     2.784     -5.18                                 KURHFS 
  4039.280   27.0059     2.784     -6.37                                 KURHFS 
  4039.280   59.1141     0.204     -2.11                                 LI/LAW 
  4039.290   59.1141     0.204     -2.36                                 LI/LAW 
  4039.296      24.0     3.847     -0.66                                        
  4039.300      25.0     4.675     -0.60                                        
  4039.303   59.1141     0.204     -1.25                                 LI/LAW 
  4039.307   27.0059     2.784     -4.68                                 KURHFS 
  4039.307   27.0059     2.784     -5.26                                 KURHFS 
  4039.307   27.0059     2.784     -6.77                                 KURHFS 
  4039.308   27.0059     3.277     -6.85                                 KURHFS 
  4039.308   27.0059     3.277     -7.10                                 KURHFS 
  4039.308   27.0059     3.277     -7.13                                 KURHFS 
  4039.310   59.1141     0.204     -2.15                                 LI/LAW 
  4039.313   27.0059     3.277     -6.66                                 KURHFS 
  4039.313   27.0059     3.277     -6.71                                 KURHFS 
  4039.313   27.0059     3.277     -7.10                                 KURHFS 
  4039.320   27.0059     3.277     -6.46                                 KURHFS 
  4039.320   27.0059     3.277     -6.57                                 KURHFS 
  4039.320   27.0059     3.277     -7.15                                 KURHFS 
  4039.323   59.1141     0.204     -2.16                                 LI/LAW 
  4039.329   27.0059     3.277     -6.26                                 KURHFS 
  4039.329   27.0059     3.277     -6.55                                 KURHFS 
  4039.329   27.0059     3.277     -7.28                                 KURHFS 
  4039.337   59.1141     0.204     -1.17                                 LI/LAW 
  4039.338   27.0059     2.784     -4.57                                 KURHFS 
  4039.338   27.0059     2.784     -5.47                                 KURHFS 
  4039.341   27.0059     3.277     -6.10                                 KURHFS 
  4039.341   27.0059     3.277     -6.60                                 KURHFS 
  4039.341   27.0059     3.277     -7.50                                 KURHFS 
  4039.347   59.1141     0.204     -2.35                                 LI/LAW 
  4039.355   27.0059     3.277     -5.96                                 KURHFS 
  4039.355   27.0059     3.277     -6.80                                 KURHFS 
  4039.355   27.0059     3.277     -7.91                                 KURHFS 
  4039.361   59.1141     0.204     -2.11                                 LI/LAW 
  4039.373   27.0059     2.784     -4.46                                 KURHFS 
  4039.377   59.1141     0.204     -1.08                                 LI/LAW 
  4039.394       6.0     7.940     -2.87                                        
  4039.400      27.1     8.327     -4.05                                        
  4039.404   59.1141     0.204     -2.15                                 LI/LAW 
  4039.421      24.2     9.335     -4.89                                        
  4039.422   59.1141     0.204     -0.99                                 LI/LAW 
  4039.453   59.1141     0.204     -2.35                                 LI/LAW 
  4039.490      64.1     1.525     -0.34                                        
  4039.491   23.0051     1.944     -3.92                                 KURHFS 
  4039.494   23.0051     1.944     -3.92                                 KURHFS 
  4039.494   23.0051     1.944     -4.09                                 KURHFS 
  4039.499   23.0051     1.944     -3.75                                 KURHFS 
  4039.499   23.0051     1.944     -4.22                                 KURHFS 
  4039.499   23.0051     1.944     -4.34                                 KURHFS 
  4039.506   23.0051     1.944     -3.75                                 KURHFS 
  4039.506   23.0051     1.944     -3.78                                 KURHFS 
  4039.506   23.0051     1.944     -4.77                                 KURHFS 
  4039.514   23.0051     1.944     -3.50                                 KURHFS 
  4039.514   23.0051     1.944     -3.91                                 KURHFS 
  4039.524   23.0051     1.944     -3.28                                 KURHFS 
  4039.524      41.0     1.612     -0.05                                        
  4039.537      25.0     4.604     -2.78                                        
  4039.550      60.1     0.559     -1.17                                 LAWLER 
  4039.558      24.0     3.695     -1.52                                        
  4039.571      23.1     1.816     -2.11                                        
  4039.597      22.0     2.115     -2.42                                        
  4039.639      26.1     4.734     -4.67                                        
  4039.643      68.0     1.533      0.36                                        
  4039.653      26.1     4.612     -6.85                                        
  4039.664      64.1     1.496     -0.18                                        
  4039.667      26.0     2.996     -8.62                                        
  4039.681      25.1     5.394     -3.36                                        
  4039.744      92.0     0.947     -0.24                                        
  4039.798      22.0     0.835     -3.08                                        
  4039.808      24.0     2.985     -4.67                                        
  4039.822      39.0     0.000     -0.78                                        
  4039.857      74.0     2.351     -0.21                                        
  4039.865      90.0     1.760      0.37                                        
  4039.867      26.0     3.299     -4.00                                        
  4039.874      58.1     1.089     -0.52                                        
  4039.938      26.0     2.725     -3.16                                        
  4040.028      27.1     3.405     -2.58                                        
  4040.032      24.0     4.444     -0.70                                        
  4040.052       6.0     7.940     -3.78                                        
  4040.072      77.0     0.717     -2.31                                        
  4040.236      40.1     0.931     -1.53                                        
  4040.269   23.0051     2.121     -3.31                                 KURHFS 
  4040.271   23.0051     2.121     -3.04                                 KURHFS 
  4040.271   23.0051     2.121     -3.24                                 KURHFS 
  4040.274   23.0051     2.121     -2.84                                 KURHFS 
  4040.274   23.0051     2.121     -3.04                                 KURHFS 
  4040.274   23.0051     2.121     -3.94                                 KURHFS 
  4040.278   23.0051     2.121     -2.67                                 KURHFS 
  4040.278   23.0051     2.121     -2.94                                 KURHFS 
  4040.278   23.0051     2.121     -3.78                                 KURHFS 
  4040.284   23.0051     2.121     -2.52                                 KURHFS 
  4040.284   23.0051     2.121     -2.89                                 KURHFS 
  4040.284   23.0051     2.121     -3.78                                 KURHFS 
  4040.292   23.0051     2.121     -2.40                                 KURHFS 
  4040.292   23.0051     2.121     -2.90                                 KURHFS 
  4040.292   23.0051     2.121     -3.88                                 KURHFS 
  4040.301   23.0051     2.121     -2.28                                 KURHFS 
  4040.301   23.0051     2.121     -2.97                                 KURHFS 
  4040.301   23.0051     2.121     -4.08                                 KURHFS 
  4040.311   23.0051     2.121     -2.17                                 KURHFS 
  4040.311   23.0051     2.121     -3.18                                 KURHFS 
  4040.311   23.0051     2.121     -4.48                                 KURHFS 
  4040.316      22.0     2.115     -0.55                                        
  4040.385   23.0051     1.929     -7.05                                 KURHFS 
  4040.385   23.0051     1.929     -7.30                                 KURHFS 
  4040.385   23.0051     1.929     -7.33                                 KURHFS 
  4040.392   23.0051     1.929     -6.86                                 KURHFS 
  4040.392   23.0051     1.929     -6.92                                 KURHFS 
  4040.392   23.0051     1.929     -7.30                                 KURHFS 
  4040.404   23.0051     1.929     -6.66                                 KURHFS 
  4040.404   23.0051     1.929     -6.77                                 KURHFS 
  4040.404   23.0051     1.929     -7.36                                 KURHFS 
  4040.415      25.0     4.341     -1.67                                        
  4040.418   23.0051     1.929     -6.46                                 KURHFS 
  4040.418   23.0051     1.929     -6.75                                 KURHFS 
  4040.418   23.0051     1.929     -7.48                                 KURHFS 
  4040.437   23.0051     1.929     -6.30                                 KURHFS 
  4040.437   23.0051     1.929     -6.80                                 KURHFS 
  4040.437   23.0051     1.929     -7.70                                 KURHFS 
  4040.442      24.0     4.613     -1.61                                        
  4040.459   23.0051     1.929     -6.16                                 KURHFS 
  4040.459   23.0051     1.929     -7.00                                 KURHFS 
  4040.459   23.0051     1.929     -8.11                                 KURHFS 
  4040.464      44.0     2.790     -0.33                                        
  4040.471      28.1     9.465     -2.71                                        
  4040.476      41.0     0.267     -1.78                                        
  4040.587      27.0     3.684     -0.84                               KURNOHFS 
  4040.588      74.0     2.434     -0.61                                        
  4040.608      22.1     5.419     -3.60                                        
  4040.626      42.0     3.075     -1.50                                        
  4040.638      26.0     3.298     -1.12                                        
  4040.659      24.0     4.446     -3.41                                        
  4040.664      21.0     2.336     -2.28                               KURNOHFS 
  4040.669      27.0     2.628     -6.21                               KURNOHFS 
  4040.753      58.1     0.445      0.21                                 LAWLER 
  4040.756      24.0     3.009     -2.98                                        
  4040.764      28.0     3.594     -5.22                                        
  4040.773   27.0059     2.278     -3.13                                 KURHFS 
  4040.780   27.0059     2.278     -2.65                                 KURHFS 
  4040.782   27.0059     2.278     -2.68                                 KURHFS 
  4040.787   27.0059     2.278     -2.65                                 KURHFS 
  4040.790   27.0059     2.278     -2.33                                 KURHFS 
  4040.790      60.1     0.182      0.12                                 LAWLER 
  4040.794   27.0059     2.278     -2.80                                 KURHFS 
  4040.811      67.0     0.000      0.11                                        
  4040.828      26.0     3.639     -5.32                                        
  4040.855      20.0     5.963     -2.12                                        
  4040.866      73.0     0.696     -1.54                                        
  4040.930      79.0     2.656     -1.21                                        
  4041.034      24.0     3.077     -3.39                                        
  4041.054      73.0     0.000     -2.23                                        
  4041.060      60.1     0.471     -0.53                                 LAWLER 
  4041.113      42.0     3.435     -0.92                                        
  4041.204      90.1     1.345     -0.57                                        
  4041.228      24.0     2.542     -3.23                                        
  4041.269      58.1     0.739     -0.78                                 LAWLER 
  4041.271      26.0     3.299     -1.99                                        
  4041.279      26.0     3.298     -3.65                                        
  4041.323   25.0055     2.113     -1.53                                 KURHFS 
  4041.325   25.0055     2.113     -0.88                                 KURHFS 
  4041.329   25.0055     2.113     -1.33                                 KURHFS 
  4041.331   25.0055     2.113     -0.83                                 KURHFS 
  4041.332      25.0     5.083     -0.03                                        
  4041.333   25.0055     2.113     -1.53                                 KURHFS 
  4041.337   25.0055     2.113     -1.27                                 KURHFS 
  4041.340   25.0055     2.113     -0.72                                 KURHFS 
  4041.342   25.0055     2.113     -1.33                                 KURHFS 
  4041.347   25.0055     2.113     -1.31                                 KURHFS 
  4041.350   25.0055     2.113     -0.60                                 KURHFS 
  4041.353   25.0055     2.113     -1.27                                 KURHFS 
  4041.360   25.0055     2.113     -1.50                                 KURHFS 
  4041.364   25.0055     2.113     -0.47                                 KURHFS 
  4041.367   25.0055     2.113     -1.31                                 KURHFS 
  4041.380   25.0055     2.113     -0.35                                 KURHFS 
  4041.384   25.0055     2.113     -1.50                                 KURHFS 
  4041.469      23.0     2.614     -3.69                               KURNOHFS 
  4041.478   23.0051     2.129     -2.59                                 KURHFS 
  4041.482      22.0     1.738     -3.18                                        
  4041.482   23.0051     2.129     -2.47                                 KURHFS 
  4041.482   23.0051     2.129     -3.04                                 KURHFS 
  4041.489   23.0051     2.129     -2.35                                 KURHFS 
  4041.489   23.0051     2.129     -2.83                                 KURHFS 
  4041.489   23.0051     2.129     -4.04                                 KURHFS 
  4041.497   23.0051     2.129     -2.24                                 KURHFS 
  4041.497   23.0051     2.129     -2.73                                 KURHFS 
  4041.497   23.0051     2.129     -3.83                                 KURHFS 
  4041.508   23.0051     2.129     -2.13                                 KURHFS 
  4041.508   23.0051     2.129     -2.70                                 KURHFS 
  4041.508   23.0051     2.129     -3.80                                 KURHFS 
  4041.521   23.0051     2.129     -2.04                                 KURHFS 
  4041.521   23.0051     2.129     -2.71                                 KURHFS 
  4041.521   23.0051     2.129     -3.88                                 KURHFS 
  4041.536   23.0051     2.129     -1.95                                 KURHFS 
  4041.536   23.0051     2.129     -2.79                                 KURHFS 
  4041.536   23.0051     2.129     -4.08                                 KURHFS 
  4041.554   23.0051     2.129     -1.86                                 KURHFS 
  4041.554   23.0051     2.129     -3.01                                 KURHFS 
  4041.554   23.0051     2.129     -4.46                                 KURHFS 
  4041.596      23.1     3.793     -3.02                                        
  4041.600      25.0     4.191     -1.80                                        
  4041.606   27.0059     2.135     -7.09                                 KURHFS 
  4041.610   27.0059     2.135     -6.81                                 KURHFS 
  4041.610   27.0059     2.135     -7.06                                 KURHFS 
  4041.620   27.0059     2.135     -6.62                                 KURHFS 
  4041.620   27.0059     2.135     -7.06                                 KURHFS 
  4041.620   27.0059     2.135     -7.12                                 KURHFS 
  4041.633   27.0059     2.135     -6.53                                 KURHFS 
  4041.633   27.0059     2.135     -6.68                                 KURHFS 
  4041.633   27.0059     2.135     -7.24                                 KURHFS 
  4041.640      40.0     1.883      0.01                                        
  4041.641      26.1     5.565     -3.13                                        
  4041.649      26.0     4.206     -0.51                                        
  4041.652   27.0059     2.135     -6.42                                 KURHFS 
  4041.652   27.0059     2.135     -6.51                                 KURHFS 
  4041.652   27.0059     2.135     -7.46                                 KURHFS 
  4041.670      62.1     0.188     -0.99                                 LAWLER 
  4041.675   27.0059     2.135     -6.22                                 KURHFS 
  4041.675   27.0059     2.135     -6.56                                 KURHFS 
  4041.675   27.0059     2.135     -7.87                                 KURHFS 
  4041.702   27.0059     2.135     -6.06                                 KURHFS 
  4041.702   27.0059     2.135     -6.76                                 KURHFS 
  4041.713      22.0     2.776     -2.48                                        
  4041.734   27.0059     2.135     -5.92                                 KURHFS 
  4041.797      24.0     2.542     -2.10                                        
  4041.847      26.1     2.340     -7.73                                        
  4041.850      23.0     1.798     -3.30                               KURNOHFS 
  4041.912      26.0     3.299     -3.05                                        
  4041.961      76.0     2.405     -0.25                                        
  4041.980      66.1     0.930     -0.90                                 LAWLER 
  4042.018      25.0     3.380     -3.71                               KURNOHFS 
  4042.043      26.0     2.422     -4.22                                        
  4042.075      22.1     5.028     -2.37                                        
  4042.128      58.1     1.106     -0.69                                        
  4042.165      24.0     4.614     -0.91                                        
  4042.230      40.0     1.395     -0.09                                        
  4042.242      24.0     2.543     -1.82                                        
  4042.262   25.0055     3.132     -9.14                                 KURHFS 
  4042.266   25.0055     3.132     -8.88                                 KURHFS 
  4042.266   25.0055     3.132     -9.14                                 KURHFS 
  4042.266   25.0055     3.132     -9.91                                 KURHFS 
  4042.272   25.0055     3.132     -8.78                                 KURHFS 
  4042.272   25.0055     3.132     -8.88                                 KURHFS 
  4042.272   25.0055     3.132     -9.21                                 KURHFS 
  4042.275      27.1     8.627     -3.35                                        
  4042.282   25.0055     3.132     -8.76                                 KURHFS 
  4042.282   25.0055     3.132     -8.78                                 KURHFS 
  4042.282   25.0055     3.132     -8.79                                 KURHFS 
  4042.295   25.0055     3.132     -8.43                                 KURHFS 
  4042.295   25.0055     3.132     -8.79                                 KURHFS 
  4042.295   25.0055     3.132     -8.95                                 KURHFS 
  4042.311   25.0055     3.132     -8.17                                 KURHFS 
  4042.311   25.0055     3.132     -8.95                                 KURHFS 
  4042.356      25.0     4.723     -4.07                                        
  4042.360      28.0     3.895     -1.48                                        
  4042.381      25.0     4.270     -2.08                                        
  4042.382      23.1     1.564     -3.95                                        
  4042.440      60.1     0.204     -1.33                                 LAWLER 
  4042.473      24.0     2.980     -5.29                                        
  4042.519      20.0     4.677     -5.02                                        
  4042.536      23.1     6.019     -2.59                                        
  4042.572      41.0     1.504     -0.62                                        
  4042.581      58.1     0.495      0.00                                 LAWLER 
  4042.603   23.0051     1.892     -2.08                                 KURHFS 
  4042.603   23.0051     1.892     -2.08                                 KURHFS 
  4042.603   23.0051     1.892     -2.38                                 KURHFS 
  4042.605      22.0     2.173     -2.33                                        
  4042.616   23.0051     1.892     -1.92                                 KURHFS 
  4042.616   23.0051     1.892     -1.94                                 KURHFS 
  4042.616   23.0051     1.892     -2.26                                 KURHFS 
  4042.634   23.0051     1.892     -1.66                                 KURHFS 
  4042.634   23.0051     1.892     -1.91                                 KURHFS 
  4042.634   23.0051     1.892     -2.51                                 KURHFS 
  4042.656   23.0051     1.892     -1.44                                 KURHFS 
  4042.656   23.0051     1.892     -2.07                                 KURHFS 
  4042.656   23.0051     1.892     -2.94                                 KURHFS 
  4042.662      21.1     7.566     -2.04                                        
  4042.710      62.1     0.040     -0.99                                 LAWLER 
  4042.750      92.0     0.077      0.05                                        
  4042.752      64.1     1.446     -0.65                                        
  4042.756      26.0     3.281     -3.27                                        
  4042.859   23.0051     0.000     -7.21                                 KURHFS 
  4042.859   23.0051     0.000     -7.21                                 KURHFS 
  4042.859   23.0051     0.000     -7.51                                 KURHFS 
  4042.867      42.0     3.165     -0.48                                        
  4042.868   23.0051     0.000     -7.04                                 KURHFS 
  4042.868   23.0051     0.000     -7.07                                 KURHFS 
  4042.868   23.0051     0.000     -7.38                                 KURHFS 
  4042.880   23.0051     0.000     -6.79                                 KURHFS 
  4042.880   23.0051     0.000     -7.03                                 KURHFS 
  4042.880   23.0051     0.000     -7.63                                 KURHFS 
  4042.895   23.0051     0.000     -6.57                                 KURHFS 
  4042.895   23.0051     0.000     -7.20                                 KURHFS 
  4042.895   23.0051     0.000     -8.06                                 KURHFS 
  4042.900      62.1     0.104     -0.72                                 LAWLER 
  4042.901      57.1     0.926      0.27                                        
  4042.929      24.0     3.011     -3.96                                        
  4043.008      68.1     0.669     -0.87                                        
  4043.036      58.1     0.736     -0.34                                BIEMONT 
  4043.072      60.1     1.293     -0.28                                        
  4043.119      20.0     4.677     -4.09                                        
  4043.130      90.1     0.230     -2.21                                        
  4043.156      41.0     1.893     -0.24                                        
  4043.162      68.1     0.636     -2.83                                 LAWLER 
  4043.208      25.0     4.791     -2.97                                        
  4043.251      26.0     3.265     -4.47                                        
  4043.258      42.0     3.390     -1.49                                        
  4043.267      22.1     5.212     -4.80                                        
  4043.270      27.0     3.527     -2.17                               KURNOHFS 
  4043.303      24.1     7.985     -4.60                                        
  4043.322      20.0     5.045     -1.02                                        
  4043.360   25.0055     3.133     -8.31                                 KURHFS 
  4043.360   25.0055     3.133     -8.34                                 KURHFS 
  4043.360   25.0055     3.133     -9.09                                 KURHFS 
  4043.364   25.0055     3.133     -8.06                                 KURHFS 
  4043.364   25.0055     3.133     -8.14                                 KURHFS 
  4043.364   25.0055     3.133     -9.01                                 KURHFS 
  4043.371   25.0055     3.133     -7.83                                 KURHFS 
  4043.371   25.0055     3.133     -8.07                                 KURHFS 
  4043.371   25.0055     3.133     -9.14                                 KURHFS 
  4043.381   25.0055     3.133     -7.65                                 KURHFS 
  4043.381   25.0055     3.133     -8.10                                 KURHFS 
  4043.381   25.0055     3.133     -9.49                                 KURHFS 
  4043.393   25.0055     3.133     -7.49                                 KURHFS 
  4043.393   25.0055     3.133     -8.27                                 KURHFS 
  4043.395      90.0     0.615     -0.77                                        
  4043.407   25.0055     3.133     -7.35                                 KURHFS 
  4043.448      21.0     2.318     -1.77                               KURNOHFS 
  4043.482      24.0     4.609     -4.39                                        
  4043.524      26.1     7.863     -3.13                                        
  4043.590      60.1     0.320     -0.71                                 LAWLER 
  4043.593      24.0     3.011     -3.41                                        
  4043.599      40.0     0.519     -0.37                                        
  4043.608      26.0     4.291     -3.96                                        
  4043.657      24.0     3.085     -1.52                                        
  4043.669      25.0     4.317     -2.14                                        
  4043.684      24.0     4.452     -2.86                                        
  4043.686      26.0     2.482     -3.83                                        
  4043.688      26.1     7.552     -3.72                                        
  4043.706      64.0     0.920      0.43                                        
  4043.756      26.0     3.632     -2.26                                        
  4043.757      22.0     2.159     -1.69                                        
  4043.766      23.0     1.798     -4.01                               KURNOHFS 
  4043.805      21.0     1.968     -0.34                               KURNOHFS 
  4043.812   27.0059     3.772     -2.85                                 KURHFS 
  4043.812   27.0059     3.772     -2.85                                 KURHFS 
  4043.812   27.0059     3.772     -3.15                                 KURHFS 
  4043.823   27.0059     3.772     -2.69                                 KURHFS 
  4043.823   27.0059     3.772     -2.71                                 KURHFS 
  4043.823   27.0059     3.772     -3.03                                 KURHFS 
  4043.839   27.0059     3.772     -2.43                                 KURHFS 
  4043.839   27.0059     3.772     -2.68                                 KURHFS 
  4043.839   27.0059     3.772     -3.28                                 KURHFS 
  4043.858   27.0059     3.772     -2.21                                 KURHFS 
  4043.858   27.0059     3.772     -2.84                                 KURHFS 
  4043.858   27.0059     3.772     -3.71                                 KURHFS 
  4043.882   25.0055     2.918     -8.04                                 KURHFS 
  4043.882   25.0055     2.918     -8.82                                 KURHFS 
  4043.885   25.0055     2.918     -8.31                                 KURHFS 
  4043.885   25.0055     2.918     -8.66                                 KURHFS 
  4043.885   25.0055     2.918     -8.82                                 KURHFS 
  4043.885      26.0     2.725     -6.93                                        
  4043.887   25.0055     2.918     -8.64                                 KURHFS 
  4043.887   25.0055     2.918     -8.65                                 KURHFS 
  4043.887   25.0055     2.918     -8.66                                 KURHFS 
  4043.888   25.0055     2.918     -8.65                                 KURHFS 
  4043.888   25.0055     2.918     -8.76                                 KURHFS 
  4043.888   25.0055     2.918     -9.09                                 KURHFS 
  4043.889   25.0055     2.918     -8.76                                 KURHFS 
  4043.889   25.0055     2.918     -9.02                                 KURHFS 
  4043.889   25.0055     2.918     -9.02                                 KURHFS 
  4043.889   25.0055     2.918     -9.79                                 KURHFS 
  4043.893      74.0     2.385     -0.66                                        
  4043.897      26.0     3.239     -0.83                                        
  4043.933      25.1     5.414     -3.94                                        
  4043.977      26.0     3.239     -1.12                                        
  4044.012      26.1     5.566     -2.41                                        
  4044.024      64.0     0.066     -1.67                                        
  4044.037   27.0059     3.620     -4.62                                 KURHFS 
  4044.037   27.0059     3.620     -5.32                                 KURHFS 
  4044.060      62.1     0.248     -1.49                                 LAWLER 
  4044.090   27.0059     3.620     -4.92                                 KURHFS 
  4044.090   27.0059     3.620     -5.14                                 KURHFS 
  4044.090   27.0059     3.620     -5.32                                 KURHFS 
  4044.108      41.0     1.629     -0.22                                        
  4044.134   27.0059     3.620     -5.11                                 KURHFS 
  4044.134   27.0059     3.620     -5.14                                 KURHFS 
  4044.134   27.0059     3.620     -5.32                                 KURHFS 
  4044.142      19.0     0.000     -1.92                                        
  4044.146   23.0051     2.357     -4.93                                 KURHFS 
  4044.146   23.0051     2.357     -5.18                                 KURHFS 
  4044.151   23.0051     2.357     -4.73                                 KURHFS 
  4044.151   23.0051     2.357     -4.93                                 KURHFS 
  4044.151   23.0051     2.357     -6.84                                 KURHFS 
  4044.151      24.0     3.085     -3.67                                        
  4044.159   23.0051     2.357     -4.67                                 KURHFS 
  4044.159   23.0051     2.357     -4.73                                 KURHFS 
  4044.159   23.0051     2.357     -5.59                                 KURHFS 
  4044.169   23.0051     2.357     -4.67                                 KURHFS 
  4044.169   23.0051     2.357     -4.70                                 KURHFS 
  4044.169   23.0051     2.357     -4.88                                 KURHFS 
  4044.169   27.0059     3.620     -5.11                                 KURHFS 
  4044.169   27.0059     3.620     -5.17                                 KURHFS 
  4044.169   27.0059     3.620     -6.04                                 KURHFS 
  4044.182   23.0051     2.357     -4.47                                 KURHFS 
  4044.182   23.0051     2.357     -4.70                                 KURHFS 
  4044.182   23.0051     2.357     -4.88                                 KURHFS 
  4044.195   27.0059     3.620     -5.17                                 KURHFS 
  4044.195   27.0059     3.620     -5.37                                 KURHFS 
  4044.195   27.0059     3.620     -7.28                                 KURHFS 
  4044.197   23.0051     2.357     -4.18                                 KURHFS 
  4044.197   23.0051     2.357     -4.88                                 KURHFS 
  4044.199      27.1     8.327     -3.96                                        
  4044.213   27.0059     3.620     -5.37                                 KURHFS 
  4044.213   27.0059     3.620     -5.63                                 KURHFS 
  4044.237      27.0     3.663     -5.54                               KURNOHFS 
  4044.242      21.0     2.606     -2.72                               KURNOHFS 
  4044.242      26.0     4.140     -3.43                                        
  4044.279      74.0     3.250      0.54                                        
  4044.354      60.1     0.204     -1.36                                        
  4044.373      72.0     2.002     -0.44                                        
  4044.384      21.0     2.318     -1.41                               KURNOHFS 
  4044.412      92.1     0.652     -0.55                                        
  4044.451      21.0     2.612     -2.69                               KURNOHFS 
  4044.473      69.0     1.087     -0.08                                        
  4044.487      22.0     1.732     -3.63                                        
  4044.492      26.0     4.100     -1.22                                        
  4044.513      23.0     1.802     -3.69                               KURNOHFS 
  4044.545      26.0     3.265     -1.89                                        
  4044.567      40.0     0.603     -0.57                                        
  4044.603      26.1     9.123     -4.07                                        
  4044.609      26.0     2.829     -1.08                                        
  4044.713      41.0     1.674     -0.30                                        
  4044.720      26.0     3.684     -3.08                                        
  4044.729      24.2     8.630     -6.63                                        
  4044.742   59.1141     0.000     -0.91                                 LI/LAW 
  4044.772      25.0     5.108     -2.10                                        
  4044.772   59.1141     0.000     -2.08                                 LI/LAW 
  4044.779      24.0     3.110     -4.07                                        
  4044.781   59.1141     0.000     -1.00                                 LI/LAW 
  4044.798   59.1141     0.000     -3.58                                 LI/LAW 
  4044.807   59.1141     0.000     -1.89                                 LI/LAW 
  4044.814   59.1141     0.000     -1.10                                 LI/LAW 
  4044.829   59.1141     0.000     -3.25                                 LI/LAW 
  4044.832      22.0     2.316     -3.40                                        
  4044.836   59.1141     0.000     -1.85                                 LI/LAW 
  4044.842   59.1141     0.000     -1.21                                 LI/LAW 
  4044.854   59.1141     0.000     -3.16                                 LI/LAW 
  4044.860   59.1141     0.000     -1.90                                 LI/LAW 
  4044.864   59.1141     0.000     -1.31                                 LI/LAW 
  4044.869      26.1     9.823     -2.27                                        
  4044.874   59.1141     0.000     -3.31                                 LI/LAW 
  4044.878   59.1141     0.000     -2.09                                 LI/LAW 
  4044.881   59.1141     0.000     -1.42                                 LI/LAW 
  4044.949      25.0     4.682     -3.08                                        
  4044.976      26.0     4.206     -2.58                                        
