Pr II    4118.5      line list
  4115.034      25.0     4.636     -1.84                                        
  4115.058      23.0     2.579     -0.84                               KURNOHFS 
  4115.126      22.0     2.115     -5.80                                        
  4115.133      26.0     3.366     -2.58                                        
  4115.142   23.0051     0.286     -1.74                                 KURHFS 
  4115.145   23.0051     0.286     -1.46                                 KURHFS 
  4115.145   23.0051     0.286     -1.74                                 KURHFS 
  4115.145   23.0051     0.286     -2.76                                 KURHFS 
  4115.149   23.0051     0.286     -1.32                                 KURHFS 
  4115.149   23.0051     0.286     -1.46                                 KURHFS 
  4115.149   23.0051     0.286     -2.06                                 KURHFS 
  4115.155   23.0051     0.286     -1.25                                 KURHFS 
  4115.155   23.0051     0.286     -1.32                                 KURHFS 
  4115.155   23.0051     0.286     -1.61                                 KURHFS 
  4115.164   23.0051     0.286     -1.24                                 KURHFS 
  4115.164   23.0051     0.286     -1.25                                 KURHFS 
  4115.164   23.0051     0.286     -1.28                                 KURHFS 
  4115.175   23.0051     0.286     -1.02                                 KURHFS 
  4115.175   23.0051     0.286     -1.24                                 KURHFS 
  4115.175   23.0051     0.286     -1.31                                 KURHFS 
  4115.177   23.0051     1.954     -2.02                                 KURHFS 
  4115.183   23.0051     1.954     -1.90                                 KURHFS 
  4115.183   23.0051     1.954     -2.47                                 KURHFS 
  4115.188   23.0051     0.286     -0.80                                 KURHFS 
  4115.188   23.0051     0.286     -1.31                                 KURHFS 
  4115.188   23.0051     0.286     -1.51                                 KURHFS 
  4115.191   23.0051     1.954     -1.78                                 KURHFS 
  4115.191   23.0051     1.954     -2.26                                 KURHFS 
  4115.191   23.0051     1.954     -3.47                                 KURHFS 
  4115.203   23.0051     0.286     -0.61                                 KURHFS 
  4115.203   23.0051     0.286     -1.51                                 KURHFS 
  4115.203   23.0051     1.954     -1.67                                 KURHFS 
  4115.203   23.0051     1.954     -2.16                                 KURHFS 
  4115.203   23.0051     1.954     -3.26                                 KURHFS 
  4115.217   23.0051     1.954     -1.56                                 KURHFS 
  4115.217   23.0051     1.954     -2.12                                 KURHFS 
  4115.217   23.0051     1.954     -3.23                                 KURHFS 
  4115.235   23.0051     1.954     -1.47                                 KURHFS 
  4115.235   23.0051     1.954     -2.14                                 KURHFS 
  4115.235   23.0051     1.954     -3.31                                 KURHFS 
  4115.246      23.0     2.503     -8.50                               KURNOHFS 
  4115.255   23.0051     1.954     -1.38                                 KURHFS 
  4115.255   23.0051     1.954     -2.22                                 KURHFS 
  4115.255   23.0051     1.954     -3.50                                 KURHFS 
  4115.278   23.0051     1.954     -1.29                                 KURHFS 
  4115.278   23.0051     1.954     -2.44                                 KURHFS 
  4115.278   23.0051     1.954     -3.89                                 KURHFS 
  4115.293      24.0     4.774     -0.75                                        
  4115.330      24.0     3.963     -3.99                                        
  4115.365      64.1     1.574     -0.49                                        
  4115.371      58.1     0.924      0.10                                BIEMONT 
  4115.468   23.0051     1.050     -5.01                                 KURHFS 
  4115.468   23.0051     1.050     -5.31                                 KURHFS 
  4115.468   23.0051     1.050     -5.31                                 KURHFS 
  4115.468   23.0051     1.050     -5.42                                 KURHFS 
  4115.468   23.0051     1.050     -5.42                                 KURHFS 
  4115.468   23.0051     1.050     -5.43                                 KURHFS 
  4115.468   23.0051     1.050     -5.43                                 KURHFS 
  4115.468   23.0051     1.050     -5.61                                 KURHFS 
  4115.468   23.0051     1.050     -5.63                                 KURHFS 
  4115.576      74.0     1.867     -1.12                                        
  4115.603      23.0     2.573     -3.00                               KURNOHFS 
  4115.651      23.0     2.682     -5.96                               KURNOHFS 
  4115.759      90.0     0.689     -0.32                                        
  4115.761      26.1     5.906     -4.70                                        
  4115.773      77.0     1.727     -1.16                                        
  4115.875      72.0     2.277     -0.63                                        
  4115.884      26.0     3.639     -2.79                                        
  4115.970      28.0     4.150     -0.62                                        
  4116.010      23.0     2.676     -1.92                               KURNOHFS 
  4116.027      25.0     4.229     -2.50                                        
  4116.095      20.0     5.817     -4.70                                        
  4116.097      92.1     0.000     -1.04                                        
  4116.113      23.0     3.313     -3.08                               KURNOHFS 
  4116.154      26.0     4.298     -3.31                                        
  4116.180      60.1     0.471     -1.85                                 LAWLER 
  4116.200      22.0     2.290     -3.62                                        
  4116.217      23.0     1.871     -4.94                               KURNOHFS 
  4116.274      23.1     5.533     -2.85                                        
  4116.319      60.1     1.528     -0.16                                        
  4116.329      45.0     1.782     -0.80                                        
  4116.341      20.0     5.041     -2.15                                        
  4116.362      68.0     1.196      0.62                                        
  4116.440      62.1     0.333     -1.28                                 LAWLER 
  4116.444   23.0051     0.275     -1.71                                 KURHFS 
  4116.444   23.0051     0.275     -1.96                                 KURHFS 
  4116.448   23.0051     0.275     -1.51                                 KURHFS 
  4116.448   23.0051     0.275     -1.71                                 KURHFS 
  4116.448   23.0051     0.275     -3.61                                 KURHFS 
  4116.454   23.0051     0.275     -1.44                                 KURHFS 
  4116.454   23.0051     0.275     -1.51                                 KURHFS 
  4116.454   23.0051     0.275     -2.37                                 KURHFS 
  4116.463   23.0051     0.275     -1.44                                 KURHFS 
  4116.463   23.0051     0.275     -1.47                                 KURHFS 
  4116.463   23.0051     0.275     -1.65                                 KURHFS 
  4116.474   23.0051     0.275     -1.25                                 KURHFS 
  4116.474   23.0051     0.275     -1.47                                 KURHFS 
  4116.474   23.0051     0.275     -1.66                                 KURHFS 
  4116.482   23.0051     0.069     -5.21                                 KURHFS 
  4116.482   23.0051     0.069     -5.27                                 KURHFS 
  4116.482   23.0051     0.069     -5.91                                 KURHFS 
  4116.485   23.0051     0.069     -5.01                                 KURHFS 
  4116.485   23.0051     0.069     -5.01                                 KURHFS 
  4116.485   23.0051     0.069     -5.75                                 KURHFS 
  4116.486   23.0051     0.275     -0.96                                 KURHFS 
  4116.486   23.0051     0.275     -1.66                                 KURHFS 
  4116.488   23.0051     0.069     -4.81                                 KURHFS 
  4116.488   23.0051     0.069     -4.91                                 KURHFS 
  4116.488   23.0051     0.069     -5.75                                 KURHFS 
  4116.494   23.0051     0.069     -4.64                                 KURHFS 
  4116.494   23.0051     0.069     -4.86                                 KURHFS 
  4116.494   23.0051     0.069     -5.85                                 KURHFS 
  4116.500   23.0051     0.069     -4.49                                 KURHFS 
  4116.500   23.0051     0.069     -4.86                                 KURHFS 
  4116.500   23.0051     0.069     -6.05                                 KURHFS 
  4116.502      25.0     4.682     -0.75                                        
  4116.508   23.0051     0.069     -4.36                                 KURHFS 
  4116.508   23.0051     0.069     -4.94                                 KURHFS 
  4116.508   23.0051     0.069     -6.45                                 KURHFS 
  4116.517   23.0051     0.069     -4.25                                 KURHFS 
  4116.517   23.0051     0.069     -5.15                                 KURHFS 
  4116.523      26.0     4.383     -4.00                                        
  4116.527   23.0051     0.069     -4.14                                 KURHFS 
  4116.553   23.0051     0.262     -1.32                                 KURHFS 
  4116.553   23.0051     0.262     -1.79                                 KURHFS 
  4116.570   23.0051     0.262     -1.32                                 KURHFS 
  4116.570   23.0051     0.262     -1.46                                 KURHFS 
  4116.632      26.0     3.412     -5.09                                        
  4116.654      24.1     5.658     -2.59                                        
  4116.688   23.0051     0.267     -2.88                                 KURHFS 
  4116.688   23.0051     0.267     -3.05                                 KURHFS 
  4116.695   23.0051     0.267     -2.75                                 KURHFS 
  4116.695   23.0051     0.267     -2.88                                 KURHFS 
  4116.704   23.0051     0.267     -2.75                                 KURHFS 
  4116.704   23.0051     0.267     -2.87                                 KURHFS 
  4116.704   23.0051     0.267     -3.07                                 KURHFS 
  4116.707      26.0     3.412     -4.05                                        
  4116.714      90.1     0.764     -0.52                                        
  4116.715   23.0051     0.267     -2.46                                 KURHFS 
  4116.715   23.0051     0.267     -2.87                                 KURHFS 
  4116.768      60.1     0.064     -1.91                                        
  4116.773      26.0     4.280     -4.25                                        
  4116.813      26.0     4.151     -3.47                                        
  4116.871      23.1     3.325     -5.45                                        
  4116.878      92.0     0.479     -0.84                                        
  4116.888      41.0     0.000     -1.18                                        
  4116.953      26.0     3.239     -2.61                                        
  4116.960   23.0051     2.357     -5.78                                 KURHFS 
  4116.965   23.0051     2.357     -5.78                                 KURHFS 
  4116.965   23.0051     2.357     -5.95                                 KURHFS 
  4116.973   23.0051     2.357     -5.61                                 KURHFS 
  4116.973   23.0051     2.357     -6.08                                 KURHFS 
  4116.973   23.0051     2.357     -6.20                                 KURHFS 
  4116.984   23.0051     2.357     -5.61                                 KURHFS 
  4116.984   23.0051     2.357     -5.64                                 KURHFS 
  4116.984   23.0051     2.357     -6.63                                 KURHFS 
  4116.997   23.0051     2.357     -5.36                                 KURHFS 
  4116.997   23.0051     2.357     -5.77                                 KURHFS 
  4117.012      58.1     1.365      0.19                                        
  4117.013   23.0051     2.357     -5.14                                 KURHFS 
  4117.138      26.0     4.217     -4.12                                        
  4117.192      23.0     2.573     -4.61                               KURNOHFS 
  4117.239      26.0     4.368     -4.11                                        
  4117.288      58.1     0.739     -0.45                                 LAWLER 
  4117.435      26.0     4.317     -3.43                                        
  4117.487      24.0     3.008     -3.48                                        
  4117.541      27.1     5.171     -7.45                                        
  4117.587      58.1     0.811     -0.60                                BIEMONT 
  4117.673      23.0     1.375     -5.24                               KURNOHFS 
  4117.683      25.1     5.468     -4.86                                        
  4117.713      26.0     3.651     -3.61                                        
  4117.768      58.1     0.318     -2.23                                 LAWLER 
  4117.823      58.1     0.708     -1.28                                 LAWLER 
  4117.852      26.0     3.414     -2.26                                        
  4117.856      26.0     4.280     -1.71                                        
  4117.889      22.0     2.406     -5.75                                        
  4117.889      26.0     3.298     -6.59                                        
  4117.897      23.0     2.576     -2.24                               KURNOHFS 
  4117.927   23.0051     1.948     -3.01                                 KURHFS 
  4117.929   23.0051     1.948     -2.73                                 KURHFS 
  4117.929   23.0051     1.948     -3.01                                 KURHFS 
  4117.929   23.0051     1.948     -4.03                                 KURHFS 
  4117.934   23.0051     1.948     -2.59                                 KURHFS 
  4117.934   23.0051     1.948     -2.73                                 KURHFS 
  4117.934   23.0051     1.948     -3.33                                 KURHFS 
  4117.942   23.0051     1.948     -2.53                                 KURHFS 
  4117.942   23.0051     1.948     -2.59                                 KURHFS 
  4117.942   23.0051     1.948     -2.88                                 KURHFS 
  4117.952   23.0051     1.948     -2.52                                 KURHFS 
  4117.952   23.0051     1.948     -2.53                                 KURHFS 
  4117.952   23.0051     1.948     -2.55                                 KURHFS 
  4117.965   23.0051     1.948     -2.29                                 KURHFS 
  4117.965   23.0051     1.948     -2.52                                 KURHFS 
  4117.965   23.0051     1.948     -2.58                                 KURHFS 
  4117.980   23.0051     1.948     -2.07                                 KURHFS 
  4117.980   23.0051     1.948     -2.58                                 KURHFS 
  4117.980   23.0051     1.948     -2.79                                 KURHFS 
  4117.980      60.1     0.630     -2.06                                 LAWLER 
  4117.985      58.1     0.740     -0.96                                 LAWLER 
  4117.998   23.0051     1.948     -1.89                                 KURHFS 
  4117.998   23.0051     1.948     -2.79                                 KURHFS 
  4118.007      24.0     4.436     -3.57                                        
  4118.046      24.0     3.119     -2.39                                        
  4118.050      74.0     2.351     -0.19                                        
  4118.097      26.0     4.073     -4.17                                        
  4118.121      26.0     4.073     -4.48                                        
  4118.131      24.0     2.913     -3.18                                        
  4118.141   23.0051     1.948     -1.94                                 KURHFS 
  4118.141      26.1     4.476     -5.10                                        
  4118.143   23.0051     1.948     -1.66                                 KURHFS 
  4118.143   23.0051     1.948     -1.91                                 KURHFS 
  4118.143      58.1     0.696      0.13                                 LAWLER 
  4118.148   23.0051     1.948     -1.47                                 KURHFS 
  4118.148   23.0051     1.948     -1.91                                 KURHFS 
  4118.148   23.0051     1.948     -1.96                                 KURHFS 
  4118.156   23.0051     1.948     -1.38                                 KURHFS 
  4118.156   23.0051     1.948     -1.52                                 KURHFS 
  4118.156   23.0051     1.948     -2.09                                 KURHFS 
  4118.166   23.0051     1.948     -1.27                                 KURHFS 
  4118.166   23.0051     1.948     -1.36                                 KURHFS 
  4118.166   23.0051     1.948     -2.31                                 KURHFS 
  4118.179   23.0051     1.948     -1.07                                 KURHFS 
  4118.179   23.0051     1.948     -1.41                                 KURHFS 
  4118.179   23.0051     1.948     -2.72                                 KURHFS 
  4118.194   23.0051     1.948     -0.91                                 KURHFS 
  4118.194   23.0051     1.948     -1.61                                 KURHFS 
  4118.207   23.0051     1.929     -1.87                                 KURHFS 
  4118.211   23.0051     1.948     -0.77                                 KURHFS 
  4118.214   23.0051     1.929     -1.87                                 KURHFS 
  4118.214   23.0051     1.929     -2.04                                 KURHFS 
  4118.215      26.0     4.368     -1.97                                        
  4118.226   23.0051     1.929     -1.70                                 KURHFS 
  4118.226   23.0051     1.929     -2.17                                 KURHFS 
  4118.226   23.0051     1.929     -2.29                                 KURHFS 
  4118.241   23.0051     1.929     -1.69                                 KURHFS 
  4118.241   23.0051     1.929     -1.73                                 KURHFS 
  4118.241   23.0051     1.929     -2.72                                 KURHFS 
  4118.245      74.0     1.707     -1.02                                        
  4118.261   23.0051     1.929     -1.45                                 KURHFS 
  4118.261   23.0051     1.929     -1.85                                 KURHFS 
  4118.284   23.0051     1.929     -1.23                                 KURHFS 
  4118.289      26.0     4.412     -3.81                                        
  4118.325      25.1     5.394     -4.61                                        
  4118.347      27.1     5.065     -1.97                                        
  4118.356      24.0     4.096     -3.49                                        
  4118.356   59.1141     0.055     -1.71                                 LI/LAW 
  4118.371   59.1141     0.055     -0.93                                 LI/LAW 
  4118.376   59.1141     0.055     -1.51                                 LI/LAW 
  4118.394   59.1141     0.055     -0.88                                 LI/LAW 
  4118.401   59.1141     0.055     -1.46                                 LI/LAW 
  4118.409   59.1141     0.055     -1.71                                 LI/LAW 
  4118.424   59.1141     0.055     -0.79                                 LI/LAW 
  4118.434   59.1141     0.055     -1.50                                 LI/LAW 
  4118.443   59.1141     0.055     -1.51                                 LI/LAW 
  4118.451      24.0     2.913     -3.73                                        
  4118.461   59.1141     0.055     -0.69                                 LI/LAW 
  4118.463      22.0     2.235     -3.88                                        
  4118.473   59.1141     0.055     -1.70                                 LI/LAW 
  4118.484   59.1141     0.055     -1.46                                 LI/LAW 
  4118.489      90.0     1.647     -0.12                                        
  4118.498      44.0     0.148     -2.52                                        
  4118.504   59.1141     0.055     -0.57                                 LI/LAW 
  4118.531   59.1141     0.055     -1.50                                 LI/LAW 
  4118.532      25.0     5.083     -2.23                                        
  4118.545      26.0     3.571      0.28                                        
  4118.545      68.0     1.332      0.76                                        
  4118.550      62.1     0.659     -0.07                                 LAWLER 
  4118.554   59.1141     0.055     -0.47                                 LI/LAW 
  4118.557      26.0     3.632     -3.35                                        
  4118.570   23.0051     1.944     -2.71                                 KURHFS 
  4118.570   23.0051     1.944     -2.97                                 KURHFS 
  4118.573   23.0051     1.944     -2.51                                 KURHFS 
  4118.573   23.0051     1.944     -2.71                                 KURHFS 
  4118.573   23.0051     1.944     -4.62                                 KURHFS 
  4118.578   23.0051     1.944     -2.45                                 KURHFS 
  4118.578   23.0051     1.944     -2.51                                 KURHFS 
  4118.578   23.0051     1.944     -3.38                                 KURHFS 
  4118.583      72.0     1.305     -1.07                                        
  4118.585   23.0051     1.944     -2.45                                 KURHFS 
  4118.585   23.0051     1.944     -2.48                                 KURHFS 
  4118.585   23.0051     1.944     -2.66                                 KURHFS 
  4118.585   59.1141     0.055     -1.70                                 LI/LAW 
  4118.594   23.0051     1.944     -2.25                                 KURHFS 
  4118.594   23.0051     1.944     -2.48                                 KURHFS 
  4118.594   23.0051     1.944     -2.66                                 KURHFS 
  4118.604   23.0051     1.944     -1.96                                 KURHFS 
  4118.604   23.0051     1.944     -2.66                                 KURHFS 
  4118.617   23.0051     1.080     -1.33                                 KURHFS 
  4118.617   23.0051     1.080     -2.23                                 KURHFS 
  4118.624   23.0051     1.080     -1.52                                 KURHFS 
  4118.624   23.0051     1.080     -2.03                                 KURHFS 
  4118.624   23.0051     1.080     -2.23                                 KURHFS 
  4118.629   23.0051     1.080     -1.74                                 KURHFS 
  4118.629   23.0051     1.080     -1.97                                 KURHFS 
  4118.629   23.0051     1.080     -2.03                                 KURHFS 
  4118.634   23.0051     1.080     -1.97                                 KURHFS 
  4118.634   23.0051     1.080     -1.97                                 KURHFS 
  4118.634   23.0051     1.080     -2.00                                 KURHFS 
  4118.637   23.0051     1.080     -1.97                                 KURHFS 
  4118.637   23.0051     1.080     -2.04                                 KURHFS 
  4118.637   23.0051     1.080     -2.33                                 KURHFS 
  4118.640   23.0051     1.080     -2.04                                 KURHFS 
  4118.640   23.0051     1.080     -2.18                                 KURHFS 
  4118.640   23.0051     1.080     -2.78                                 KURHFS 
  4118.642   23.0051     1.080     -2.18                                 KURHFS 
  4118.642   23.0051     1.080     -2.46                                 KURHFS 
  4118.642   23.0051     1.080     -3.48                                 KURHFS 
  4118.643   23.0051     1.080     -2.46                                 KURHFS 
  4118.680      78.0     1.670     -1.29                               LAWNOHFS 
  4118.703      25.0     4.723     -1.51                                        
  4118.758   27.0059     1.048     -1.12                                 KURHFS 
  4118.758   27.0059     1.048     -1.26                                 KURHFS 
  4118.758   27.0059     1.048     -1.43                                 KURHFS 
  4118.758   27.0059     1.048     -1.62                                 KURHFS 
  4118.760   27.0059     1.048     -1.88                                 KURHFS 
  4118.763   27.0059     1.048     -2.27                                 KURHFS 
  4118.773   27.0059     1.048     -2.01                                 KURHFS 
  4118.775   27.0059     1.048     -1.82                                 KURHFS 
  4118.778      26.0     4.442     -3.82                                        
  4118.778   27.0059     1.048     -2.30                                 KURHFS 
  4118.779   27.0059     1.048     -1.73                                 KURHFS 
  4118.784   27.0059     1.048     -1.71                                 KURHFS 
  4118.786   27.0059     1.048     -2.27                                 KURHFS 
  4118.789   27.0059     1.048     -1.76                                 KURHFS 
  4118.794   27.0059     1.048     -2.32                                 KURHFS 
  4118.795   27.0059     1.048     -1.96                                 KURHFS 
  4118.804   27.0059     1.048     -2.44                                 KURHFS 
  4118.815   27.0059     1.048     -2.66                                 KURHFS 
  4118.826   27.0059     1.048     -3.07                                 KURHFS 
  4118.878      23.0     3.281     -3.60                               KURNOHFS 
  4118.883      72.0     1.737     -0.86                                        
  4118.886      26.0     3.263     -1.51                                        
  4118.918      23.0     3.296     -3.63                               KURNOHFS 
  4118.958      42.0     2.068     -1.59                                        
  4118.993      25.0     3.380     -2.24                               KURNOHFS 
  4119.008      58.1     0.553     -0.53                                 LAWLER 
  4119.019      22.0     2.316     -5.72                                        
  4119.088      23.0     1.941     -1.02                               KURNOHFS 
  4119.190      22.0     2.425     -7.18                                        
  4119.205      64.0     1.400      0.08                                        
  4119.246      23.0     2.576     -2.16                               KURNOHFS 
  4119.266      26.0     4.291     -4.11                                        
  4119.277      25.0     4.350     -1.41                                        
  4119.287      41.1     2.611     -0.04                                        
  4119.298      22.0     2.394     -4.67                                        
  4119.310      66.1     1.170     -0.08                                 LAWLER 
  4119.375      64.1     1.446     -0.68                                        
  4119.387      22.0     2.486     -4.41                                        
  4119.399   23.0051     1.954     -2.69                                 KURHFS 
  4119.399   23.0051     1.954     -2.89                                 KURHFS 
  4119.405   23.0051     1.954     -2.67                                 KURHFS 
  4119.405   23.0051     1.954     -2.68                                 KURHFS 
  4119.405   23.0051     1.954     -2.89                                 KURHFS 
  4119.414   23.0051     1.954     -2.54                                 KURHFS 
  4119.414   23.0051     1.954     -2.56                                 KURHFS 
  4119.414   23.0051     1.954     -2.67                                 KURHFS 
  4119.420      24.0     2.706     -3.46                                        
  4119.425   23.0051     1.954     -2.37                                 KURHFS 
  4119.425   23.0051     1.954     -2.52                                 KURHFS 
  4119.425   23.0051     1.954     -2.56                                 KURHFS 
  4119.434   23.0051     1.063     -1.27                                 KURHFS 
  4119.434   23.0051     1.063     -1.97                                 KURHFS 
  4119.439   23.0051     1.063     -1.56                                 KURHFS 
  4119.439   23.0051     1.063     -1.78                                 KURHFS 
  4119.439   23.0051     1.063     -1.97                                 KURHFS 
  4119.440   23.0051     1.954     -2.20                                 KURHFS 
  4119.440   23.0051     1.954     -2.52                                 KURHFS 
  4119.440   23.0051     1.954     -2.53                                 KURHFS 
  4119.443   23.0051     1.063     -1.75                                 KURHFS 
  4119.443   23.0051     1.063     -1.78                                 KURHFS 
  4119.443   23.0051     1.063     -1.96                                 KURHFS 
  4119.446   23.0051     1.063     -1.75                                 KURHFS 
  4119.446   23.0051     1.063     -1.82                                 KURHFS 
  4119.446   23.0051     1.063     -2.68                                 KURHFS 
  4119.449   23.0051     1.063     -1.82                                 KURHFS 
  4119.449   23.0051     1.063     -2.02                                 KURHFS 
  4119.449   23.0051     1.063     -3.92                                 KURHFS 
  4119.450   23.0051     1.063     -2.02                                 KURHFS 
  4119.450   23.0051     1.063     -2.27                                 KURHFS 
  4119.457   23.0051     1.954     -2.04                                 KURHFS 
  4119.457   23.0051     1.954     -2.53                                 KURHFS 
  4119.457   23.0051     1.954     -2.61                                 KURHFS 
  4119.477   23.0051     1.954     -1.90                                 KURHFS 
  4119.477   23.0051     1.954     -2.61                                 KURHFS 
  4119.477   23.0051     1.954     -2.82                                 KURHFS 
  4119.500   23.0051     1.954     -1.76                                 KURHFS 
  4119.500   23.0051     1.954     -2.82                                 KURHFS 
  4119.518      22.0     2.693     -3.51                                        
  4119.524      26.1     2.542     -4.92                                        
  4119.553      25.0     3.376     -3.81                               KURNOHFS 
  4119.558      24.0     4.204     -1.32                                        
  4119.570      62.1     0.277     -1.43                                 LAWLER 
  4119.573      12.0     4.343     -3.13                                        
  4119.576      24.0     4.528     -3.12                                        
  4119.633      42.1     3.140     -1.27                                        
  4119.657      26.0     4.412     -4.18                                        
  4119.658      26.0     2.863     -4.60                                        
  4119.662      24.0     4.204     -1.02                                        
  4119.679      45.0     1.984     -0.38                                        
  4119.776      27.0     2.716     -9.03                               KURNOHFS 
  4119.781      58.1     1.087      0.06                                BIEMONT 
  4119.798      26.0     4.206     -1.97                                        
  4119.813      26.0     4.214     -2.03                                        
  4119.823      40.0     1.529     -0.33                                        
  4119.861      22.0     2.133     -4.64                                        
  4119.883      58.1     0.326     -0.42                                 LAWLER 
  4119.928      26.0     4.100     -3.63                                        
  4119.929      22.0     2.159     -4.21                                        
  4119.934      26.0     4.368     -2.36                                        
  4119.953      58.1     0.553     -1.23                                 LAWLER 
  4120.028      26.0     3.571     -5.33                                        
  4120.031      22.0     2.304     -1.10                                        
  4120.072      24.0     3.977     -4.36                                        
  4120.093      42.0     3.165      0.36                                        
  4120.116      24.0     3.110     -2.39                                        
  4120.165      24.0     4.385     -4.04                                        
  4120.176      67.0     0.000     -0.22                                        
  4120.186      22.0     2.504     -5.64                                        
  4120.206      26.0     2.988     -1.17                                        
  4120.206   27.0059     2.079     -8.19                                 KURHFS 
  4120.206   27.0059     2.079     -8.44                                 KURHFS 
  4120.206   27.0059     2.079     -8.47                                 KURHFS 
  4120.221   27.0059     2.079     -8.00                                 KURHFS 
  4120.221   27.0059     2.079     -8.05                                 KURHFS 
  4120.221   27.0059     2.079     -8.44                                 KURHFS 
  4120.244   27.0059     2.079     -7.80                                 KURHFS 
  4120.244   27.0059     2.079     -7.91                                 KURHFS 
  4120.244   27.0059     2.079     -8.49                                 KURHFS 
  4120.276   27.0059     2.079     -7.60                                 KURHFS 
  4120.276   27.0059     2.079     -7.88                                 KURHFS 
  4120.276   27.0059     2.079     -8.62                                 KURHFS 
  4120.315   27.0059     2.079     -7.44                                 KURHFS 
  4120.315   27.0059     2.079     -7.94                                 KURHFS 
  4120.315   27.0059     2.079     -8.84                                 KURHFS 
  4120.349      26.0     3.265     -2.65                                        
  4120.363   27.0059     2.079     -7.29                                 KURHFS 
  4120.363   27.0059     2.079     -8.13                                 KURHFS 
  4120.363   27.0059     2.079     -9.25                                 KURHFS 
  4120.526   23.0051     1.050     -1.39                                 KURHFS 
  4120.526   23.0051     1.050     -1.68                                 KURHFS 
  4120.526   23.0051     1.050     -1.68                                 KURHFS 
  4120.526   23.0051     1.050     -1.80                                 KURHFS 
  4120.526   23.0051     1.050     -1.80                                 KURHFS 
  4120.526   23.0051     1.050     -1.81                                 KURHFS 
  4120.526   23.0051     1.050     -1.81                                 KURHFS 
  4120.526   23.0051     1.050     -1.98                                 KURHFS 
  4120.526   23.0051     1.050     -2.00                                 KURHFS 
  4120.526      27.1     5.042     -5.60                                        
  4120.550      64.1     1.405     -1.69                                 LAWLER 
  4120.613      24.0     2.707     -4.50                                        
  4120.650      60.1     0.742     -0.76                                 LAWLER 
  4120.657      24.0     4.529     -3.39                                        
  4120.674      24.0     4.385     -3.49                                        
  4120.696      42.0     2.621     -2.36                                        
  4120.795   23.0051     0.275     -3.86                                 KURHFS 
  4120.795   23.0051     0.275     -4.11                                 KURHFS 
  4120.795   23.0051     0.275     -4.14                                 KURHFS 
  4120.798      24.0     2.913     -3.69                                        
  4120.799   23.0051     0.275     -3.67                                 KURHFS 
  4120.799   23.0051     0.275     -3.73                                 KURHFS 
  4120.799   23.0051     0.275     -4.11                                 KURHFS 
  4120.805   23.0051     0.275     -3.47                                 KURHFS 
  4120.805   23.0051     0.275     -3.58                                 KURHFS 
  4120.805   23.0051     0.275     -4.17                                 KURHFS 
  4120.814   23.0051     0.275     -3.27                                 KURHFS 
  4120.814   23.0051     0.275     -3.56                                 KURHFS 
  4120.814   23.0051     0.275     -4.29                                 KURHFS 
  4120.824   23.0051     0.275     -3.11                                 KURHFS 
  4120.824   23.0051     0.275     -3.61                                 KURHFS 
  4120.824   23.0051     0.275     -4.51                                 KURHFS 
  4120.827      58.1     0.320     -0.37                                 LAWLER 
  4120.837   23.0051     0.275     -2.97                                 KURHFS 
  4120.837   23.0051     0.275     -3.81                                 KURHFS 
  4120.837   23.0051     0.275     -4.92                                 KURHFS 
  4120.837      23.0     2.576     -3.30                               KURNOHFS 
  4120.857      74.0     1.915     -0.81                                        
  4120.883      23.0     2.614     -2.34                               KURNOHFS 
  4120.896   23.0051     2.136     -2.01                                 KURHFS 
  4120.896   23.0051     2.136     -2.46                                 KURHFS 
  4120.896   23.0051     2.136     -3.46                                 KURHFS 
  4120.904   23.0051     2.136     -1.89                                 KURHFS 
  4120.904   23.0051     2.136     -2.25                                 KURHFS 
  4120.904   23.0051     2.136     -3.25                                 KURHFS 
  4120.915   23.0051     2.136     -1.77                                 KURHFS 
  4120.915   23.0051     2.136     -2.15                                 KURHFS 
  4120.915   23.0051     2.136     -3.23                                 KURHFS 
  4120.919      21.1     4.846     -5.08                                        
  4120.928   23.0051     2.136     -1.66                                 KURHFS 
  4120.928   23.0051     2.136     -2.12                                 KURHFS 
  4120.928   23.0051     2.136     -3.31                                 KURHFS 
  4120.943   23.0051     2.136     -1.56                                 KURHFS 
  4120.943   23.0051     2.136     -2.13                                 KURHFS 
  4120.943   23.0051     2.136     -3.50                                 KURHFS 
  4120.962   23.0051     2.136     -1.46                                 KURHFS 
  4120.962   23.0051     2.136     -2.21                                 KURHFS 
  4120.962   23.0051     2.136     -3.89                                 KURHFS 
  4120.983   23.0051     2.136     -1.37                                 KURHFS 
  4120.983   23.0051     2.136     -2.43                                 KURHFS 
  4120.988      44.0     1.002     -1.33                                        
  4121.007   23.0051     2.136     -1.29                                 KURHFS 
