Tb II    4752.5      line list
  4748.968      21.0     1.994     -1.95                               KURNOHFS 
  4749.010      26.0     4.792     -2.88                                        
  4749.022      75.0     1.761     -2.06                                        
  4749.102      20.0     4.677     -2.88                                        
  4749.112      25.1     6.181     -2.00                                        
  4749.137      64.0     2.076      0.20                                        
  4749.181      26.0     4.604     -4.39                                        
  4749.200      90.0     0.966     -1.29                                        
  4749.209      24.0     3.367     -1.96                                        
  4749.234      58.1     1.212     -1.26                                 LAWLER 
  4749.253      26.0     4.253     -4.45                                        
  4749.254      23.1     1.678     -4.21                                        
  4749.277      24.0     4.201     -1.58                                        
  4749.282   27.0059     0.581     -6.62                                 KURHFS 
  4749.296   27.0059     0.581     -6.44                                 KURHFS 
  4749.297      23.1     2.274     -3.07                                        
  4749.308   27.0059     0.581     -5.93                                 KURHFS 
  4749.309   27.0059     0.581     -6.41                                 KURHFS 
  4749.318   27.0059     0.581     -6.22                                 KURHFS 
  4749.319   27.0059     0.581     -6.48                                 KURHFS 
  4749.326   27.0059     0.581     -6.62                                 KURHFS 
  4749.328   27.0059     0.581     -6.68                                 KURHFS 
  4749.332   27.0059     0.581     -7.34                                 KURHFS 
  4749.337   27.0059     0.581     -8.58                                 KURHFS 
  4749.340   27.0059     0.581     -6.93                                 KURHFS 
  4749.343   27.0059     0.581     -6.62                                 KURHFS 
  4749.347   27.0059     0.581     -6.44                                 KURHFS 
  4749.347      27.0     4.046     -2.27                               KURNOHFS 
  4749.349   27.0059     0.581     -6.41                                 KURHFS 
  4749.349   27.0059     0.581     -6.68                                 KURHFS 
  4749.350   27.0059     0.581     -6.48                                 KURHFS 
  4749.404      42.0     3.185     -1.84                                        
  4749.412      27.0     2.868     -3.97                               KURNOHFS 
  4749.489      27.0     3.407     -2.15                               KURNOHFS 
  4749.508      58.1     1.581     -1.00                                        
  4749.545   27.0059     3.051     -1.75                                 KURHFS 
  4749.550      22.1     5.634     -2.39                                        
  4749.558   27.0059     3.051     -1.63                                 KURHFS 
  4749.558   27.0059     3.051     -2.20                                 KURHFS 
  4749.560      60.1     0.559     -1.55                                        
  4749.577   27.0059     3.051     -1.51                                 KURHFS 
  4749.577   27.0059     3.051     -1.99                                 KURHFS 
  4749.577   27.0059     3.051     -3.20                                 KURHFS 
  4749.593      26.0     1.607     -4.43                                        
  4749.603   27.0059     3.051     -1.40                                 KURHFS 
  4749.603   27.0059     3.051     -1.89                                 KURHFS 
  4749.603   27.0059     3.051     -2.99                                 KURHFS 
  4749.619      24.0     4.614     -3.89                                        
  4749.635   27.0059     3.051     -1.29                                 KURHFS 
  4749.635   27.0059     3.051     -1.86                                 KURHFS 
  4749.635   27.0059     3.051     -2.96                                 KURHFS 
  4749.651      26.0     4.151     -1.83                                        
  4749.674   27.0059     3.051     -1.20                                 KURHFS 
  4749.674   27.0059     3.051     -1.87                                 KURHFS 
  4749.674   27.0059     3.051     -3.04                                 KURHFS 
  4749.701      41.0     1.428     -0.66                                        
  4749.703      74.0     2.420     -0.84                                        
  4749.706   27.0059     4.046     -2.42                                 KURHFS 
  4749.720   27.0059     3.051     -1.11                                 KURHFS 
  4749.720   27.0059     3.051     -1.95                                 KURHFS 
  4749.720   27.0059     3.051     -3.24                                 KURHFS 
  4749.748      60.0     0.456      0.13                                        
  4749.758   23.0051     2.364     -3.93                                 KURHFS 
  4749.758   23.0051     2.364     -4.21                                 KURHFS 
  4749.758   23.0051     2.364     -4.21                                 KURHFS 
  4749.758   23.0051     2.364     -5.23                                 KURHFS 
  4749.760   23.0051     2.364     -3.79                                 KURHFS 
  4749.760   23.0051     2.364     -3.93                                 KURHFS 
  4749.760   23.0051     2.364     -4.53                                 KURHFS 
  4749.760   27.0059     4.046     -2.56                                 KURHFS 
  4749.760   27.0059     4.046     -3.26                                 KURHFS 
  4749.762   23.0051     2.364     -3.72                                 KURHFS 
  4749.762   23.0051     2.364     -3.79                                 KURHFS 
  4749.762   23.0051     2.364     -4.08                                 KURHFS 
  4749.762      27.0     4.146     -2.98                                        
  4749.765   23.0051     2.364     -3.72                                 KURHFS 
  4749.765   23.0051     2.364     -3.72                                 KURHFS 
  4749.765   23.0051     2.364     -3.75                                 KURHFS 
  4749.768   23.0051     2.364     -3.49                                 KURHFS 
  4749.768   23.0051     2.364     -3.72                                 KURHFS 
  4749.768   23.0051     2.364     -3.78                                 KURHFS 
  4749.771   27.0059     3.051     -1.02                                 KURHFS 
  4749.771   27.0059     3.051     -2.17                                 KURHFS 
  4749.771   27.0059     3.051     -3.62                                 KURHFS 
  4749.772   23.0051     2.364     -3.27                                 KURHFS 
  4749.772   23.0051     2.364     -3.78                                 KURHFS 
  4749.772   23.0051     2.364     -3.99                                 KURHFS 
  4749.776      24.1     6.600     -2.62                                        
  4749.777   23.0051     2.364     -3.08                                 KURHFS 
  4749.777   23.0051     2.364     -3.99                                 KURHFS 
  4749.806   27.0059     4.046     -2.73                                 KURHFS 
  4749.806   27.0059     4.046     -3.07                                 KURHFS 
  4749.806   27.0059     4.046     -4.38                                 KURHFS 
  4749.844   27.0059     4.046     -2.93                                 KURHFS 
  4749.844   27.0059     4.046     -3.01                                 KURHFS 
  4749.844   27.0059     4.046     -3.97                                 KURHFS 
  4749.875   27.0059     4.046     -3.04                                 KURHFS 
  4749.875   27.0059     4.046     -3.18                                 KURHFS 
  4749.875   27.0059     4.046     -3.75                                 KURHFS 
  4749.898   27.0059     4.046     -3.13                                 KURHFS 
  4749.898   27.0059     4.046     -3.57                                 KURHFS 
  4749.898   27.0059     4.046     -3.62                                 KURHFS 
  4749.914   27.0059     4.046     -3.31                                 KURHFS 
  4749.914   27.0059     4.046     -3.57                                 KURHFS 
  4749.920      27.0     4.022     -2.05                               KURNOHFS 
  4749.921   27.0059     4.046     -3.60                                 KURHFS 
  4749.926      22.0     2.304     -4.02                                        
  4749.931      20.0     4.677     -3.51                                        
  4749.948      26.0     4.555     -1.34                                        
  4749.961      24.0     3.365     -1.97                                        
  4749.971      90.0     1.005     -1.34                                        
  4750.020      60.1     0.204     -2.09                                 LAWLER 
  4750.117      42.0     3.390     -1.71                                        
  4750.390      42.0     2.521     -0.92                                        
  4750.421      57.0     1.229     -0.43                                        
  4750.465      26.1     6.798     -4.05                                        
  4750.520      25.1     5.516     -5.47                                        
  4750.588      22.0     2.290     -3.50                                        
  4750.588      22.0     3.407     -3.61                                        
  4750.666      22.0     3.332     -3.64                                        
  4750.683      27.0     4.206     -3.04                                        
  4750.724      62.0     0.282     -0.45                                        
  4750.730   23.0051     2.255     -5.39                                 KURHFS 
  4750.730   23.0051     2.255     -5.64                                 KURHFS 
  4750.738   23.0051     2.255     -5.19                                 KURHFS 
  4750.738   23.0051     2.255     -5.39                                 KURHFS 
  4750.738   23.0051     2.255     -7.30                                 KURHFS 
  4750.750   23.0051     2.255     -5.12                                 KURHFS 
  4750.750   23.0051     2.255     -5.19                                 KURHFS 
  4750.750   23.0051     2.255     -6.05                                 KURHFS 
  4750.750      69.1     3.253     -0.67                                 LAWLER 
  4750.766   23.0051     2.255     -5.12                                 KURHFS 
  4750.766   23.0051     2.255     -5.16                                 KURHFS 
  4750.766   23.0051     2.255     -5.34                                 KURHFS 
  4750.787   23.0051     2.255     -4.93                                 KURHFS 
  4750.787   23.0051     2.255     -5.16                                 KURHFS 
  4750.787   23.0051     2.255     -5.34                                 KURHFS 
  4750.811   23.0051     2.255     -4.64                                 KURHFS 
  4750.811   23.0051     2.255     -5.34                                 KURHFS 
  4750.831      58.0     0.274     -0.85                                        
  4750.895      20.0     4.531     -2.47                                        
  4750.981      23.0     2.053     -0.34                               KURNOHFS 
  4751.008      23.0     2.330     -3.44                               KURNOHFS 
  4751.055      24.0     4.183     -1.40                                        
  4751.059   23.0051     1.948     -5.71                                 KURHFS 
  4751.062   23.0051     1.948     -5.43                                 KURHFS 
  4751.062   23.0051     1.948     -5.68                                 KURHFS 
  4751.069   23.0051     1.948     -5.24                                 KURHFS 
  4751.069   23.0051     1.948     -5.68                                 KURHFS 
  4751.069   23.0051     1.948     -5.74                                 KURHFS 
  4751.079   23.0051     1.948     -5.15                                 KURHFS 
  4751.079   23.0051     1.948     -5.30                                 KURHFS 
  4751.079   23.0051     1.948     -5.86                                 KURHFS 
  4751.084      26.0     4.183     -2.89                                        
  4751.085   23.0051     0.286     -5.96                                 KURHFS 
  4751.087   23.0051     0.286     -5.68                                 KURHFS 
  4751.087   23.0051     0.286     -5.96                                 KURHFS 
  4751.087   23.0051     0.286     -6.99                                 KURHFS 
  4751.093   23.0051     0.286     -5.55                                 KURHFS 
  4751.093   23.0051     0.286     -5.68                                 KURHFS 
  4751.093   23.0051     0.286     -6.29                                 KURHFS 
  4751.093   23.0051     1.948     -5.04                                 KURHFS 
  4751.093   23.0051     1.948     -5.13                                 KURHFS 
  4751.093   23.0051     1.948     -6.08                                 KURHFS 
  4751.102   23.0051     0.286     -5.48                                 KURHFS 
  4751.102   23.0051     0.286     -5.55                                 KURHFS 
  4751.102   23.0051     0.286     -5.84                                 KURHFS 
  4751.109   23.0051     1.948     -4.84                                 KURHFS 
  4751.109   23.0051     1.948     -5.18                                 KURHFS 
  4751.109   23.0051     1.948     -6.49                                 KURHFS 
  4751.112      42.0     2.474     -2.13                                        
  4751.113   23.0051     0.286     -5.47                                 KURHFS 
  4751.113   23.0051     0.286     -5.48                                 KURHFS 
  4751.113   23.0051     0.286     -5.51                                 KURHFS 
  4751.128   23.0051     0.286     -5.25                                 KURHFS 
  4751.128   23.0051     0.286     -5.47                                 KURHFS 
  4751.128   23.0051     0.286     -5.54                                 KURHFS 
  4751.130   23.0051     1.948     -4.68                                 KURHFS 
  4751.130   23.0051     1.948     -5.38                                 KURHFS 
  4751.131      24.0     3.367     -1.52                                        
  4751.145   23.0051     0.286     -5.03                                 KURHFS 
  4751.145   23.0051     0.286     -5.54                                 KURHFS 
  4751.145   23.0051     0.286     -5.74                                 KURHFS 
  4751.153   23.0051     1.948     -4.54                                 KURHFS 
  4751.165   23.0051     0.286     -4.84                                 KURHFS 
  4751.165   23.0051     0.286     -5.74                                 KURHFS 
  4751.227   23.0051     2.241     -5.51                                 KURHFS 
  4751.227   23.0051     2.241     -5.53                                 KURHFS 
  4751.227   23.0051     2.241     -5.66                                 KURHFS 
  4751.255   23.0051     2.241     -5.19                                 KURHFS 
  4751.255   23.0051     2.241     -5.51                                 KURHFS 
  4751.255   23.0051     2.241     -5.99                                 KURHFS 
  4751.261   23.0051     2.364     -3.94                                 KURHFS 
  4751.262   23.0051     2.364     -3.66                                 KURHFS 
  4751.262   23.0051     2.364     -3.91                                 KURHFS 
  4751.263   23.0051     2.364     -3.47                                 KURHFS 
  4751.263   23.0051     2.364     -3.91                                 KURHFS 
  4751.263   23.0051     2.364     -3.96                                 KURHFS 
  4751.265   23.0051     2.364     -3.38                                 KURHFS 
  4751.265   23.0051     2.364     -3.52                                 KURHFS 
  4751.265   23.0051     2.364     -4.09                                 KURHFS 
  4751.268   23.0051     2.364     -3.27                                 KURHFS 
  4751.268   23.0051     2.364     -3.35                                 KURHFS 
  4751.268   23.0051     2.364     -4.31                                 KURHFS 
  4751.272   23.0051     2.364     -3.07                                 KURHFS 
  4751.272   23.0051     2.364     -3.41                                 KURHFS 
  4751.272   23.0051     2.364     -4.72                                 KURHFS 
  4751.276   23.0051     2.364     -2.91                                 KURHFS 
  4751.276   23.0051     2.364     -3.60                                 KURHFS 
  4751.281   23.0051     2.364     -2.77                                 KURHFS 
  4751.365      26.0     4.431     -3.77                                        
  4751.433      41.0     2.104     -0.53                                        
  4751.439      23.0     2.357     -3.36                               KURNOHFS 
  4751.456   27.0059     4.046     -1.86                                 KURHFS 
  4751.485   27.0059     4.046     -2.00                                 KURHFS 
  4751.485   27.0059     4.046     -2.70                                 KURHFS 
  4751.510   27.0059     4.046     -2.16                                 KURHFS 
  4751.510   27.0059     4.046     -2.50                                 KURHFS 
  4751.510   27.0059     4.046     -3.81                                 KURHFS 
  4751.515   23.0051     1.929     -2.05                                 KURHFS 
  4751.515   23.0051     1.929     -2.30                                 KURHFS 
  4751.525   23.0051     1.929     -1.85                                 KURHFS 
  4751.525   23.0051     1.929     -2.05                                 KURHFS 
  4751.525   23.0051     1.929     -3.95                                 KURHFS 
  4751.531   27.0059     4.046     -2.36                                 KURHFS 
  4751.531   27.0059     4.046     -2.45                                 KURHFS 
  4751.531   27.0059     4.046     -3.40                                 KURHFS 
  4751.540   23.0051     1.929     -1.78                                 KURHFS 
  4751.540   23.0051     1.929     -1.85                                 KURHFS 
  4751.540   23.0051     1.929     -2.71                                 KURHFS 
  4751.547   27.0059     4.046     -2.47                                 KURHFS 
  4751.547   27.0059     4.046     -2.61                                 KURHFS 
  4751.547   27.0059     4.046     -3.18                                 KURHFS 
  4751.547      58.1     1.243     -1.20                                        
  4751.560   27.0059     4.046     -2.56                                 KURHFS 
  4751.560   27.0059     4.046     -3.00                                 KURHFS 
  4751.560   27.0059     4.046     -3.05                                 KURHFS 
  4751.561   23.0051     1.929     -1.78                                 KURHFS 
  4751.561   23.0051     1.929     -1.81                                 KURHFS 
  4751.561   23.0051     1.929     -1.99                                 KURHFS 
  4751.568   27.0059     4.046     -2.75                                 KURHFS 
  4751.568   27.0059     4.046     -3.00                                 KURHFS 
  4751.572   27.0059     4.046     -3.03                                 KURHFS 
  4751.587   23.0051     1.929     -1.59                                 KURHFS 
  4751.587   23.0051     1.929     -1.81                                 KURHFS 
  4751.587   23.0051     1.929     -2.00                                 KURHFS 
  4751.617   23.0051     1.929     -1.30                                 KURHFS 
  4751.617   23.0051     1.929     -2.00                                 KURHFS 
  4751.639   23.0051     1.948     -4.98                                 KURHFS 
  4751.643   23.0051     1.948     -4.70                                 KURHFS 
  4751.643   23.0051     1.948     -4.95                                 KURHFS 
  4751.649   23.0051     1.948     -4.51                                 KURHFS 
  4751.649   23.0051     1.948     -4.95                                 KURHFS 
  4751.649   23.0051     1.948     -5.00                                 KURHFS 
  4751.659   23.0051     1.948     -4.42                                 KURHFS 
  4751.659   23.0051     1.948     -4.57                                 KURHFS 
  4751.659   23.0051     1.948     -5.13                                 KURHFS 
  4751.673   23.0051     1.948     -4.31                                 KURHFS 
  4751.673   23.0051     1.948     -4.40                                 KURHFS 
  4751.673   23.0051     1.948     -5.35                                 KURHFS 
  4751.679      26.0     4.831     -3.04                                        
  4751.690   23.0051     1.948     -4.11                                 KURHFS 
  4751.690   23.0051     1.948     -4.45                                 KURHFS 
  4751.690   23.0051     1.948     -5.76                                 KURHFS 
  4751.710   23.0051     1.948     -3.95                                 KURHFS 
  4751.710   23.0051     1.948     -4.65                                 KURHFS 
  4751.733   23.0051     1.948     -3.81                                 KURHFS 
  4751.788   23.0051     2.129     -3.29                                 KURHFS 
  4751.794   23.0051     2.129     -3.18                                 KURHFS 
  4751.794   23.0051     2.129     -3.75                                 KURHFS 
  4751.794      24.0     3.419     -2.79                                        
  4751.803   23.0051     2.129     -3.06                                 KURHFS 
  4751.803   23.0051     2.129     -3.54                                 KURHFS 
  4751.803   23.0051     2.129     -4.75                                 KURHFS 
  4751.814      21.1     7.974     -4.12                                        
  4751.815   23.0051     2.129     -2.95                                 KURHFS 
  4751.815   23.0051     2.129     -3.44                                 KURHFS 
  4751.815   23.0051     2.129     -4.54                                 KURHFS 
  4751.822      11.0     2.103     -2.09                                        
  4751.830   23.0051     2.129     -2.84                                 KURHFS 
  4751.830   23.0051     2.129     -3.40                                 KURHFS 
  4751.830   23.0051     2.129     -4.51                                 KURHFS 
  4751.848   23.0051     2.129     -2.75                                 KURHFS 
  4751.848   23.0051     2.129     -3.42                                 KURHFS 
  4751.848   23.0051     2.129     -4.59                                 KURHFS 
  4751.869   23.0051     2.129     -2.66                                 KURHFS 
  4751.869   23.0051     2.129     -3.50                                 KURHFS 
  4751.869   23.0051     2.129     -4.78                                 KURHFS 
  4751.893   23.0051     2.129     -2.57                                 KURHFS 
  4751.893   23.0051     2.129     -3.72                                 KURHFS 
  4751.893   23.0051     2.129     -5.17                                 KURHFS 
  4751.909      40.0     0.622     -1.89                                        
  4752.078      23.0     2.606     -6.72                               KURNOHFS 
  4752.087      24.0     4.183      0.44                                        
  4752.098      26.1     7.982     -3.41                                        
  4752.112      28.0     3.676     -1.77                                        
  4752.121      27.0     4.143     -2.70                                        
  4752.169      76.0     4.258     -0.09                                        
  4752.203      74.0     2.351     -1.15                                        
  4752.264      58.1     1.519     -0.82                                        
  4752.324      24.0     4.183     -4.24                                        
  4752.325      23.0     2.614     -2.98                               KURNOHFS 
  4752.365      25.0     3.380     -6.26                               KURNOHFS 
  4752.393   23.0051     2.377     -2.44                                 KURHFS 
  4752.393   23.0051     2.377     -2.85                                 KURHFS 
  4752.401   23.0051     2.377     -2.73                                 KURHFS 
  4752.401   23.0051     2.377     -2.85                                 KURHFS 
  4752.401   23.0051     2.377     -3.05                                 KURHFS 
  4752.408   23.0051     2.377     -2.73                                 KURHFS 
  4752.408   23.0051     2.377     -2.86                                 KURHFS 
  4752.413   23.0051     2.377     -2.86                                 KURHFS 
  4752.413   23.0051     2.377     -3.04                                 KURHFS 
  4752.414      90.1     0.770     -1.62                                        
  4752.415      28.0     3.655     -0.70                                        
  4752.426      23.0     1.941     -4.21                               KURNOHFS 
  4752.530      65.1     0.000     -0.55                               LAWNOHFS 
  4752.533      23.0     2.579     -1.45                               KURNOHFS 
  4752.576      58.0     0.384     -0.74                                        
  4752.576      74.0     1.649     -1.85                                        
  4752.624      24.0     4.528     -1.99                                        
  4752.787      39.0     1.899      0.08                                        
  4752.794      26.0     4.298     -3.17                                        
  4752.897      24.0     3.367     -1.79                                        
  4752.908      21.0     3.081     -3.45                               KURNOHFS 
  4752.921      25.0     3.768     -3.18                               KURNOHFS 
  4753.048      20.0     6.022     -6.55                                        
  4753.061      40.0     1.873     -0.50                                        
  4753.147   21.0045     0.000     -2.89                                 KURHFS 
  4753.147   21.0045     0.000     -2.89                                 KURHFS 
  4753.147   21.0045     0.000     -3.19                                 KURHFS 
  4753.153   21.0045     0.000     -2.73                                 KURHFS 
  4753.153   21.0045     0.000     -2.76                                 KURHFS 
  4753.153   21.0045     0.000     -3.07                                 KURHFS 
  4753.161   21.0045     0.000     -2.47                                 KURHFS 
  4753.161   21.0045     0.000     -2.72                                 KURHFS 
  4753.161   21.0045     0.000     -3.32                                 KURHFS 
  4753.171   21.0045     0.000     -2.26                                 KURHFS 
  4753.171   21.0045     0.000     -2.88                                 KURHFS 
  4753.171   21.0045     0.000     -3.75                                 KURHFS 
  4753.179      25.1     6.128     -4.64                                        
  4753.226      25.0     4.751     -2.44                                        
  4753.321      27.0     4.229     -3.30                                        
  4753.340      42.0     2.621     -2.07                                        
  4753.459      25.0     4.432     -4.17                                        
  4753.590      23.0     1.941     -4.44                               KURNOHFS 
  4753.692      27.1     3.865     -3.95                                        
  4753.744      25.1     6.523     -4.47                                        
  4753.893      25.0     5.210     -0.96                                        
  4753.929      23.0     2.073     -0.29                               KURNOHFS 
  4753.930      19.0     1.616     -2.97                                        
  4754.010      24.0     3.373     -1.15                                        
  4754.022   25.0055     2.280     -0.65                                 KURHFS 
  4754.033   25.0055     2.280     -0.79                                 KURHFS 
  4754.036      26.0     4.730     -2.63                                        
  4754.043   25.0055     2.280     -0.95                                 KURHFS 
  4754.051   25.0055     2.280     -1.14                                 KURHFS 
  4754.053      26.0     4.100     -3.73                                        
  4754.054   25.0055     2.280     -1.57                                 KURHFS 
  4754.056      25.1     6.135     -3.08                                        
  4754.059   25.0055     2.280     -1.36                                 KURHFS 
  4754.060   25.0055     2.280     -1.40                                 KURHFS 
  4754.064   25.0055     2.280     -1.37                                 KURHFS 
  4754.066   25.0055     2.280     -1.64                                 KURHFS 
  4754.068   25.0055     2.280     -1.44                                 KURHFS 
  4754.070   25.0055     2.280     -1.61                                 KURHFS 
  4754.079   25.0055     2.280     -2.39                                 KURHFS 
  4754.081   25.0055     2.280     -2.31                                 KURHFS 
  4754.081   25.0055     2.280     -2.79                                 KURHFS 
  4754.082   25.0055     2.280     -2.44                                 KURHFS 
  4754.126      21.0     3.099     -3.47                               KURNOHFS 
  4754.221      23.1     2.024     -4.87                                        
  4754.277      22.1     1.230     -4.41                                        
  4754.299   27.0059     3.229     -2.06                                 KURHFS 
  4754.299   27.0059     3.229     -2.06                                 KURHFS 
  4754.299   27.0059     3.229     -2.36                                 KURHFS 
  4754.316   27.0059     3.229     -1.89                                 KURHFS 
  4754.316   27.0059     3.229     -1.92                                 KURHFS 
  4754.316   27.0059     3.229     -2.23                                 KURHFS 
  4754.340   27.0059     3.229     -1.64                                 KURHFS 
  4754.340   27.0059     3.229     -1.89                                 KURHFS 
  4754.340   27.0059     3.229     -2.48                                 KURHFS 
  4754.358      22.0     2.159     -1.60                                        
  4754.369   27.0059     3.229     -1.42                                 KURHFS 
  4754.369   27.0059     3.229     -2.05                                 KURHFS 
  4754.369   27.0059     3.229     -2.91                                 KURHFS 
  4754.381      20.0     5.045     -2.37                                        
  4754.409      22.0     3.455     -4.01                                        
  4754.468      22.0     3.059     -2.38                                        
  4754.510      26.1     2.640     -6.49                                        
  4754.560   23.0051     2.276     -5.29                                 KURHFS 
  4754.561   23.0051     2.276     -5.01                                 KURHFS 
  4754.561   23.0051     2.276     -5.29                                 KURHFS 
  4754.561   23.0051     2.276     -6.31                                 KURHFS 
  4754.562   23.0051     2.276     -4.87                                 KURHFS 
  4754.562   23.0051     2.276     -5.01                                 KURHFS 
  4754.562   23.0051     2.276     -5.61                                 KURHFS 
  4754.564   23.0051     2.276     -4.80                                 KURHFS 
  4754.564   23.0051     2.276     -4.87                                 KURHFS 
  4754.564   23.0051     2.276     -5.16                                 KURHFS 
  4754.566   23.0051     2.276     -4.80                                 KURHFS 
  4754.566   23.0051     2.276     -4.80                                 KURHFS 
  4754.566   23.0051     2.276     -4.83                                 KURHFS 
  4754.569   23.0051     2.276     -4.57                                 KURHFS 
  4754.569   23.0051     2.276     -4.80                                 KURHFS 
  4754.569   23.0051     2.276     -4.86                                 KURHFS 
  4754.572   23.0051     2.276     -4.35                                 KURHFS 
  4754.572   23.0051     2.276     -4.86                                 KURHFS 
  4754.572   23.0051     2.276     -5.07                                 KURHFS 
  4754.576   23.0051     2.276     -4.16                                 KURHFS 
  4754.576   23.0051     2.276     -5.07                                 KURHFS 
  4754.700      25.0     3.769     -2.02                               KURNOHFS 
  4754.740      24.0     3.090     -1.36                                        
  4754.756      28.0     3.633     -0.97                                        
  4754.946      42.0     3.393     -1.70                                        
  4754.992      66.1     2.415     -0.09                                        
  4755.037      25.0     3.370     -4.43                               KURNOHFS 
