Y II     4854.9      line list
  4851.087      25.0     4.662     -1.61                                        
  4851.143      25.1     6.181     -3.35                                        
  4851.148      70.1     3.015     -1.55                                        
  4851.218      22.0     2.486     -2.23                                        
  4851.277      22.0     2.316     -1.90                                        
  4851.280      23.0     2.876     -2.40                               KURNOHFS 
  4851.287      27.0     3.131     -4.99                               KURNOHFS 
  4851.348      40.0     0.622     -1.20                                        
  4851.350      22.0     2.152     -2.11                                        
  4851.453   23.0051     0.000     -1.95                                 KURHFS 
  4851.464      24.0     3.432     -1.27                                        
  4851.466   23.0051     0.000     -1.92                                 KURHFS 
  4851.466   23.0051     0.000     -2.40                                 KURHFS 
  4851.483   23.0051     0.000     -1.92                                 KURHFS 
  4851.483   23.0051     0.000     -2.07                                 KURHFS 
  4851.505   23.0051     0.000     -1.60                                 KURHFS 
  4851.537      25.1     5.433     -2.61                                        
  4851.539      14.0     5.078     -2.50                                        
  4851.641      68.1     2.114     -0.59                                        
  4851.663      20.0     5.177     -7.80                                        
  4851.693      42.0     2.494     -1.90                                        
  4851.757      69.0     2.370     -0.23                                        
  4851.868      26.0     4.140     -1.28                                        
  4851.894      22.0     2.776     -3.80                                        
  4851.894      69.1     3.346     -0.09                                        
  4851.929      24.0     3.963     -2.24                                        
  4851.949   27.0059     2.540     -7.49                                 KURHFS 
  4851.949   27.0059     2.540     -7.49                                 KURHFS 
  4851.949   27.0059     2.540     -7.79                                 KURHFS 
  4851.977   27.0059     2.540     -7.33                                 KURHFS 
  4851.977   27.0059     2.540     -7.36                                 KURHFS 
  4851.977   27.0059     2.540     -7.67                                 KURHFS 
  4852.015   27.0059     2.540     -7.07                                 KURHFS 
  4852.015   27.0059     2.540     -7.32                                 KURHFS 
  4852.015   27.0059     2.540     -7.92                                 KURHFS 
  4852.059      21.0     1.942     -2.33                               KURNOHFS 
  4852.062   27.0059     2.540     -6.86                                 KURHFS 
  4852.062   27.0059     2.540     -7.48                                 KURHFS 
  4852.062   27.0059     2.540     -8.35                                 KURHFS 
  4852.149      73.0     1.357     -1.70                                        
  4852.161      25.1     6.828     -4.45                                        
  4852.258      26.0     4.188     -4.17                                        
  4852.467      23.1     5.476     -2.50                                        
  4852.547      28.0     3.539     -1.07                                        
  4852.624      58.0     0.384     -0.46                                        
  4852.626      58.0     0.772     -0.07                                        
  4852.677      39.0     1.373      0.12                                        
  4852.679      21.0     2.144     -0.15                               KURNOHFS 
  4852.683      24.0     5.090     -3.20                                        
  4852.693   27.0059     2.540     -5.71                                 KURHFS 
  4852.721   27.0059     2.540     -5.68                                 KURHFS 
  4852.721   27.0059     2.540     -6.16                                 KURHFS 
  4852.759   27.0059     2.540     -5.68                                 KURHFS 
  4852.759   27.0059     2.540     -5.83                                 KURHFS 
  4852.806   27.0059     2.540     -5.36                                 KURHFS 
  4852.864      90.0     2.009     -0.52                                        
  4852.873      22.0     1.878     -6.29                                        
  4852.877      23.0     2.576     -3.21                               KURNOHFS 
  4852.878      24.0     2.965     -5.44                                        
  4853.242      23.0     2.682     -5.56                               KURNOHFS 
  4853.272      28.0     3.895     -1.94                                        
  4853.299   27.0059     3.772     -4.46                                 KURHFS 
  4853.299   27.0059     3.772     -4.46                                 KURHFS 
  4853.299   27.0059     3.772     -4.76                                 KURHFS 
  4853.315   27.0059     3.772     -4.30                                 KURHFS 
  4853.315   27.0059     3.772     -4.33                                 KURHFS 
  4853.315   27.0059     3.772     -4.64                                 KURHFS 
  4853.316      60.0     0.140     -0.51                                        
  4853.337   27.0059     3.772     -4.04                                 KURHFS 
  4853.337   27.0059     3.772     -4.29                                 KURHFS 
  4853.337   27.0059     3.772     -4.89                                 KURHFS 
  4853.365   27.0059     3.772     -3.83                                 KURHFS 
  4853.365   27.0059     3.772     -4.45                                 KURHFS 
  4853.365   27.0059     3.772     -5.32                                 KURHFS 
  4853.498      24.0     2.706     -3.75                                        
  4853.536      26.1     7.940     -4.04                                        
  4853.590      27.0     4.256     -3.79                                        
  4853.597      58.0     0.410     -0.48                                        
  4853.599      26.1     7.562     -4.38                                        
  4853.607      23.0     2.965     -2.83                               KURNOHFS 
  4853.775      28.0     3.541     -1.55                                        
  4853.831      26.0     4.603     -4.24                                        
  4853.917      24.0     3.367     -3.30                                        
  4853.926      22.0     2.675     -1.07                                        
  4853.973      26.0     4.412     -4.16                                        
  4854.074      74.0     1.654     -1.75                                        
  4854.114      25.0     3.769     -3.60                               KURNOHFS 
  4854.176      26.0     4.590     -2.86                                        
  4854.252      39.0     1.886     -0.03                                        
  4854.285      26.0     4.214     -4.28                                        
  4854.314      27.0     4.256     -4.10                                        
  4854.333      26.0     4.555     -2.66                                        
  4854.370      62.1     0.378     -1.25                                 LAWLER 
  4854.377      22.0     3.421     -3.40                                        
  4854.481      26.0     4.470     -4.34                                        
  4854.547      23.1     6.473     -3.30                                        
  4854.547      44.0     3.260     -0.30                                        
  4854.578   25.0055     3.856     -1.85                                 KURHFS 
  4854.578   25.0055     3.856     -2.21                                 KURHFS 
  4854.578   25.0055     3.856     -2.76                                 KURHFS 
  4854.583      23.0     2.073     -4.43                               KURNOHFS 
  4854.586      20.0     4.760     -3.12                                        
  4854.629   25.0055     3.856     -2.21                                 KURHFS 
  4854.629   25.0055     3.856     -2.31                                 KURHFS 
  4854.629   25.0055     3.856     -2.33                                 KURHFS 
  4854.675      25.0     4.824     -3.46                                        
  4854.738      22.0     2.238     -1.22                                        
  4854.867      39.1     0.992     -0.38                                BIEMONT 
  4854.876      26.0     4.183     -1.35                                        
  4854.899      26.0     4.140     -2.04                                        
  4854.932      20.0     5.987     -4.79                                        
  4854.946      57.0     1.138     -0.85                                        
  4854.995      21.0     3.099     -3.36                               KURNOHFS 
  4855.030      24.0     3.373     -3.58                                        
  4855.041      38.0     2.250     -0.53                                        
  4855.106      24.0     5.213     -1.79                                        
  4855.135      28.0     3.737     -2.37                                        
  4855.154      24.0     2.707     -3.89                                        
  4855.170   27.0059     0.513     -7.98                                 KURHFS 
  4855.178   27.0059     0.513     -7.57                                 KURHFS 
  4855.186   27.0059     0.513     -7.35                                 KURHFS 
  4855.192   27.0059     0.513     -7.22                                 KURHFS 
  4855.199   27.0059     0.513     -7.17                                 KURHFS 
  4855.202   27.0059     0.513     -6.86                                 KURHFS 
  4855.205   27.0059     0.513     -6.67                                 KURHFS 
  4855.205   27.0059     0.513     -7.20                                 KURHFS 
  4855.207   27.0059     0.513     -6.61                                 KURHFS 
  4855.208   27.0059     0.513     -6.64                                 KURHFS 
  4855.210   27.0059     0.513     -6.73                                 KURHFS 
  4855.210   27.0059     0.513     -6.92                                 KURHFS 
  4855.221   27.0059     0.513     -7.17                                 KURHFS 
  4855.225   27.0059     0.513     -6.78                                 KURHFS 
  4855.230   27.0059     0.513     -6.53                                 KURHFS 
  4855.233   27.0059     0.513     -6.33                                 KURHFS 
  4855.236   27.0059     0.513     -6.17                                 KURHFS 
  4855.238   27.0059     0.513     -6.02                                 KURHFS 
  4855.306      60.0     0.140     -0.51                                        
  4855.324      23.0     2.682     -8.25                               KURNOHFS 
  4855.344      23.0     2.721     -6.88                               KURNOHFS 
  4855.406      28.0     3.539      0.00                                        
  4855.426      24.0     4.528     -2.83                                        
  4855.437      26.0     4.581     -3.04                                        
  4855.451      26.1     2.853     -5.58                                        
  4855.548      26.1     2.702     -4.27                                        
  4855.577   27.0059     3.949     -3.10                                 KURHFS 
  4855.577   27.0059     3.949     -3.94                                 KURHFS 
  4855.577   27.0059     3.949     -5.05                                 KURHFS 
  4855.605   27.0059     3.949     -3.24                                 KURHFS 
  4855.605   27.0059     3.949     -3.74                                 KURHFS 
  4855.605   27.0059     3.949     -4.64                                 KURHFS 
  4855.628   27.0059     3.949     -3.40                                 KURHFS 
  4855.628   27.0059     3.949     -3.69                                 KURHFS 
  4855.628   27.0059     3.949     -4.42                                 KURHFS 
  4855.647   27.0059     3.949     -3.60                                 KURHFS 
  4855.647   27.0059     3.949     -3.71                                 KURHFS 
  4855.647   27.0059     3.949     -4.30                                 KURHFS 
  4855.661   27.0059     3.949     -3.80                                 KURHFS 
  4855.661   27.0059     3.949     -3.86                                 KURHFS 
  4855.661   27.0059     3.949     -4.25                                 KURHFS 
  4855.670   27.0059     3.949     -3.99                                 KURHFS 
  4855.670   27.0059     3.949     -4.25                                 KURHFS 
  4855.670   27.0059     3.949     -4.28                                 KURHFS 
  4855.673      26.0     3.366     -1.99                                        
  4855.702      24.0     3.009     -3.34                                        
  4855.880      25.0     4.791     -2.37                                        
  4855.906      22.1     3.092     -1.32                                        
  4856.010      22.0     2.254      0.44                                        
  4856.054      24.1     5.658     -3.95                                        
  4856.054      26.0     4.730     -4.00                                        
  4856.083      24.0     5.076     -3.52                                        
  4856.088      26.0     4.280     -2.95                                        
  4856.092      19.0     1.609     -2.62                                        
  4856.124      20.0     5.045     -3.32                                        
  4856.186      24.1     3.851     -2.26                                        
  4856.188      64.0     1.448     -0.27                                        
  4856.250      66.1     2.420     -0.53                                 LAWLER 
  4856.257      25.0     4.432     -3.65                                        
  4856.547      23.0     2.636     -1.78                               KURNOHFS 
  4856.592      23.1     6.474     -4.29                                        
  4856.612      22.0     2.115     -4.54                                        
  4856.641      26.0     4.188     -2.76                                        
  4856.663      26.1     7.964     -3.36                                        
  4856.698      27.0     4.172     -1.79                                        
  4856.713      39.0     1.917     -0.37                                        
  4856.730      64.0     2.076      0.51                                        
  4856.800      21.1     4.875     -1.53                                        
  4856.819      15.0     7.398     -2.60                                        
  4856.928      24.0     4.529     -1.82                                        
  4856.956      22.0     2.660     -3.02                                        
  4856.958      25.1     5.563     -5.33                                        
  4856.994   23.0051     2.129     -4.05                                 KURHFS 
  4857.000   23.0051     2.129     -3.93                                 KURHFS 
  4857.000   23.0051     2.129     -4.50                                 KURHFS 
  4857.010   23.0051     2.129     -3.81                                 KURHFS 
  4857.010   23.0051     2.129     -4.29                                 KURHFS 
  4857.010   23.0051     2.129     -5.50                                 KURHFS 
  4857.022   23.0051     2.129     -3.70                                 KURHFS 
  4857.022   23.0051     2.129     -4.19                                 KURHFS 
  4857.022   23.0051     2.129     -5.29                                 KURHFS 
  4857.038   23.0051     2.129     -3.60                                 KURHFS 
  4857.038   23.0051     2.129     -4.16                                 KURHFS 
  4857.038   23.0051     2.129     -5.26                                 KURHFS 
  4857.057   23.0051     2.129     -3.50                                 KURHFS 
  4857.057   23.0051     2.129     -4.17                                 KURHFS 
  4857.057   23.0051     2.129     -5.34                                 KURHFS 
