Pr II    4408.8       line list
  4404.930      27.0     2.628     -2.86                               KURNOHFS 
  4404.969   23.0051     1.852     -2.56                                 KURHFS 
  4404.969   23.0051     1.852     -2.75                                 KURHFS 
  4404.972   23.0051     0.275     -3.60                                 KURHFS 
  4404.973   23.0051     1.852     -2.53                                 KURHFS 
  4404.973   23.0051     1.852     -2.54                                 KURHFS 
  4404.973   23.0051     1.852     -2.75                                 KURHFS 
  4404.977   23.0051     0.275     -3.60                                 KURHFS 
  4404.978   23.0051     1.852     -2.41                                 KURHFS 
  4404.978   23.0051     1.852     -2.43                                 KURHFS 
  4404.978   23.0051     1.852     -2.53                                 KURHFS 
  4404.983   23.0051     0.275     -3.78                                 KURHFS 
  4404.984   23.0051     0.275     -3.90                                 KURHFS 
  4404.985   23.0051     1.852     -2.24                                 KURHFS 
  4404.985   23.0051     1.852     -2.39                                 KURHFS 
  4404.985   23.0051     1.852     -2.43                                 KURHFS 
  4404.990   23.0051     0.275     -3.44                                 KURHFS 
  4404.993   23.0051     1.852     -2.07                                 KURHFS 
  4404.993   23.0051     1.852     -2.39                                 KURHFS 
  4404.993   23.0051     1.852     -2.40                                 KURHFS 
  4404.997   23.0051     0.275     -4.03                                 KURHFS 
  4404.999   23.0051     0.275     -3.47                                 KURHFS 
  4405.003   23.0051     1.852     -1.91                                 KURHFS 
  4405.003   23.0051     1.852     -2.40                                 KURHFS 
  4405.003   23.0051     1.852     -2.48                                 KURHFS 
  4405.007   23.0051     0.275     -3.43                                 KURHFS 
  4405.015   23.0051     1.852     -1.76                                 KURHFS 
  4405.015   23.0051     1.852     -2.48                                 KURHFS 
  4405.015   23.0051     1.852     -2.69                                 KURHFS 
  4405.016   23.0051     0.275     -4.46                                 KURHFS 
  4405.019   23.0051     0.275     -3.18                                 KURHFS 
  4405.019      26.0     0.052     -5.22                                        
  4405.028   23.0051     0.275     -3.59                                 KURHFS 
  4405.028      42.0     2.521     -2.16                                        
  4405.029   23.0051     1.852     -1.63                                 KURHFS 
  4405.029   23.0051     1.852     -2.69                                 KURHFS 
  4405.043   23.0051     0.275     -2.97                                 KURHFS 
  4405.062      25.1     7.376     -4.94                                        
  4405.082      21.0     2.138     -2.56                               KURNOHFS 
  4405.192      56.1     6.196     -1.64                                        
  4405.198      26.0     4.648     -3.32                                        
  4405.210      20.0     5.817     -2.48                                        
  4405.270      63.1     2.089     -1.54                                        
  4405.287      24.0     2.706     -3.88                                        
  4405.293      58.1     0.634     -1.47                                 LAWLER 
  4405.355      26.1     7.700     -3.64                                        
  4405.402      26.0     3.926     -3.13                                        
  4405.468      58.1     0.634     -1.04                                 LAWLER 
  4405.490      22.0     2.776     -4.24                                        
  4405.640      62.1     0.434     -1.85                                 LAWLER 
  4405.682      22.0     1.052     -1.87                                        
  4405.701   59.1141     0.550     -2.29                                 IV/LAW 
  4405.701   59.1141     0.550     -2.31                                 LI/LAW 
  4405.726   59.1141     0.550     -0.99                                 IV/LAW 
  4405.726   59.1141     0.550     -1.01                                 LI/LAW 
  4405.727   59.1141     0.550     -2.08                                 IV/LAW 
  4405.727   59.1141     0.550     -2.11                                 LI/LAW 
  4405.728      25.0     3.768     -3.26                               KURNOHFS 
  4405.756   59.1141     0.550     -0.95                                 IV/LAW 
  4405.756   59.1141     0.550     -0.97                                 LI/LAW 
  4405.757   59.1141     0.550     -2.03                                 IV/LAW 
  4405.757   59.1141     0.550     -2.06                                 LI/LAW 
  4405.761      23.0     2.706     -2.68                               KURNOHFS 
  4405.767      23.0     2.579     -3.13                               KURNOHFS 
  4405.781   59.1141     0.550     -2.29                                 IV/LAW 
  4405.781   59.1141     0.550     -2.31                                 LI/LAW 
  4405.790   59.1141     0.550     -0.90                                 IV/LAW 
  4405.790   59.1141     0.550     -0.92                                 LI/LAW 
  4405.792   59.1141     0.550     -2.08                                 IV/LAW 
  4405.792   59.1141     0.550     -2.11                                 LI/LAW 
  4405.818      24.0     3.090     -2.99                                        
  4405.819   59.1141     0.550     -2.08                                 IV/LAW 
  4405.819   59.1141     0.550     -2.11                                 LI/LAW 
  4405.829   59.1141     0.550     -0.84                                 IV/LAW 
  4405.829   59.1141     0.550     -0.86                                 LI/LAW 
  4405.832   59.1141     0.550     -2.28                                 IV/LAW 
  4405.832   59.1141     0.550     -2.31                                 LI/LAW 
  4405.861   59.1141     0.550     -2.03                                 IV/LAW 
  4405.861   59.1141     0.550     -2.06                                 LI/LAW 
  4405.866   27.0059     3.949     -2.68                                 KURHFS 
  4405.866   27.0059     3.949     -3.52                                 KURHFS 
  4405.866   27.0059     3.949     -4.63                                 KURHFS 
  4405.872   59.1141     0.550     -0.78                                 IV/LAW 
  4405.872   59.1141     0.550     -0.80                                 LI/LAW 
  4405.873   27.0059     3.949     -2.82                                 KURHFS 
  4405.873   27.0059     3.949     -3.32                                 KURHFS 
  4405.873   27.0059     3.949     -4.22                                 KURHFS 
  4405.878   27.0059     3.949     -2.98                                 KURHFS 
  4405.878   27.0059     3.949     -3.27                                 KURHFS 
  4405.878   27.0059     3.949     -4.00                                 KURHFS 
  4405.883   27.0059     3.949     -3.18                                 KURHFS 
  4405.883   27.0059     3.949     -3.29                                 KURHFS 
  4405.883   27.0059     3.949     -3.88                                 KURHFS 
  4405.887   27.0059     3.949     -3.38                                 KURHFS 
  4405.887   27.0059     3.949     -3.44                                 KURHFS 
  4405.887   27.0059     3.949     -3.83                                 KURHFS 
  4405.889   27.0059     3.949     -3.57                                 KURHFS 
  4405.889   27.0059     3.949     -3.83                                 KURHFS 
  4405.889   27.0059     3.949     -3.85                                 KURHFS 
  4405.909   59.1141     0.550     -2.08                                 IV/LAW 
  4405.909   59.1141     0.550     -2.11                                 LI/LAW 
  4405.920   59.1141     0.550     -0.72                                 IV/LAW 
  4405.920   59.1141     0.550     -0.74                                 LI/LAW 
  4405.947      24.0     3.099     -3.33                                        
  4405.955      24.1     6.817     -4.48                                        
  4405.961   59.1141     0.550     -2.28                                 IV/LAW 
  4405.961   59.1141     0.550     -2.31                                 LI/LAW 
  4405.968      14.0     4.926     -3.91                                        
  4406.056      24.0     3.099     -3.10                                        
  4406.064   23.0051     1.063     -1.63                                 KURHFS 
  4406.064   23.0051     1.063     -2.47                                 KURHFS 
  4406.064   23.0051     1.063     -3.58                                 KURHFS 
  4406.069   23.0051     1.063     -1.77                                 KURHFS 
  4406.069   23.0051     1.063     -2.27                                 KURHFS 
  4406.069   23.0051     1.063     -3.17                                 KURHFS 
  4406.072      25.0     3.768     -3.56                               KURNOHFS 
  4406.074   23.0051     1.063     -1.94                                 KURHFS 
  4406.074   23.0051     1.063     -2.22                                 KURHFS 
  4406.074   23.0051     1.063     -2.95                                 KURHFS 
  4406.078   23.0051     1.063     -2.13                                 KURHFS 
  4406.078   23.0051     1.063     -2.24                                 KURHFS 
  4406.078   23.0051     1.063     -2.83                                 KURHFS 
  4406.080   23.0051     1.063     -2.33                                 KURHFS 
  4406.080   23.0051     1.063     -2.39                                 KURHFS 
  4406.080   23.0051     1.063     -2.78                                 KURHFS 
  4406.082   23.0051     1.063     -2.52                                 KURHFS 
  4406.082   23.0051     1.063     -2.78                                 KURHFS 
  4406.082   23.0051     1.063     -2.81                                 KURHFS 
  4406.082      25.0     3.769     -3.06                               KURNOHFS 
  4406.084      27.0     3.527     -2.84                               KURNOHFS 
  4406.122      26.0     3.926     -2.49                                        
  4406.126   23.0051     1.892     -1.72                                 KURHFS 
  4406.126   23.0051     1.892     -1.72                                 KURHFS 
  4406.126   23.0051     1.892     -2.02                                 KURHFS 
  4406.142   23.0051     1.892     -1.55                                 KURHFS 
  4406.142   23.0051     1.892     -1.58                                 KURHFS 
  4406.142   23.0051     1.892     -1.89                                 KURHFS 
  4406.163   23.0051     1.892     -1.29                                 KURHFS 
  4406.163   23.0051     1.892     -1.54                                 KURHFS 
  4406.163   23.0051     1.892     -2.14                                 KURHFS 
  4406.164      24.0     3.119     -4.02                                        
  4406.169      24.0     3.090     -2.09                                        
  4406.189   23.0051     1.892     -1.08                                 KURHFS 
  4406.189   23.0051     1.892     -1.71                                 KURHFS 
  4406.189   23.0051     1.892     -2.57                                 KURHFS 
  4406.231      23.1     1.792     -4.58                                        
  4406.269      24.0     3.085     -2.51                                        
  4406.359      24.0     5.235     -2.31                                        
  4406.460      75.0     2.020     -1.06                                        
  4406.500      26.0     4.217     -2.33                                        
  4406.532      41.0     0.739     -1.93                                        
  4406.582   23.0051     0.300     -1.83                                 KURHFS 
  4406.582   23.0051     0.300     -2.03                                 KURHFS 
  4406.588   23.0051     0.300     -1.80                                 KURHFS 
  4406.588   23.0051     0.300     -1.82                                 KURHFS 
  4406.588   23.0051     0.300     -2.03                                 KURHFS 
  4406.596   23.0051     0.300     -1.68                                 KURHFS 
  4406.596   23.0051     0.300     -1.70                                 KURHFS 
  4406.596   23.0051     0.300     -1.80                                 KURHFS 
  4406.606   23.0051     0.300     -1.51                                 KURHFS 
  4406.606   23.0051     0.300     -1.66                                 KURHFS 
  4406.606   23.0051     0.300     -1.70                                 KURHFS 
  4406.619   23.0051     0.300     -1.34                                 KURHFS 
  4406.619   23.0051     0.300     -1.66                                 KURHFS 
  4406.619   23.0051     0.300     -1.67                                 KURHFS 
  4406.635   23.0051     0.300     -1.18                                 KURHFS 
  4406.635   23.0051     0.300     -1.67                                 KURHFS 
  4406.635   23.0051     0.300     -1.75                                 KURHFS 
  4406.645      26.0     4.280     -4.09                                        
  4406.654   23.0051     0.300     -1.03                                 KURHFS 
  4406.654   23.0051     0.300     -1.75                                 KURHFS 
  4406.654   23.0051     0.300     -1.96                                 KURHFS 
  4406.660      64.1     1.424     -0.05                                 LAWLER 
  4406.675   23.0051     0.300     -0.90                                 KURHFS 
  4406.675   23.0051     0.300     -1.96                                 KURHFS 
  4406.676      25.0     3.370     -3.91                               KURNOHFS 
  4406.683      24.0     5.207     -0.30                                        
  4406.700      24.0     4.183     -3.96                                        
  4406.703      22.0     3.125     -4.17                                        
  4406.768      26.0     4.603     -2.36                                        
  4406.782      26.0     3.940     -2.53                                        
  4406.817      14.0     7.059     -4.24                                        
  4406.828      56.0     1.674     -0.83                                        
  4406.863      42.0     3.714     -0.68                                        
  4406.869      22.0     2.406     -1.42                                        
  4406.929      24.0     4.201     -2.77                                        
  4406.939      26.0     4.140     -4.25                                        
  4406.952      22.0     3.177     -1.65                                        
  4406.990      26.0     2.557     -4.09                                        
  4406.999   25.0055     2.886     -3.40                                 KURHFS 
  4407.004   25.0055     2.886     -3.54                                 KURHFS 
  4407.004   25.0055     2.886     -4.32                                 KURHFS 
  4407.008   25.0055     2.886     -3.70                                 KURHFS 
  4407.008   25.0055     2.886     -4.14                                 KURHFS 
  4407.008   25.0055     2.886     -5.54                                 KURHFS 
  4407.011   25.0055     2.886     -3.88                                 KURHFS 
  4407.011   25.0055     2.886     -4.12                                 KURHFS 
  4407.011   25.0055     2.886     -5.19                                 KURHFS 
  4407.013   25.0055     2.886     -4.11                                 KURHFS 
  4407.013   25.0055     2.886     -4.19                                 KURHFS 
  4407.013   25.0055     2.886     -5.06                                 KURHFS 
  4407.015   25.0055     2.886     -4.36                                 KURHFS 
  4407.015   25.0055     2.886     -4.39                                 KURHFS 
  4407.015   25.0055     2.886     -5.14                                 KURHFS 
  4407.019      24.0     3.889     -2.96                                        
  4407.068      23.1     1.475     -6.71                                        
  4407.070      60.1     0.064     -1.48                                        
  4407.234      26.0     3.600     -3.08                                        
  4407.257      25.0     3.769     -2.71                               KURNOHFS 
  4407.267      25.0     3.769     -3.06                               KURNOHFS 
  4407.272      58.1     0.700     -0.71                                 LAWLER 
  4407.354      20.0     5.960     -4.08                                        
  4407.417      28.0     4.150     -3.75                                        
  4407.436      24.0     5.222     -2.13                                        
  4407.447      21.0     2.144     -3.44                               KURNOHFS 
  4407.486      62.1     0.248     -2.17                                        
  4407.518   23.0051     1.080     -5.31                                 KURHFS 
  4407.525   23.0051     1.080     -5.45                                 KURHFS 
  4407.525   23.0051     1.080     -6.15                                 KURHFS 
  4407.532   23.0051     1.080     -5.62                                 KURHFS 
  4407.532   23.0051     1.080     -5.96                                 KURHFS 
  4407.532   23.0051     1.080     -7.26                                 KURHFS 
  4407.537   23.0051     1.080     -5.81                                 KURHFS 
  4407.537   23.0051     1.080     -5.90                                 KURHFS 
  4407.537   23.0051     1.080     -6.86                                 KURHFS 
  4407.541   23.0051     1.080     -5.92                                 KURHFS 
  4407.541   23.0051     1.080     -6.07                                 KURHFS 
  4407.541   23.0051     1.080     -6.63                                 KURHFS 
  4407.544   23.0051     1.080     -6.01                                 KURHFS 
  4407.544   23.0051     1.080     -6.46                                 KURHFS 
  4407.544   23.0051     1.080     -6.51                                 KURHFS 
  4407.546   23.0051     1.080     -6.20                                 KURHFS 
  4407.546   23.0051     1.080     -6.46                                 KURHFS 
  4407.547   23.0051     1.080     -6.49                                 KURHFS 
  4407.599   23.0051     0.286     -1.80                                 KURHFS 
  4407.601   23.0051     0.286     -1.52                                 KURHFS 
  4407.601   23.0051     0.286     -1.80                                 KURHFS 
  4407.601   23.0051     0.286     -2.82                                 KURHFS 
  4407.606   23.0051     0.286     -1.38                                 KURHFS 
  4407.606   23.0051     0.286     -1.52                                 KURHFS 
  4407.606   23.0051     0.286     -2.12                                 KURHFS 
  4407.613   23.0051     0.286     -1.31                                 KURHFS 
  4407.613   23.0051     0.286     -1.38                                 KURHFS 
  4407.613   23.0051     0.286     -1.67                                 KURHFS 
  4407.623   23.0051     0.286     -1.30                                 KURHFS 
  4407.623   23.0051     0.286     -1.31                                 KURHFS 
  4407.623   23.0051     0.286     -1.34                                 KURHFS 
  4407.636   23.0051     0.286     -1.08                                 KURHFS 
  4407.636   23.0051     0.286     -1.30                                 KURHFS 
  4407.636   23.0051     0.286     -1.37                                 KURHFS 
  4407.651   23.0051     0.286     -0.86                                 KURHFS 
  4407.651   23.0051     0.286     -1.37                                 KURHFS 
  4407.651   23.0051     0.286     -1.57                                 KURHFS 
  4407.657      26.0     3.015     -2.52                                        
  4407.668   23.0051     0.286     -0.67                                 KURHFS 
  4407.668   23.0051     0.286     -1.57                                 KURHFS 
  4407.678      22.1     1.220     -2.47                                        
  4407.709      26.0     2.174     -1.92                                        
  4407.711      24.0     3.009     -2.14                                        
  4407.781      24.0     3.090     -2.41                                        
  4407.873   23.0051     2.364     -3.58                                 KURHFS 
  4407.874   23.0051     2.364     -3.31                                 KURHFS 
  4407.874   23.0051     2.364     -3.58                                 KURHFS 
  4407.874   23.0051     2.364     -4.61                                 KURHFS 
  4407.875   23.0051     2.364     -3.17                                 KURHFS 
  4407.875   23.0051     2.364     -3.31                                 KURHFS 
  4407.875   23.0051     2.364     -3.91                                 KURHFS 
  4407.877   23.0051     2.364     -3.10                                 KURHFS 
  4407.877   23.0051     2.364     -3.17                                 KURHFS 
  4407.877   23.0051     2.364     -3.46                                 KURHFS 
  4407.879   23.0051     2.364     -3.09                                 KURHFS 
  4407.879   23.0051     2.364     -3.10                                 KURHFS 
  4407.879   23.0051     2.364     -3.13                                 KURHFS 
  4407.882   23.0051     2.364     -2.87                                 KURHFS 
  4407.882   23.0051     2.364     -3.09                                 KURHFS 
  4407.882   23.0051     2.364     -3.16                                 KURHFS 
  4407.886   23.0051     2.364     -2.65                                 KURHFS 
  4407.886   23.0051     2.364     -3.16                                 KURHFS 
  4407.886   23.0051     2.364     -3.36                                 KURHFS 
  4407.890   23.0051     2.364     -2.46                                 KURHFS 
  4407.890   23.0051     2.364     -3.36                                 KURHFS 
  4407.897      24.0     3.102     -7.45                                        
  4407.937       4.0     5.273     -1.58                                        
  4407.940      24.0     3.884     -2.65                                        
  4407.960      20.0     5.987     -5.86                                        
  4407.972      24.0     3.110     -5.02                                        
  4407.984      23.0     2.096     -2.99                               KURNOHFS 
  4408.015      22.0     2.101     -2.89                                        
  4408.040      66.1     0.590     -2.01                                 LAWLER 
  4408.085      25.0     4.602     -0.92                                        
  4408.124   23.0051     1.868     -1.40                                 KURHFS 
  4408.124   23.0051     1.868     -1.88                                 KURHFS 
  4408.157   27.0059     4.069     -6.06                                 KURHFS 
  4408.157   27.0059     4.069     -6.13                                 KURHFS 
  4408.157   27.0059     4.069     -6.76                                 KURHFS 
  4408.161   23.0051     1.868     -1.40                                 KURHFS 
  4408.161   23.0051     1.868     -1.55                                 KURHFS 
  4408.161   27.0059     4.069     -5.87                                 KURHFS 
  4408.161   27.0059     4.069     -5.87                                 KURHFS 
  4408.161   27.0059     4.069     -6.61                                 KURHFS 
  4408.166   23.0051     0.275     -1.38                                 KURHFS 
  4408.166   23.0051     0.275     -1.63                                 KURHFS 
  4408.167   27.0059     4.069     -5.66                                 KURHFS 
  4408.167   27.0059     4.069     -5.76                                 KURHFS 
  4408.167   27.0059     4.069     -6.61                                 KURHFS 
  4408.171   23.0051     0.275     -1.18                                 KURHFS 
  4408.171   23.0051     0.275     -1.38                                 KURHFS 
  4408.171   23.0051     0.275     -3.28                                 KURHFS 
  4408.176   27.0059     4.069     -5.49                                 KURHFS 
  4408.176   27.0059     4.069     -5.71                                 KURHFS 
  4408.176   27.0059     4.069     -6.70                                 KURHFS 
  4408.178   23.0051     0.275     -1.11                                 KURHFS 
  4408.178   23.0051     0.275     -1.18                                 KURHFS 
  4408.178   23.0051     0.275     -2.04                                 KURHFS 
  4408.186   27.0059     4.069     -5.34                                 KURHFS 
  4408.186   27.0059     4.069     -5.72                                 KURHFS 
  4408.186   27.0059     4.069     -6.91                                 KURHFS 
  4408.188   23.0051     0.275     -1.11                                 KURHFS 
  4408.188   23.0051     0.275     -1.14                                 KURHFS 
  4408.188   23.0051     0.275     -1.32                                 KURHFS 
  4408.198   27.0059     4.069     -5.22                                 KURHFS 
  4408.198   27.0059     4.069     -5.79                                 KURHFS 
  4408.198   27.0059     4.069     -7.30                                 KURHFS 
  4408.200   23.0051     0.275     -0.92                                 KURHFS 
  4408.200   23.0051     0.275     -1.14                                 KURHFS 
  4408.200   23.0051     0.275     -1.32                                 KURHFS 
  4408.211   27.0059     4.069     -5.10                                 KURHFS 
  4408.211   27.0059     4.069     -6.00                                 KURHFS 
  4408.215   23.0051     0.275     -0.63                                 KURHFS 
  4408.215   23.0051     0.275     -1.32                                 KURHFS 
  4408.225   27.0059     4.069     -5.00                                 KURHFS 
  4408.240      26.0     3.015     -3.99                                        
  4408.250      64.1     0.556     -0.75                                 LAWLER 
  4408.258      25.0     4.341     -1.54                                        
  4408.283      74.0     3.305      0.70                                        
  4408.304      27.1     3.137     -5.76                                        
  4408.343      26.0     4.188     -3.05                                        
  4408.414      26.0     2.196     -1.71                                        
  4408.442      25.0     3.769     -3.59                               KURNOHFS 
  4408.460      23.0     2.038     -3.57                               KURNOHFS 
  4408.473      23.1     3.970     -1.02                                        
  4408.486   23.0051     0.262     -0.77                                 KURHFS 
  4408.486   23.0051     0.262     -1.25                                 KURHFS 
  4408.495   23.0051     0.267     -1.16                                 KURHFS 
  4408.495   23.0051     0.267     -1.33                                 KURHFS 
  4408.498      20.0     4.776     -2.13                                        
  4408.498      24.0     3.885     -1.97                                        
  4408.502   23.0051     0.267     -1.03                                 KURHFS 
  4408.502   23.0051     0.267     -1.16                                 KURHFS 
  4408.505   23.0051     0.262     -0.77                                 KURHFS 
  4408.505   23.0051     0.262     -0.92                                 KURHFS 
  4408.513   23.0051     0.267     -1.03                                 KURHFS 
  4408.513   23.0051     0.267     -1.15                                 KURHFS 
  4408.513   23.0051     0.267     -1.35                                 KURHFS 
  4408.526   23.0051     0.267     -0.74                                 KURHFS 
  4408.526   23.0051     0.267     -1.15                                 KURHFS 
  4408.672      23.0     1.710     -2.12                               KURNOHFS 
  4408.685      27.0     4.107     -1.90                                        
  4408.721      26.0     4.635     -2.73                                        
  4408.732   59.1141     0.000     -0.44                                 IV/LAW 
  4408.732   59.1141     0.000     -0.56                                 LI/LAW 
  4408.759      22.1     5.688     -0.90                                        
  4408.770   59.1141     0.000     -1.61                                 IV/LAW 
  4408.770   59.1141     0.000     -1.73                                 LI/LAW 
  4408.780   59.1141     0.000     -0.53                                 IV/LAW 
  4408.780   59.1141     0.000     -0.66                                 LI/LAW 
  4408.786      25.0     3.769     -2.96                               KURNOHFS 
  4408.802   59.1141     0.000     -3.11                                 IV/LAW 
  4408.802   59.1141     0.000     -3.23                                 LI/LAW 
  4408.812      42.0     2.274     -2.57                                        
  4408.812   59.1141     0.000     -1.42                                 IV/LAW 
  4408.812   59.1141     0.000     -1.54                                 LI/LAW 
  4408.820   59.1141     0.000     -0.63                                 IV/LAW 
  4408.820   59.1141     0.000     -0.75                                 LI/LAW 
  4408.839   59.1141     0.000     -2.78                                 IV/LAW 
  4408.839   59.1141     0.000     -2.90                                 LI/LAW 
  4408.841      25.0     4.341     -3.29                                        
  4408.848   59.1141     0.000     -1.38                                 IV/LAW 
  4408.848   59.1141     0.000     -1.50                                 LI/LAW 
  4408.851      58.1     0.896     -0.96                                        
  4408.855   59.1141     0.000     -0.73                                 IV/LAW 
  4408.855   59.1141     0.000     -0.86                                 LI/LAW 
  4408.870   59.1141     0.000     -2.69                                 IV/LAW 
  4408.870   59.1141     0.000     -2.82                                 LI/LAW 
  4408.877   59.1141     0.000     -1.43                                 IV/LAW 
  4408.877   59.1141     0.000     -1.56                                 LI/LAW 
  4408.882   59.1141     0.000     -0.84                                 IV/LAW 
  4408.882   59.1141     0.000     -0.97                                 LI/LAW 
  4408.883      90.0     0.457     -1.18                                        
  4408.894      58.1     1.278     -0.86                                        
  4408.895   59.1141     0.000     -2.84                                 IV/LAW 
  4408.895   59.1141     0.000     -2.96                                 LI/LAW 
  4408.900   59.1141     0.000     -1.62                                 IV/LAW 
  4408.900   59.1141     0.000     -1.75                                 LI/LAW 
  4408.901      23.1     3.970     -1.05                                        
  4408.904   59.1141     0.000     -0.95                                 IV/LAW 
  4408.904   59.1141     0.000     -1.08                                 LI/LAW 
  4409.028      23.0     2.606     -4.98                               KURNOHFS 
  4409.089   23.0051     1.929     -7.22                                 KURHFS 
  4409.089   23.0051     1.929     -7.48                                 KURHFS 
  4409.089   23.0051     1.929     -7.51                                 KURHFS 
  4409.098   23.0051     1.929     -7.04                                 KURHFS 
  4409.098   23.0051     1.929     -7.09                                 KURHFS 
  4409.098   23.0051     1.929     -7.48                                 KURHFS 
  4409.111   23.0051     1.929     -6.83                                 KURHFS 
  4409.111   23.0051     1.929     -6.94                                 KURHFS 
  4409.111   23.0051     1.929     -7.53                                 KURHFS 
  4409.117      23.0     2.581     -4.41                               KURNOHFS 
  4409.119      26.0     3.298     -2.23                                        
  4409.126      22.0     2.316     -4.26                                        
  4409.128   23.0051     1.929     -6.64                                 KURHFS 
  4409.128   23.0051     1.929     -6.92                                 KURHFS 
  4409.128   23.0051     1.929     -7.65                                 KURHFS 
  4409.151   23.0051     1.929     -6.47                                 KURHFS 
  4409.151   23.0051     1.929     -6.98                                 KURHFS 
  4409.151   23.0051     1.929     -7.88                                 KURHFS 
  4409.177      22.0     2.470     -1.97                                        
  4409.177   23.0051     1.929     -6.33                                 KURHFS 
  4409.177   23.0051     1.929     -7.17                                 KURHFS 
  4409.177   23.0051     1.929     -8.29                                 KURHFS 
  4409.194      22.0     2.343     -4.25                                        
  4409.201      20.0     6.017     -1.94                                        
  4409.243      22.1     1.242     -2.64                                        
  4409.257      64.0     1.053      0.16                                        
  4409.339      68.0     0.000     -0.74                                        
  4409.340      28.0     4.161     -1.72                                        
  4409.340      62.1     0.333     -0.89                                 LAWLER 
  4409.380      66.1     0.000     -1.24                                 LAWLER 
  4409.441      42.0     3.161     -1.11                                        
  4409.480      65.1     0.796     -0.69                               LAWNOHFS 
  4409.516      22.1     1.230     -2.57                                        
  4409.518      28.0     4.150     -3.37                                        
  4409.539      24.0     5.213     -0.22                                        
  4409.564      26.0     4.280     -3.22                                        
  4409.680      60.1     0.204     -2.44                                 LAWLER 
  4409.698      39.0     1.355     -2.32                                        
  4409.858      23.0     2.073     -2.98                               KURNOHFS 
  4409.923      12.0     7.188     -2.00                                        
  4409.940      62.1     0.659     -2.46                                 LAWLER 
  4409.944      42.0     3.731     -0.28                                        
  4409.953      21.0     3.081     -1.58                               KURNOHFS 
  4409.992      22.1     4.906     -4.15                                        
  4410.006      27.0     3.729     -1.66                               KURNOHFS 
  4410.011      22.0     2.295     -4.34                                        
  4410.025      44.0     1.138     -0.38                                        
  4410.097      27.0     3.527     -2.06                               KURNOHFS 
  4410.119      23.0     2.053     -3.17                               KURNOHFS 
  4410.140   27.0059     4.061     -5.95                                 KURHFS 
  4410.140   27.0059     4.061     -6.20                                 KURHFS 
  4410.153   27.0059     4.061     -5.75                                 KURHFS 
  4410.153   27.0059     4.061     -5.95                                 KURHFS 
  4410.153   27.0059     4.061     -7.86                                 KURHFS 
  4410.164      22.0     3.152     -3.26                                        
  4410.174   27.0059     4.061     -5.68                                 KURHFS 
  4410.174   27.0059     4.061     -5.75                                 KURHFS 
  4410.174   27.0059     4.061     -6.61                                 KURHFS 
  4410.200      20.0     6.017     -3.03                                        
  4410.201   27.0059     4.061     -5.68                                 KURHFS 
  4410.201   27.0059     4.061     -5.72                                 KURHFS 
  4410.201   27.0059     4.061     -5.90                                 KURHFS 
  4410.210      41.0     0.619     -0.66                                        
  4410.235   27.0059     4.061     -5.49                                 KURHFS 
  4410.235   27.0059     4.061     -5.72                                 KURHFS 
  4410.235   27.0059     4.061     -5.90                                 KURHFS 
  4410.256   27.0059     3.927     -6.00                                 KURHFS 
  4410.257      20.0     6.017     -2.77                                        
  4410.262   27.0059     3.927     -5.88                                 KURHFS 
  4410.262   27.0059     3.927     -6.45                                 KURHFS 
  4410.269      24.0     3.886     -2.53                                        
  4410.272   27.0059     3.927     -5.76                                 KURHFS 
  4410.272   27.0059     3.927     -6.24                                 KURHFS 
  4410.272   27.0059     3.927     -7.45                                 KURHFS 
  4410.275   27.0059     4.061     -5.20                                 KURHFS 
  4410.275   27.0059     4.061     -5.90                                 KURHFS 
  4410.284   27.0059     3.927     -5.65                                 KURHFS 
  4410.284   27.0059     3.927     -6.14                                 KURHFS 
  4410.284   27.0059     3.927     -7.25                                 KURHFS 
  4410.297      24.0     3.011     -1.01                                        
  4410.300   27.0059     3.927     -5.55                                 KURHFS 
  4410.300   27.0059     3.927     -6.11                                 KURHFS 
  4410.300   27.0059     3.927     -7.22                                 KURHFS 
  4410.319   27.0059     3.927     -5.45                                 KURHFS 
  4410.319   27.0059     3.927     -6.12                                 KURHFS 
  4410.319   27.0059     3.927     -7.30                                 KURHFS 
  4410.342   27.0059     3.927     -5.36                                 KURHFS 
  4410.342   27.0059     3.927     -6.21                                 KURHFS 
  4410.342   27.0059     3.927     -7.49                                 KURHFS 
  4410.368   27.0059     3.927     -5.28                                 KURHFS 
  4410.368   27.0059     3.927     -6.42                                 KURHFS 
  4410.368   27.0059     3.927     -7.88                                 KURHFS 
  4410.419      24.0     3.419     -4.20                                        
  4410.488      90.1     2.140     -0.86                                        
  4410.496      25.0     4.317     -1.90                                        
  4410.500      23.0     1.711     -4.78                               KURNOHFS 
  4410.512      28.0     3.304     -1.08                                        
  4410.552      26.0     4.280     -3.47                                        
  4410.637      58.1     1.347      0.21                                        
  4410.745      22.0     2.394     -1.87                                        
  4410.751      58.1     0.739     -0.69                                BIEMONT 
  4410.762      58.1     0.924     -0.21                                        
  4410.843      20.0     4.128     -2.45                                        
  4410.961      24.0     2.980     -1.22                                        
