Gd II    4130.4       line list
  4127.057      24.1     5.666     -1.77                                        
  4127.086      22.0     1.459     -0.56                                        
  4127.099      58.1     0.736     -1.14                                 LAWLER 
  4127.252      24.0     2.543     -2.95                                        
  4127.261      63.0     1.992      0.28                                        
  4127.296      24.0     4.102      0.01                                        
  4127.364      58.1     0.683      0.31                                 LAWLER 
  4127.365   23.0051     2.377     -4.88                                 KURHFS 
  4127.365   23.0051     2.377     -5.51                                 KURHFS 
  4127.365   23.0051     2.377     -6.38                                 KURHFS 
  4127.372   23.0051     2.377     -5.10                                 KURHFS 
  4127.372   23.0051     2.377     -5.35                                 KURHFS 
  4127.372   23.0051     2.377     -5.95                                 KURHFS 
  4127.377   23.0051     2.377     -5.36                                 KURHFS 
  4127.377   23.0051     2.377     -5.38                                 KURHFS 
  4127.377   23.0051     2.377     -5.70                                 KURHFS 
  4127.381   23.0051     2.377     -5.52                                 KURHFS 
  4127.381   23.0051     2.377     -5.52                                 KURHFS 
  4127.381   23.0051     2.377     -5.82                                 KURHFS 
  4127.435      44.0     0.259     -1.76                                        
  4127.439      28.0     4.263     -1.49                                        
  4127.455      41.0     2.096     -0.07                                        
  4127.489      26.0     3.271     -6.54                                        
  4127.531      22.0     2.693     -1.05                                        
  4127.608      26.0     2.856     -0.99                                        
  4127.635      24.0     2.708     -3.50                                        
  4127.701      23.0     1.941     -1.19                               KURNOHFS 
  4127.704      64.1     1.583     -0.71                                        
  4127.737      26.0     4.442     -4.07                                        
  4127.748      24.0     4.529     -3.21                                        
  4127.748      58.1     0.559     -0.34                                 LAWLER 
  4127.785      26.0     3.281     -1.30                                        
  4127.789      72.1     1.779     -0.66                                        
  4127.793      25.0     4.357     -2.12                                        
  4127.813      26.0     3.412     -1.28                                        
  4127.871      44.0     1.732     -0.91                                        
  4127.880      73.0     0.491     -1.85                                        
  4127.886      26.0     3.692     -4.69                                        
  4127.922      77.0     1.727     -1.99                                        
  4127.943      26.0     4.368     -2.21                                        
  4127.970      40.0     0.519     -1.49                                        
  4128.036      22.0     2.266     -6.70                                        
  4128.052   23.0051     0.275     -1.31                                 KURHFS 
  4128.056   23.0051     0.275     -1.31                                 KURHFS 
  4128.056   23.0051     0.275     -1.48                                 KURHFS 
  4128.061      58.1     0.445     -0.62                                 LAWLER 
  4128.063   23.0051     0.275     -1.14                                 KURHFS 
  4128.063   23.0051     0.275     -1.61                                 KURHFS 
  4128.063   23.0051     0.275     -1.73                                 KURHFS 
  4128.071   23.0051     0.275     -1.14                                 KURHFS 
  4128.071   23.0051     0.275     -1.17                                 KURHFS 
  4128.071   23.0051     0.275     -2.16                                 KURHFS 
  4128.082   23.0051     0.275     -0.89                                 KURHFS 
  4128.082   23.0051     0.275     -1.30                                 KURHFS 
  4128.094   23.0051     0.275     -0.67                                 KURHFS 
  4128.100      24.0     2.706     -2.85                                        
  4128.110      62.1     0.104     -2.35                                 LAWLER 
  4128.118      25.0     4.255     -0.71                                        
  4128.120      60.1     0.559     -1.41                                 LAWLER 
  4128.129      25.1     1.775     -2.86                                        
  4128.135      23.0     3.275     -4.60                               KURNOHFS 
  4128.219      22.0     2.173     -4.35                                        
  4128.226      23.1     2.898     -3.53                                        
  4128.240      66.1     0.930     -0.79                                 LAWLER 
  4128.282      42.0     2.075     -1.42                                        
  4128.299      39.0     0.066      0.38                                        
  4128.325      25.0     4.341     -1.06                                        
  4128.334      92.1     0.548     -0.80                                        
  4128.360      14.0     4.129     -4.64                                        
  4128.360      58.1     0.932     -0.28                                 LAWLER 
  4128.380      64.1     0.382     -2.10                                 LAWLER 
  4128.383      25.1     5.393     -4.30                                        
  4128.409      24.0     4.096     -0.17                                        
  4128.466      26.0     4.280     -3.86                                        
  4128.467      24.0     3.011     -2.45                                        
  4128.514      22.0     2.406     -5.81                                        
  4128.539      26.0     3.692     -5.70                                        
  4128.587      24.0     4.102     -1.45                                        
  4128.615      25.1     5.414     -4.51                                        
  4128.708      60.1     0.680     -0.92                                        
  4128.748      26.1     2.581     -3.77                                        
  4128.850      23.0     1.941     -0.32                               KURNOHFS 
  4128.868      24.0     4.204     -4.11                                        
  4128.874      25.1     1.808     -5.55                                        
  4128.886      45.0     0.965     -0.45                                        
  4128.957      76.0     0.515     -2.35                                        
  4128.971      22.0     2.091     -5.86                                        
  4128.973      24.0     4.204     -2.60                                        
  4129.118      66.0     1.354      0.67                                        
  4129.125      26.0     4.100     -3.40                                        
  4129.147      59.1     1.038     -0.01                                        
  4129.159      22.1     1.891     -1.40                                        
  4129.159      24.0     3.011     -1.95                                        
  4129.166      22.0     2.316     -0.23                                        
  4129.174      58.1     0.740     -0.78                                 LAWLER 
  4129.184      24.0     2.911     -1.37                                        
  4129.194      26.0     3.414     -2.03                                        
  4129.220      62.1     0.248     -1.40                                        
  4129.420      66.1     0.540     -0.61                                 LAWLER 
  4129.426      41.0     0.086     -0.78                                        
  4129.442      73.0     0.249     -1.60                                        
  4129.460      26.0     3.394     -1.97                                        
  4129.524      26.0     4.412     -4.10                                        
  4129.597   63.1151     0.000     -1.51                                 LAWLER 
  4129.600   63.1151     0.000     -1.03                                 LAWLER 
  4129.614   63.1151     0.000     -1.32                                 LAWLER 
  4129.618   63.1151     0.000     -0.98                                 LAWLER 
  4129.622   63.1151     0.000     -1.51                                 LAWLER 
  4129.639   63.1151     0.000     -1.26                                 LAWLER 
  4129.643      22.0     2.238     -1.99                                        
  4129.644   63.1151     0.000     -0.85                                 LAWLER 
  4129.649   63.1151     0.000     -1.32                                 LAWLER 
  4129.657      22.0     2.776     -2.30                                        
  4129.672   63.1151     0.000     -1.29                                 LAWLER 
  4129.677   63.1153     0.000     -1.51                                 LAWLER 
  4129.678   63.1151     0.000     -0.70                                 LAWLER 
  4129.680   63.1153     0.000     -1.03                                 LAWLER 
  4129.684   63.1151     0.000     -1.26                                 LAWLER 
  4129.684   63.1153     0.000     -1.32                                 LAWLER 
  4129.687   63.1153     0.000     -0.98                                 LAWLER 
  4129.690   63.1153     0.000     -1.51                                 LAWLER 
  4129.692      26.0     3.249     -6.31                                        
  4129.694   63.1153     0.000     -1.26                                 LAWLER 
  4129.697   63.1153     0.000     -0.85                                 LAWLER 
  4129.701   63.1153     0.000     -1.32                                 LAWLER 
  4129.709   63.1153     0.000     -1.29                                 LAWLER 
  4129.712   63.1153     0.000     -0.70                                 LAWLER 
  4129.713   63.1151     0.000     -1.48                                 LAWLER 
  4129.715   63.1153     0.000     -1.26                                 LAWLER 
  4129.720   63.1151     0.000     -0.55                                 LAWLER 
  4129.724      22.0     2.425     -5.58                                        
  4129.726   63.1151     0.000     -1.29                                 LAWLER 
  4129.730   63.1153     0.000     -0.55                                 LAWLER 
  4129.730   63.1153     0.000     -1.48                                 LAWLER 
  4129.733   63.1153     0.000     -1.29                                 LAWLER 
  4129.755   63.1153     0.000     -0.40                                 LAWLER 
  4129.756   63.1153     0.000     -1.48                                 LAWLER 
  4129.770   63.1151     0.000     -0.40                                 LAWLER 
  4129.777   63.1151     0.000     -1.48                                 LAWLER 
  4129.806   27.0059     3.809     -2.59                                 KURHFS 
  4129.806   27.0059     3.809     -2.61                                 KURHFS 
  4129.806   27.0059     3.809     -2.74                                 KURHFS 
  4129.825   27.0059     3.809     -2.27                                 KURHFS 
  4129.825   27.0059     3.809     -2.59                                 KURHFS 
  4129.825   27.0059     3.809     -3.07                                 KURHFS 
  4129.837      60.1     2.023      0.18                                        
  4129.960   23.0051     2.255     -3.29                                 KURHFS 
  4129.960   23.0051     2.255     -3.54                                 KURHFS 
  4129.960   23.0051     2.255     -3.58                                 KURHFS 
  4129.966   23.0051     2.255     -3.10                                 KURHFS 
  4129.966   23.0051     2.255     -3.16                                 KURHFS 
  4129.966   23.0051     2.255     -3.54                                 KURHFS 
  4129.975   23.0051     2.255     -2.90                                 KURHFS 
  4129.975   23.0051     2.255     -3.01                                 KURHFS 
  4129.975   23.0051     2.255     -3.60                                 KURHFS 
  4129.977      62.0     0.036     -2.14                                        
  4129.988   23.0051     2.255     -2.70                                 KURHFS 
  4129.988   23.0051     2.255     -2.99                                 KURHFS 
  4129.988   23.0051     2.255     -3.72                                 KURHFS 
  4130.003   23.0051     2.255     -2.54                                 KURHFS 
  4130.003   23.0051     2.255     -3.04                                 KURHFS 
  4130.003   23.0051     2.255     -3.94                                 KURHFS 
  4130.010      26.0     4.368     -3.97                                        
  4130.021   23.0051     2.255     -2.40                                 KURHFS 
  4130.021   23.0051     2.255     -3.24                                 KURHFS 
  4130.021   23.0051     2.255     -4.35                                 KURHFS 
  4130.036      26.0     3.109     -2.77                                        
  4130.037      26.0     1.556     -4.51                                        
  4130.061      24.0     2.911     -1.97                                        
  4130.080      26.0     3.692     -3.94                                        
  4130.112      20.0     5.957     -4.53                                        
  4130.129   23.0051     1.217     -4.35                                 KURHFS 
  4130.130   23.0051     1.217     -4.35                                 KURHFS 
  4130.130   23.0051     1.217     -4.52                                 KURHFS 
  4130.132   23.0051     1.217     -4.18                                 KURHFS 
  4130.132   23.0051     1.217     -4.65                                 KURHFS 
  4130.132   23.0051     1.217     -4.77                                 KURHFS 
  4130.135   23.0051     1.217     -4.17                                 KURHFS 
  4130.135   23.0051     1.217     -4.21                                 KURHFS 
  4130.135   23.0051     1.217     -5.20                                 KURHFS 
  4130.138   23.0051     1.217     -3.92                                 KURHFS 
  4130.138   23.0051     1.217     -4.33                                 KURHFS 
  4130.142   23.0051     1.217     -3.71                                 KURHFS 
  4130.245   25.0055     2.918     -3.89                                 KURHFS 
  4130.245   25.0055     2.918     -4.67                                 KURHFS 
  4130.248   25.0055     2.918     -4.15                                 KURHFS 
  4130.248   25.0055     2.918     -4.51                                 KURHFS 
  4130.248   25.0055     2.918     -4.67                                 KURHFS 
  4130.250   25.0055     2.918     -4.49                                 KURHFS 
  4130.250   25.0055     2.918     -4.50                                 KURHFS 
  4130.250   25.0055     2.918     -4.51                                 KURHFS 
  4130.252   25.0055     2.918     -4.50                                 KURHFS 
  4130.252   25.0055     2.918     -4.60                                 KURHFS 
  4130.252   25.0055     2.918     -4.93                                 KURHFS 
  4130.253   25.0055     2.918     -4.60                                 KURHFS 
  4130.253   25.0055     2.918     -4.87                                 KURHFS 
  4130.253   25.0055     2.918     -4.87                                 KURHFS 
  4130.253   25.0055     2.918     -5.63                                 KURHFS 
  4130.292      24.0     3.110     -3.22                                        
  4130.312   23.0051     2.267     -2.41                                 KURHFS 
  4130.315   23.0051     2.267     -2.15                                 KURHFS 
  4130.315   23.0051     2.267     -2.35                                 KURHFS 
  4130.320   23.0051     2.267     -1.95                                 KURHFS 
  4130.320   23.0051     2.267     -2.15                                 KURHFS 
  4130.320   23.0051     2.267     -3.04                                 KURHFS 
  4130.329   23.0051     2.267     -1.78                                 KURHFS 
  4130.329   23.0051     2.267     -2.04                                 KURHFS 
  4130.329   23.0051     2.267     -2.89                                 KURHFS 
  4130.340      90.0     1.919      0.18                                        
  4130.341   23.0051     2.267     -1.63                                 KURHFS 
  4130.341   23.0051     2.267     -2.00                                 KURHFS 
  4130.341   23.0051     2.267     -2.89                                 KURHFS 
  4130.351      66.0     0.000     -1.10                                        
  4130.356   23.0051     2.267     -1.50                                 KURHFS 
  4130.356   23.0051     2.267     -2.00                                 KURHFS 
  4130.356   23.0051     2.267     -2.99                                 KURHFS 
  4130.366      64.1     0.731      0.14                                        
  4130.373   23.0051     2.267     -1.39                                 KURHFS 
  4130.373   23.0051     2.267     -2.08                                 KURHFS 
  4130.373   23.0051     2.267     -3.19                                 KURHFS 
  4130.394   23.0051     2.267     -1.28                                 KURHFS 
  4130.394   23.0051     2.267     -2.29                                 KURHFS 
  4130.394   23.0051     2.267     -3.59                                 KURHFS 
  4130.395      26.0     4.412     -2.93                                        
  4130.458      24.0     2.911     -2.75                                        
  4130.494   27.0059     0.513     -2.92                                 KURHFS 
  4130.504   27.0059     0.513     -3.03                                 KURHFS 
  4130.514   27.0059     0.513     -3.14                                 KURHFS 
  4130.518      28.0     3.655     -2.70                                        
  4130.522   27.0059     0.513     -3.27                                 KURHFS 
  4130.530   27.0059     0.513     -3.42                                 KURHFS 
  4130.531   27.0059     0.513     -3.93                                 KURHFS 
  4130.536   27.0059     0.513     -3.72                                 KURHFS 
  4130.537   27.0059     0.513     -3.59                                 KURHFS 
  4130.541   27.0059     0.513     -3.65                                 KURHFS 
  4130.543   27.0059     0.513     -3.79                                 KURHFS 
  4130.545   27.0059     0.513     -3.64                                 KURHFS 
  4130.549   27.0059     0.513     -3.69                                 KURHFS 
  4130.549   27.0059     0.513     -4.06                                 KURHFS 
  4130.551   27.0059     0.513     -3.79                                 KURHFS 
  4130.552   27.0059     0.513     -3.99                                 KURHFS 
  4130.560   27.0059     0.513     -4.69                                 KURHFS 
  4130.562   27.0059     0.513     -4.53                                 KURHFS 
  4130.563   27.0059     0.513     -5.23                                 KURHFS 
  4130.564   27.0059     0.513     -4.53                                 KURHFS 
  4130.564   27.0059     0.513     -4.63                                 KURHFS 
  4130.564   27.0059     0.513     -4.83                                 KURHFS 
  4130.645      56.1     2.720      0.68                                        
  4130.705      58.1     0.560     -0.20                                 LAWLER 
  4130.715      60.1     1.490     -0.35                                        
  4130.730   27.0059     3.684     -3.96                                 KURHFS 
  4130.730   27.0059     3.684     -4.80                                 KURHFS 
  4130.730   27.0059     3.684     -5.92                                 KURHFS 
  4130.785   27.0059     3.684     -4.10                                 KURHFS 
  4130.785   27.0059     3.684     -4.61                                 KURHFS 
  4130.785   27.0059     3.684     -5.50                                 KURHFS 
  4130.831   27.0059     3.684     -4.27                                 KURHFS 
  4130.831   27.0059     3.684     -4.55                                 KURHFS 
  4130.831   27.0059     3.684     -5.28                                 KURHFS 
  4130.867   27.0059     3.684     -4.46                                 KURHFS 
  4130.867   27.0059     3.684     -4.57                                 KURHFS 
  4130.867   27.0059     3.684     -5.16                                 KURHFS 
  4130.868      58.1     0.739     -0.44                                BIEMONT 
  4130.885      27.1     3.116     -3.72                                        
  4130.895   27.0059     3.684     -4.66                                 KURHFS 
  4130.895   27.0059     3.684     -4.72                                 KURHFS 
  4130.895   27.0059     3.684     -5.11                                 KURHFS 
  4130.913   27.0059     3.684     -4.85                                 KURHFS 
  4130.913   27.0059     3.684     -5.11                                 KURHFS 
  4130.913   27.0059     3.684     -5.14                                 KURHFS 
  4130.930      20.0     5.923     -5.13                                        
  4130.934      20.0     5.827     -4.77                                        
  4131.002      90.0     0.966     -0.46                                        
  4131.030      66.1     1.460     -0.76                                 LAWLER 
  4131.094      58.1     1.089     -0.32                                BIEMONT 
  4131.096      58.1     0.327     -0.53                                BIEMONT 
  4131.102      25.0     4.229      0.10                                        
  4131.146   23.0051     0.267     -3.90                                 KURHFS 
  4131.146   23.0051     0.267     -3.90                                 KURHFS 
  4131.146   23.0051     0.267     -4.21                                 KURHFS 
  4131.153   23.0051     0.267     -3.74                                 KURHFS 
  4131.153   23.0051     0.267     -3.77                                 KURHFS 
  4131.153   23.0051     0.267     -4.08                                 KURHFS 
  4131.160      28.0     4.161     -1.44                                        
  4131.162   23.0051     0.267     -3.48                                 KURHFS 
  4131.162   23.0051     0.267     -3.73                                 KURHFS 
  4131.162   23.0051     0.267     -4.33                                 KURHFS 
  4131.165      26.1     5.952     -4.16                                        
  4131.174   23.0051     0.267     -3.27                                 KURHFS 
  4131.174   23.0051     0.267     -3.89                                 KURHFS 
  4131.174   23.0051     0.267     -4.76                                 KURHFS 
  4131.248      22.0     2.295     -0.61                                        
  4131.329      22.0     2.229     -2.60                                        
  4131.357      24.0     3.842     -2.29                                        
  4131.420      20.0     5.581     -4.43                                        
  4131.427      90.1     1.038     -1.25                                        
  4131.473      64.1     1.405     -0.10                                        
  4131.484      25.0     3.376     -1.80                               KURNOHFS 
  4131.506      68.0     0.862      0.56                                        
  4131.519      41.0     1.504     -0.66                                        
  4131.580      20.0     5.828     -3.32                                        
  4131.650      20.0     5.581     -3.39                                        
  4131.746      26.0     4.214     -1.85                                        
  4131.786   23.0051     1.944     -2.23                                 KURHFS 
  4131.789   23.0051     1.944     -2.23                                 KURHFS 
  4131.789   23.0051     1.944     -2.41                                 KURHFS 
  4131.795   23.0051     1.944     -2.07                                 KURHFS 
  4131.795   23.0051     1.944     -2.53                                 KURHFS 
  4131.795   23.0051     1.944     -2.66                                 KURHFS 
  4131.802   23.0051     1.944     -2.06                                 KURHFS 
  4131.802   23.0051     1.944     -2.10                                 KURHFS 
  4131.802   23.0051     1.944     -3.09                                 KURHFS 
  4131.809      23.1     4.700     -2.86                                        
  4131.810   23.0051     1.944     -1.81                                 KURHFS 
  4131.810   23.0051     1.944     -2.22                                 KURHFS 
  4131.814      25.0     4.357     -1.91                                        
  4131.821   23.0051     1.944     -1.60                                 KURHFS 
  4131.855      58.1     0.811     -1.31                                        
  4131.917      42.0     3.154     -0.36                                        
  4131.935      26.0     3.414     -1.40                                        
  4131.959   23.0051     0.286     -1.88                                 KURHFS 
  4131.961   23.0051     0.286     -1.59                                 KURHFS 
  4131.961   23.0051     0.286     -1.85                                 KURHFS 
  4131.966   23.0051     0.286     -1.40                                 KURHFS 
  4131.966   23.0051     0.286     -1.85                                 KURHFS 
  4131.966   23.0051     0.286     -1.90                                 KURHFS 
  4131.971      26.0     3.263     -1.45                                        
  4131.972   23.0051     0.286     -1.31                                 KURHFS 
  4131.972   23.0051     0.286     -1.46                                 KURHFS 
  4131.972   23.0051     0.286     -2.02                                 KURHFS 
  4131.981   23.0051     0.286     -1.20                                 KURHFS 
  4131.981   23.0051     0.286     -1.29                                 KURHFS 
  4131.981   23.0051     0.286     -2.24                                 KURHFS 
  4131.986      20.0     5.923     -2.48                                        
  4131.989   23.0051     1.217     -3.79                                 KURHFS 
  4131.991   23.0051     1.217     -3.79                                 KURHFS 
  4131.991   23.0051     1.217     -3.96                                 KURHFS 
  4131.992   23.0051     0.286     -1.00                                 KURHFS 
  4131.992   23.0051     0.286     -1.34                                 KURHFS 
  4131.992   23.0051     0.286     -2.65                                 KURHFS 
  4131.993   23.0051     1.217     -3.62                                 KURHFS 
  4131.993   23.0051     1.217     -4.09                                 KURHFS 
  4131.993   23.0051     1.217     -4.21                                 KURHFS 
  4131.995   23.0051     1.217     -3.62                                 KURHFS 
  4131.995   23.0051     1.217     -3.65                                 KURHFS 
  4131.995   23.0051     1.217     -4.64                                 KURHFS 
  4131.998   23.0051     1.217     -3.37                                 KURHFS 
  4131.998   23.0051     1.217     -3.78                                 KURHFS 
  4132.002   23.0051     1.217     -3.15                                 KURHFS 
  4132.005   23.0051     0.286     -0.84                                 KURHFS 
  4132.005   23.0051     0.286     -1.54                                 KURHFS 
  4132.010      92.0     0.530     -0.39                                        
  4132.020   23.0051     0.286     -0.70                                 KURHFS 
  4132.026      42.0     2.913     -1.39                                        
  4132.058      26.0     1.607     -0.65                                        
  4132.072   27.0059     1.048     -4.22                                 KURHFS 
  4132.072   27.0059     1.048     -4.47                                 KURHFS 
  4132.085   27.0059     1.048     -4.02                                 KURHFS 
  4132.085   27.0059     1.048     -4.22                                 KURHFS 
  4132.085   27.0059     1.048     -6.12                                 KURHFS 
  4132.104   27.0059     1.048     -3.95                                 KURHFS 
  4132.104   27.0059     1.048     -4.02                                 KURHFS 
  4132.104   27.0059     1.048     -4.88                                 KURHFS 
  4132.130   27.0059     1.048     -3.95                                 KURHFS 
  4132.130   27.0059     1.048     -3.98                                 KURHFS 
  4132.130   27.0059     1.048     -4.16                                 KURHFS 
  4132.142   27.0059     3.565     -4.55                                 KURHFS 
  4132.146   27.0059     3.565     -4.27                                 KURHFS 
  4132.146   27.0059     3.565     -4.52                                 KURHFS 
  4132.154   27.0059     3.565     -4.08                                 KURHFS 
  4132.154   27.0059     3.565     -4.52                                 KURHFS 
  4132.154   27.0059     3.565     -4.57                                 KURHFS 
  4132.159      24.0     3.077     -1.98                                        
  4132.161   27.0059     1.048     -3.76                                 KURHFS 
  4132.161   27.0059     1.048     -3.98                                 KURHFS 
  4132.161   27.0059     1.048     -4.17                                 KURHFS 
  4132.165   27.0059     3.565     -3.99                                 KURHFS 
  4132.165   27.0059     3.565     -4.13                                 KURHFS 
  4132.165   27.0059     3.565     -4.70                                 KURHFS 
  4132.169       3.0     1.846     -6.12                                        
  4132.180   27.0059     3.565     -3.88                                 KURHFS 
  4132.180   27.0059     3.565     -3.96                                 KURHFS 
  4132.180   27.0059     3.565     -4.92                                 KURHFS 
  4132.193      59.1     0.204     -1.00                                        
  4132.199   27.0059     1.048     -3.47                                 KURHFS 
  4132.199   27.0059     1.048     -4.17                                 KURHFS 
  4132.199   27.0059     3.565     -3.68                                 KURHFS 
  4132.199   27.0059     3.565     -4.02                                 KURHFS 
  4132.199   27.0059     3.565     -5.33                                 KURHFS 
  4132.207      74.0     2.456     -0.54                                        
  4132.217      24.0     3.119     -2.90                                        
  4132.221   27.0059     3.565     -3.52                                 KURHFS 
  4132.221   27.0059     3.565     -4.21                                 KURHFS 
  4132.232      42.0     2.258     -1.52                                        
  4132.248   27.0059     3.565     -3.38                                 KURHFS 
  4132.260      64.1     0.601     -0.15                                 LAWLER 
  4132.301      25.0     5.516     -0.41                                        
  4132.315      58.1     0.708     -0.68                                 LAWLER 
  4132.353      26.0     3.684     -3.73                                        
  4132.419      24.1     3.755     -2.35                                        
  4132.423      56.0     0.000     -2.00                                        
  4132.487      23.0     2.682     -3.76                               KURNOHFS 
  4132.491      22.0     2.287     -3.00                                        
  4132.525      20.0     2.930     -1.58                                        
  4132.533      26.0     4.253     -0.73                                        
  4132.550      22.0     2.693     -0.91                                        
  4132.550      60.1     0.471     -1.09                                 LAWLER 
  4132.562       3.0     1.846     -1.04                                        
  4132.618       3.0     1.846     -0.78                                        
  4132.619       3.0     1.846     -1.74                                        
  4132.626      58.1     0.822     -0.74                                 LAWLER 
  4132.652      26.0     4.073     -3.90                                        
  4132.692      69.1     2.419     -0.13                                        
  4132.711      26.0     4.151     -1.93                                        
  4132.721      68.1     0.891     -2.32                                 LAWLER 
  4132.753      90.1     1.203     -0.60                                        
  4132.840      66.1     1.650     -0.81                                 LAWLER 
  4132.866   23.0051     1.063     -3.67                                 KURHFS 
  4132.871   23.0051     1.063     -3.88                                 KURHFS 
  4132.871   23.0051     1.063     -4.29                                 KURHFS 
  4132.875   23.0051     1.063     -4.13                                 KURHFS 
  4132.875   23.0051     1.063     -4.17                                 KURHFS 
  4132.875   23.0051     1.063     -5.16                                 KURHFS 
  4132.878   23.0051     1.063     -4.14                                 KURHFS 
  4132.878   23.0051     1.063     -4.61                                 KURHFS 
  4132.878   23.0051     1.063     -4.73                                 KURHFS 
  4132.881   23.0051     1.063     -4.30                                 KURHFS 
  4132.881   23.0051     1.063     -4.48                                 KURHFS 
  4132.882   23.0051     1.063     -4.30                                 KURHFS 
  4132.899      26.0     2.843     -0.92                                        
  4132.943      26.0     1.607     -5.31                                        
  4133.048   23.0051     1.868     -4.22                                 KURHFS 
  4133.048   23.0051     1.868     -4.24                                 KURHFS 
  4133.048   23.0051     1.868     -4.37                                 KURHFS 
  4133.066   23.0051     2.364     -5.93                                 KURHFS 
  4133.067   23.0051     2.364     -5.66                                 KURHFS 
  4133.067   23.0051     2.364     -5.86                                 KURHFS 
  4133.068   23.0051     2.364     -5.46                                 KURHFS 
  4133.068   23.0051     2.364     -5.66                                 KURHFS 
  4133.068   23.0051     2.364     -6.56                                 KURHFS 
  4133.069   23.0051     2.364     -5.29                                 KURHFS 
  4133.069   23.0051     2.364     -5.56                                 KURHFS 
  4133.069   23.0051     2.364     -6.40                                 KURHFS 
  4133.072   23.0051     2.364     -5.14                                 KURHFS 
  4133.072   23.0051     2.364     -5.51                                 KURHFS 
  4133.072   23.0051     2.364     -6.40                                 KURHFS 
  4133.074   23.0051     2.364     -5.01                                 KURHFS 
  4133.074   23.0051     2.364     -5.52                                 KURHFS 
  4133.074   23.0051     2.364     -6.50                                 KURHFS 
  4133.077   23.0051     2.364     -4.90                                 KURHFS 
  4133.077   23.0051     2.364     -5.59                                 KURHFS 
  4133.077   23.0051     2.364     -6.70                                 KURHFS 
  4133.081   23.0051     1.868     -3.90                                 KURHFS 
  4133.081   23.0051     1.868     -4.22                                 KURHFS 
  4133.081   23.0051     1.868     -4.70                                 KURHFS 
  4133.081   23.0051     2.364     -4.79                                 KURHFS 
  4133.081   23.0051     2.364     -5.80                                 KURHFS 
  4133.081   23.0051     2.364     -7.10                                 KURHFS 
