Pr II    4179.4       line list
  4175.932   25.0055     2.939     -4.65                                 KURHFS 
  4175.932   25.0055     2.939     -4.86                                 KURHFS 
  4175.932   25.0055     2.939     -5.19                                 KURHFS 
  4175.932   25.0055     2.939     -5.34                                 KURHFS 
  4175.932   25.0055     2.939     -5.91                                 KURHFS 
  4175.932   25.0055     2.939     -6.29                                 KURHFS 
  4175.933   25.0055     2.939     -5.13                                 KURHFS 
  4175.933   25.0055     2.939     -5.21                                 KURHFS 
  4175.933   25.0055     2.939     -5.37                                 KURHFS 
  4175.933   25.0055     2.939     -5.54                                 KURHFS 
  4175.933   25.0055     2.939     -5.69                                 KURHFS 
  4175.933   25.0055     2.939     -5.74                                 KURHFS 
  4175.971   27.0059     3.565     -3.95                                 KURHFS 
  4175.975   27.0059     3.565     -3.67                                 KURHFS 
  4175.975   27.0059     3.565     -3.95                                 KURHFS 
  4175.975   27.0059     3.565     -4.97                                 KURHFS 
  4175.983   27.0059     3.565     -3.54                                 KURHFS 
  4175.983   27.0059     3.565     -3.67                                 KURHFS 
  4175.983   27.0059     3.565     -4.28                                 KURHFS 
  4175.994   27.0059     3.565     -3.47                                 KURHFS 
  4175.994   27.0059     3.565     -3.54                                 KURHFS 
  4175.994   27.0059     3.565     -3.83                                 KURHFS 
  4176.010   27.0059     3.565     -3.46                                 KURHFS 
  4176.010   27.0059     3.565     -3.47                                 KURHFS 
  4176.010   27.0059     3.565     -3.50                                 KURHFS 
  4176.029   27.0059     3.565     -3.23                                 KURHFS 
  4176.029   27.0059     3.565     -3.46                                 KURHFS 
  4176.029   27.0059     3.565     -3.53                                 KURHFS 
  4176.052   27.0059     3.565     -3.02                                 KURHFS 
  4176.052   27.0059     3.565     -3.53                                 KURHFS 
  4176.052   27.0059     3.565     -3.73                                 KURHFS 
  4176.076      58.1     0.495     -1.00                                 LAWLER 
  4176.079   27.0059     3.565     -2.83                                 KURHFS 
  4176.079   27.0059     3.565     -3.73                                 KURHFS 
  4176.088      24.0     4.528     -1.19                                        
  4176.182      27.0     2.868     -3.70                               KURNOHFS 
  4176.224      22.0     2.266     -5.44                                        
  4176.335      90.1     1.832     -0.83                                        
  4176.340      22.0     2.470     -5.64                                        
  4176.395      25.0     4.682     -2.27                                        
  4176.406      22.0     1.442     -3.04                                        
  4176.446      26.1     4.734     -4.59                                        
  4176.482      90.0     1.979      0.18                                        
  4176.566      26.0     3.366     -0.62                                        
  4176.567      26.0     3.394     -3.84                                        
  4176.599      25.0     4.229     -0.12                                        
  4176.605      26.1     2.853     -6.16                                        
  4176.637      23.0     1.042     -2.16                               KURNOHFS 
  4176.676      22.1     4.861     -1.90                                        
  4176.680      24.0     4.444      0.18                                        
  4176.683      23.1     3.325     -3.43                                        
  4176.702      58.1     1.122      0.04                                BIEMONT 
  4176.750      22.0     0.899     -3.78                                        
  4176.762   23.0051     0.000     -4.34                                 KURHFS 
  4176.762   23.0051     0.000     -4.34                                 KURHFS 
  4176.762   23.0051     0.000     -4.64                                 KURHFS 
  4176.772   23.0051     0.000     -4.18                                 KURHFS 
  4176.772   23.0051     0.000     -4.21                                 KURHFS 
  4176.772   23.0051     0.000     -4.52                                 KURHFS 
  4176.785   23.0051     0.000     -3.92                                 KURHFS 
  4176.785   23.0051     0.000     -4.17                                 KURHFS 
  4176.785   23.0051     0.000     -4.77                                 KURHFS 
  4176.801   23.0051     0.000     -3.71                                 KURHFS 
  4176.801   23.0051     0.000     -4.33                                 KURHFS 
  4176.801   23.0051     0.000     -5.20                                 KURHFS 
  4176.861      73.1     1.812      0.00                                        
  4176.867      26.0     4.280     -2.22                                        
  4176.902      42.0     3.031     -1.36                                        
  4176.912      20.0     4.760     -3.99                                        
  4176.967      22.0     2.660     -0.58                                        
  4176.976      25.0     4.350     -3.28                                        
  4177.063      23.0     2.573      0.03                               KURNOHFS 
  4177.076      26.0     3.329     -3.14                                        
  4177.082      25.0     4.350     -2.08                                        
  4177.137      26.0     4.280     -3.80                                        
  4177.159      24.0     3.008     -2.24                                        
  4177.199      24.0     4.529     -2.32                                        
  4177.222      24.0     2.965     -3.78                                        
  4177.254      42.0     2.834     -0.81                                        
  4177.320      60.1     0.064     -0.10                                 LAWLER 
  4177.324      26.0     3.298     -5.75                                        
  4177.360      22.1     5.564     -3.98                                        
  4177.379      22.0     1.886     -1.72                                        
  4177.428      41.0     1.268     -1.17                                        
  4177.431      24.0     4.798     -3.44                                        
  4177.450      24.0     3.009     -1.89                                        
  4177.473      21.0     1.986     -0.65                               KURNOHFS 
  4177.478      26.0     4.151     -4.36                                        
  4177.480      57.0     0.130     -1.09                                        
  4177.484      26.0     4.140     -4.45                                        
  4177.516      26.0     2.402     -4.04                                        
  4177.536      39.1     0.408     -0.16                                BIEMONT 
  4177.560   27.0059     0.224     -5.97                                 KURHFS 
  4177.560   27.0059     0.224     -6.41                                 KURHFS 
  4177.562   27.0059     0.224     -5.69                                 KURHFS 
  4177.565   27.0059     0.224     -5.47                                 KURHFS 
  4177.574   27.0059     0.224     -6.11                                 KURHFS 
  4177.576      21.0     2.612     -2.67                               KURNOHFS 
  4177.578   27.0059     0.224     -5.95                                 KURHFS 
  4177.583   27.0059     0.224     -6.11                                 KURHFS 
  4177.584   27.0059     0.224     -5.94                                 KURHFS 
  4177.592   27.0059     0.224     -6.10                                 KURHFS 
  4177.592   27.0059     0.224     -6.29                                 KURHFS 
  4177.594      26.0     0.914     -3.06                                        
  4177.602   27.0059     0.224     -6.54                                 KURHFS 
  4177.614      20.0     4.621     -3.70                                        
  4177.615   27.0059     0.224     -6.96                                 KURHFS 
  4177.634      27.0     3.574     -1.36                               KURNOHFS 
  4177.692      26.1     2.542     -3.75                                        
  4177.702      21.0     2.294     -2.67                               KURNOHFS 
  4177.702      25.1     5.986     -4.15                                        
  4177.720      24.0     2.980     -6.92                                        
  4177.740      29.0     4.834     -1.61                                        
  4177.863      24.0     3.875     -0.49                                        
  4177.875      73.0     1.461     -1.12                                        
  4177.912      22.0     0.899     -4.04                                        
  4177.953      20.0     4.677     -2.62                                        
  4177.981      24.0     3.844     -2.58                                        
  4177.993      24.0     3.963     -3.11                                        
  4178.001      62.1     0.543     -0.93                                        
  4178.030      62.1     0.184     -1.29                                        
  4178.034      25.0     4.329     -3.92                                        
  4178.054      24.0     4.613     -2.25                                        
  4178.060      90.1     0.908     -0.65                                        
  4178.166      20.0     4.765     -6.10                                        
  4178.194      23.1     4.772     -4.47                                        
  4178.207      26.0     4.412     -2.27                                        
  4178.253      20.0     4.776     -6.57                                        
  4178.276      42.0     3.176     -0.46                                        
  4178.323      24.0     4.532     -1.41                                        
  4178.353   23.0051     2.284     -4.39                                 KURHFS 
  4178.353   23.0051     2.284     -4.46                                 KURHFS 
  4178.353   23.0051     2.284     -5.09                                 KURHFS 
  4178.359   23.0051     2.284     -4.20                                 KURHFS 
  4178.359   23.0051     2.284     -4.20                                 KURHFS 
  4178.359   23.0051     2.284     -4.94                                 KURHFS 
  4178.367   23.0051     2.284     -4.00                                 KURHFS 
  4178.367   23.0051     2.284     -4.09                                 KURHFS 
  4178.367   23.0051     2.284     -4.94                                 KURHFS 
  4178.379   23.0051     2.284     -3.83                                 KURHFS 
  4178.379   23.0051     2.284     -4.05                                 KURHFS 
  4178.379   23.0051     2.284     -5.04                                 KURHFS 
  4178.394   23.0051     2.284     -3.68                                 KURHFS 
  4178.394   23.0051     2.284     -4.05                                 KURHFS 
  4178.394   23.0051     2.284     -5.24                                 KURHFS 
  4178.404      23.1     1.684     -1.66                                        
  4178.411   23.0051     2.284     -3.55                                 KURHFS 
  4178.411   23.0051     2.284     -4.13                                 KURHFS 
  4178.411   23.0051     2.284     -5.64                                 KURHFS 
  4178.432   23.0051     2.284     -3.43                                 KURHFS 
  4178.432   23.0051     2.284     -4.34                                 KURHFS 
  4178.436      60.1     1.944      0.61                                        
  4178.442      26.1     5.952     -3.54                                        
  4178.455   23.0051     2.284     -3.33                                 KURHFS 
  4178.481      26.0     4.368     -1.21                                        
  4178.521      24.0     2.870     -3.90                                        
  4178.527      24.0     4.096     -1.76                                        
  4178.530      60.1     0.380     -1.33                                 LAWLER 
  4178.536      42.0     2.062     -2.46                                        
  4178.548      22.0     2.235     -5.75                                        
  4178.594      20.0     4.677     -2.29                                        
  4178.640      60.1     0.182     -1.03                                 LAWLER 
  4178.711      26.0     4.442     -2.93                                        
  4178.797      20.0     5.957     -3.39                                        
  4178.816      24.0     3.009     -2.35                                        
  4178.862      26.1     2.581     -2.48                                        
  4178.870      20.0     5.574     -2.42                                        
  4178.953      26.0     4.383     -2.60                                        
  4178.995      92.1     0.568     -1.26                                        
  4179.019      21.0     2.000     -0.92                                 KURHFS 
  4179.036      24.0     3.847     -2.61                                        
  4179.054      23.1     1.686     -2.50                                        
  4179.072      24.0     4.446     -1.02                                        
  4179.075      58.1     0.896     -0.94                                 LAWLER 
  4179.140      62.1     0.277     -2.59                                 LAWLER 
  4179.163      22.0     3.110     -3.58                                        
  4179.210      28.0     3.696     -4.78                                        
  4179.211      26.0     4.412     -1.65                                        
  4179.214      27.0     2.875     -1.74                               KURNOHFS 
  4179.232      24.0     3.110     -2.02                                        
  4179.241      25.0     4.682     -3.17                                        
  4179.256      24.0     3.847     -0.14                                        
  4179.288      58.1     0.445     -1.30                                        
  4179.316   59.1141     0.204     -0.51                                 IV/LAW 
  4179.316   59.1141     0.204     -0.53                                 LI/LAW 
  4179.337   59.1141     0.204     -0.44                                 IV/LAW 
  4179.337   59.1141     0.204     -0.46                                 LI/LAW 
  4179.357   23.0051     0.300     -3.06                                 KURHFS 
  4179.357   23.0051     0.300     -3.25                                 KURHFS 
  4179.359      24.0     4.102     -1.08                                        
  4179.359   59.1141     0.204     -1.60                                 IV/LAW 
  4179.359   59.1141     0.204     -1.62                                 LI/LAW 
  4179.362   23.0051     0.300     -3.03                                 KURHFS 
  4179.362   23.0051     0.300     -3.04                                 KURHFS 
  4179.362   23.0051     0.300     -3.25                                 KURHFS 
  4179.363   59.1141     0.204     -0.37                                 IV/LAW 
  4179.363   59.1141     0.204     -0.39                                 LI/LAW 
  4179.367      26.0     4.257     -2.80                                        
  4179.369   23.0051     0.300     -2.91                                 KURHFS 
  4179.369   23.0051     0.300     -2.93                                 KURHFS 
  4179.369   23.0051     0.300     -3.03                                 KURHFS 
  4179.379   23.0051     0.300     -2.74                                 KURHFS 
  4179.379   23.0051     0.300     -2.89                                 KURHFS 
  4179.379   23.0051     0.300     -2.93                                 KURHFS 
  4179.389   59.1141     0.204     -1.40                                 IV/LAW 
  4179.389   59.1141     0.204     -1.42                                 LI/LAW 
  4179.391   23.0051     0.300     -2.57                                 KURHFS 
  4179.391   23.0051     0.300     -2.89                                 KURHFS 
  4179.391   23.0051     0.300     -2.90                                 KURHFS 
  4179.395   59.1141     0.204     -0.31                                 IV/LAW 
  4179.395   59.1141     0.204     -0.33                                 LI/LAW 
  4179.405   23.0051     0.300     -2.41                                 KURHFS 
  4179.405   23.0051     0.300     -2.90                                 KURHFS 
  4179.405   23.0051     0.300     -2.98                                 KURHFS 
  4179.411   59.1141     0.204     -3.18                                 IV/LAW 
  4179.411   59.1141     0.204     -3.19                                 LI/LAW 
  4179.421   23.0051     0.300     -2.26                                 KURHFS 
  4179.421   23.0051     0.300     -2.98                                 KURHFS 
  4179.421   23.0051     0.300     -3.19                                 KURHFS 
  4179.421      24.1     3.824     -1.77                                        
  4179.425   59.1141     0.204     -1.35                                 IV/LAW 
  4179.425   59.1141     0.204     -1.37                                 LI/LAW 
  4179.432   59.1141     0.204     -0.24                                 IV/LAW 
  4179.432   59.1141     0.204     -0.26                                 LI/LAW 
  4179.440   23.0051     0.300     -2.13                                 KURHFS 
  4179.440   23.0051     0.300     -3.19                                 KURHFS 
  4179.451   59.1141     0.204     -2.99                                 IV/LAW 
  4179.451   59.1141     0.204     -3.01                                 LI/LAW 
  4179.466   59.1141     0.204     -1.40                                 IV/LAW 
  4179.466   59.1141     0.204     -1.42                                 LI/LAW 
  4179.475   59.1141     0.204     -0.17                                 IV/LAW 
  4179.475   59.1141     0.204     -0.19                                 LI/LAW 
  4179.496   59.1141     0.204     -3.06                                 IV/LAW 
  4179.496   59.1141     0.204     -3.07                                 LI/LAW 
  4179.510      60.1     0.471     -1.49                                 LAWLER 
  4179.513   59.1141     0.204     -1.60                                 IV/LAW 
  4179.513   59.1141     0.204     -1.62                                 LI/LAW 
  4179.547   59.1141     0.204     -3.36                                 IV/LAW 
  4179.547   59.1141     0.204     -3.38                                 LI/LAW 
  4179.550      27.1     5.171     -3.90                                        
  4179.580      60.1     0.182     -0.64                                 LAWLER 
  4179.715      90.1     0.189     -1.76                                        
  4179.725      25.0     4.329     -4.42                                        
  4179.732      21.0     1.968     -2.48                               KURNOHFS 
  4179.761      41.0     1.531     -0.65                                        
  4179.774      24.0     3.011     -2.21                                        
  4179.807      40.1     1.664     -0.78                                        
  4179.860   27.0059     0.101     -7.33                                 KURHFS 
  4179.865   25.0055     2.918     -5.34                                 KURHFS 
  4179.867   25.0055     2.918     -5.55                                 KURHFS 
  4179.867   25.0055     2.918     -6.03                                 KURHFS 
  4179.869      22.0     2.173     -1.18                                        
  4179.869   25.0055     2.918     -5.83                                 KURHFS 
  4179.869   25.0055     2.918     -5.88                                 KURHFS 
  4179.869   25.0055     2.918     -6.98                                 KURHFS 
  4179.871   25.0055     2.918     -5.90                                 KURHFS 
  4179.871   25.0055     2.918     -6.24                                 KURHFS 
  4179.871   25.0055     2.918     -6.60                                 KURHFS 
  4179.871   27.0059     0.101     -6.92                                 KURHFS 
  4179.872   25.0055     2.918     -6.06                                 KURHFS 
  4179.872   25.0055     2.918     -6.43                                 KURHFS 
  4179.873   25.0055     2.918     -6.38                                 KURHFS 
  4179.877   27.0059     0.101     -6.22                                 KURHFS 
  4179.881   27.0059     0.101     -6.70                                 KURHFS 
  4179.885   27.0059     0.101     -6.02                                 KURHFS 
  4179.888      24.0     4.609     -1.04                                        
  4179.889   27.0059     0.101     -6.57                                 KURHFS 
  4179.892   27.0059     0.101     -5.97                                 KURHFS 
  4179.896      24.0     4.614     -3.46                                        
  4179.897   27.0059     0.101     -6.52                                 KURHFS 
  4179.898   27.0059     0.101     -5.38                                 KURHFS 
  4179.898   27.0059     0.101     -5.99                                 KURHFS 
  4179.902   27.0059     0.101     -6.08                                 KURHFS 
  4179.902   27.0059     0.101     -6.55                                 KURHFS 
  4179.903   27.0059     0.101     -5.52                                 KURHFS 
  4179.905   27.0059     0.101     -6.27                                 KURHFS 
  4179.907   27.0059     0.101     -5.68                                 KURHFS 
  4179.909   27.0059     0.101     -5.88                                 KURHFS 
  4179.911   27.0059     0.101     -6.13                                 KURHFS 
  4179.911   27.0059     0.101     -6.52                                 KURHFS 
  4179.920      24.1     4.916     -4.13                                        
  4179.955      22.0     3.111     -4.14                                        
  4179.960      90.1     1.204     -0.97                                        
  4180.042   23.0051     2.255     -3.13                                 KURHFS 
  4180.042   23.0051     2.255     -3.38                                 KURHFS 
  4180.042   23.0051     2.255     -3.41                                 KURHFS 
  4180.049   23.0051     2.255     -2.94                                 KURHFS 
  4180.049   23.0051     2.255     -3.00                                 KURHFS 
  4180.049   23.0051     2.255     -3.38                                 KURHFS 
  4180.058      22.1     4.006     -3.82                                        
  4180.058   23.0051     2.255     -2.74                                 KURHFS 
  4180.058   23.0051     2.255     -2.85                                 KURHFS 
  4180.058   23.0051     2.255     -3.43                                 KURHFS 
  4180.064      25.1     5.433     -2.83                                        
  4180.071   23.0051     2.255     -2.54                                 KURHFS 
  4180.071   23.0051     2.255     -2.83                                 KURHFS 
  4180.071   23.0051     2.255     -3.56                                 KURHFS 
  4180.086   23.0051     2.255     -2.38                                 KURHFS 
  4180.086   23.0051     2.255     -2.88                                 KURHFS 
  4180.086   23.0051     2.255     -3.78                                 KURHFS 
  4180.105   23.0051     2.255     -2.24                                 KURHFS 
  4180.105   23.0051     2.255     -3.08                                 KURHFS 
  4180.105   23.0051     2.255     -4.19                                 KURHFS 
  4180.141      24.0     4.798     -3.17                                        
  4180.179      24.0     4.398     -4.10                                        
  4180.240      74.0     2.456     -0.56                                        
  4180.409      26.0     2.725     -2.91                                        
  4180.467      22.0     2.493     -3.85                                        
  4180.483      24.0     3.011     -4.14                                        
  4180.492      22.0     2.159     -1.22                                        
  4180.497      25.0     4.723     -2.26                                        
  4180.501      42.0     3.154     -1.66                                        
  4180.517   23.0051     2.245     -2.64                                 KURHFS 
  4180.517   23.0051     2.245     -2.66                                 KURHFS 
  4180.517   23.0051     2.245     -2.79                                 KURHFS 
  4180.519   23.0051     2.245     -2.32                                 KURHFS 
  4180.519   23.0051     2.245     -2.64                                 KURHFS 
  4180.519   23.0051     2.245     -3.12                                 KURHFS 
  4180.561      20.0     4.760     -2.43                                        
  4180.561      24.0     4.532     -4.06                                        
  4180.653      59.1     0.216     -1.43                                        
  4180.677      22.0     2.486     -2.54                                        
  4180.684      25.0     4.329     -4.01                                        
  4180.702      27.0     2.925     -2.39                               KURNOHFS 
  4180.810      70.1     3.765      0.19                                        
  4180.815      23.0     2.576     -0.54                               KURNOHFS 
  4180.891      23.1     1.686     -2.88                                        
  4180.943      42.0     3.315     -1.34                                        
  4180.981      26.1     4.734     -1.84                                        
  4180.982      26.0     4.412     -2.02                                        
  4181.047      42.0     2.494     -1.50                                        
  4181.076      58.1     0.634     -0.32                                BIEMONT 
  4181.095      27.1     5.085     -3.06                                        
  4181.104      62.1     0.333     -1.06                                        
  4181.116      22.0     2.675     -1.86                                        
  4181.133      26.0     2.557     -4.04                                        
  4181.139      23.0     3.224     -4.19                               KURNOHFS 
  4181.140      24.0     3.011     -3.68                                        
  4181.153      73.0     1.202     -1.28                                        
  4181.187      26.0     3.632     -2.58                                        
  4181.219      22.1     2.046     -4.93                                        
  4181.227      26.0     4.073     -3.77                                        
  4181.276      42.0     3.396     -1.32                                        
  4181.336      21.0     2.606     -1.68                               KURNOHFS 
  4181.336      41.0     1.393     -0.79                                        
  4181.368      66.0     1.055     -0.49                                        
  4181.403      26.0     4.412     -2.81                                        
  4181.496      22.0     2.254     -5.13                                        
  4181.513      24.1     5.666     -2.50                                        
  4181.521      22.0     2.479     -9.64                                        
  4181.549      26.0     3.544     -1.32                                        
  4181.562      24.0     3.847     -1.35                                        
  4181.567   23.0051     2.246     -3.52                                 KURHFS 
  4181.567   23.0051     2.246     -3.69                                 KURHFS 
  4181.577   23.0051     2.246     -3.39                                 KURHFS 
  4181.577   23.0051     2.246     -3.52                                 KURHFS 
  4181.591   23.0051     2.246     -3.39                                 KURHFS 
  4181.591   23.0051     2.246     -3.51                                 KURHFS 
  4181.591   23.0051     2.246     -3.71                                 KURHFS 
  4181.608   23.0051     2.246     -3.10                                 KURHFS 
  4181.608   23.0051     2.246     -3.51                                 KURHFS 
  4181.611      22.0     1.429     -5.08                                        
  4181.618      21.0     2.138     -4.25                               KURNOHFS 
  4181.755      26.0     2.829     -0.18                                        
  4181.803      21.0     3.099     -3.28                               KURNOHFS 
  4181.809      27.1     2.777     -7.23                                        
  4181.851      27.1     5.042     -4.52                                        
  4181.889      23.1     2.898     -6.23                                        
  4181.903   23.0051     2.262     -4.93                                 KURHFS 
  4181.903   23.0051     2.262     -5.19                                 KURHFS 
  4181.903   23.0051     2.262     -5.22                                 KURHFS 
  4181.905   23.0051     2.262     -4.74                                 KURHFS 
  4181.905   23.0051     2.262     -4.80                                 KURHFS 
  4181.905   23.0051     2.262     -5.19                                 KURHFS 
  4181.906   23.0051     2.262     -4.54                                 KURHFS 
  4181.906   23.0051     2.262     -4.65                                 KURHFS 
  4181.906   23.0051     2.262     -5.24                                 KURHFS 
  4181.909   23.0051     2.262     -4.35                                 KURHFS 
  4181.909   23.0051     2.262     -4.63                                 KURHFS 
  4181.909   23.0051     2.262     -5.36                                 KURHFS 
  4181.912   23.0051     2.262     -4.18                                 KURHFS 
  4181.912   23.0051     2.262     -4.68                                 KURHFS 
  4181.912   23.0051     2.262     -5.58                                 KURHFS 
  4181.916   23.0051     2.262     -4.04                                 KURHFS 
  4181.916   23.0051     2.262     -4.88                                 KURHFS 
  4181.916   23.0051     2.262     -6.00                                 KURHFS 
