Ce II    4083.2        line list
  4079.921   27.0059     3.772     -2.84                                 KURHFS 
  4079.921   27.0059     3.772     -2.87                                 KURHFS 
  4079.921   27.0059     3.772     -3.18                                 KURHFS 
  4079.937   27.0059     3.772     -2.58                                 KURHFS 
  4079.937   27.0059     3.772     -2.83                                 KURHFS 
  4079.937   27.0059     3.772     -3.43                                 KURHFS 
  4079.957   27.0059     3.772     -2.37                                 KURHFS 
  4079.957   27.0059     3.772     -2.99                                 KURHFS 
  4079.957   27.0059     3.772     -3.86                                 KURHFS 
  4080.021      20.0     5.014     -4.19                                        
  4080.062      26.0     4.175     -4.09                                        
  4080.068      26.0     4.253     -3.13                                        
  4080.081      26.0     3.692     -4.39                                        
  4080.209      26.0     3.281     -1.22                                        
  4080.217      24.0     2.707     -1.94                                        
  4080.220      60.1     0.064     -0.97                                 LAWLER 
  4080.292      24.1     8.100     -3.52                                        
  4080.322      21.0     1.952     -2.63                               KURNOHFS 
  4080.389      24.0     4.532     -3.47                                        
  4080.398      24.0     4.528     -4.04                                        
  4080.436      23.1     3.796     -2.33                                        
  4080.438      58.1     0.357     -0.70                                 LAWLER 
  4080.440      72.1     0.608     -1.55                                 LAWLER 
  4080.509      29.0     5.773     -1.12                                        
  4080.528      64.0     0.027     -0.98                                        
  4080.536      27.1     7.736     -4.05                                        
  4080.550      62.1     0.333     -1.15                                 LAWLER 
  4080.567      24.0     3.102     -1.50                                        
  4080.572      21.0     1.985     -0.96                               KURNOHFS 
  4080.575      26.0     4.383     -2.26                                        
  4080.594      44.0     0.811      0.01                                        
  4080.595   25.0055     2.951     -4.48                                 KURHFS 
  4080.595   25.0055     2.951     -5.02                                 KURHFS 
  4080.613   25.0055     2.951     -4.48                                 KURHFS 
  4080.613   25.0055     2.951     -4.57                                 KURHFS 
  4080.667      26.1     9.729     -3.95                                        
  4080.702      23.0     2.503     -5.68                               KURNOHFS 
  4080.706      90.0     0.966     -0.74                                        
  4080.724      21.0     1.985     -2.53                               KURNOHFS 
  4080.846   59.1141     0.204     -3.81                                 LI/LAW 
  4080.861   59.1141     0.204     -2.40                                 LI/LAW 
  4080.867   59.1141     0.204     -3.64                                 LI/LAW 
  4080.873   59.1141     0.204     -1.49                                 LI/LAW 
  4080.874      26.0     3.651     -3.96                                        
  4080.876      26.0     3.289     -1.80                                        
  4080.887   59.1141     0.204     -2.20                                 LI/LAW 
  4080.895   59.1141     0.204     -3.71                                 LI/LAW 
  4080.902   59.1141     0.204     -1.40                                 LI/LAW 
  4080.917   59.1141     0.204     -2.15                                 LI/LAW 
  4080.928   59.1141     0.204     -4.03                                 LI/LAW 
  4080.936   59.1141     0.204     -1.32                                 LI/LAW 
  4080.954   59.1141     0.204     -2.19                                 LI/LAW 
  4080.958   27.0059     3.710     -2.72                                 KURHFS 
  4080.958   27.0059     3.710     -2.98                                 KURHFS 
  4080.959      24.0     3.108     -9.55                                        
  4080.967   27.0059     3.710     -2.52                                 KURHFS 
  4080.967   27.0059     3.710     -2.72                                 KURHFS 
  4080.967   27.0059     3.710     -4.63                                 KURHFS 
  4080.976   59.1141     0.204     -1.24                                 LI/LAW 
  4080.979   27.0059     3.710     -2.46                                 KURHFS 
  4080.979   27.0059     3.710     -2.52                                 KURHFS 
  4080.979   27.0059     3.710     -3.39                                 KURHFS 
  4080.988      24.0     3.887     -2.68                                        
  4080.996   27.0059     3.710     -2.46                                 KURHFS 
  4080.996   27.0059     3.710     -2.49                                 KURHFS 
  4080.996   27.0059     3.710     -2.67                                 KURHFS 
  4080.996   59.1141     0.204     -2.39                                 LI/LAW 
  4081.017   27.0059     3.710     -2.27                                 KURHFS 
  4081.017   27.0059     3.710     -2.49                                 KURHFS 
  4081.017   27.0059     3.710     -2.67                                 KURHFS 
  4081.021      24.0     4.444     -2.45                                        
  4081.022   59.1141     0.204     -1.16                                 LI/LAW 
  4081.042   27.0059     3.710     -1.97                                 KURHFS 
  4081.042   27.0059     3.710     -2.67                                 KURHFS 
  4081.073   59.1141     0.204     -1.08                                 LI/LAW 
  4081.106      24.0     4.096     -2.02                                        
  4081.132      26.0     4.253     -2.98                                        
  4081.219      40.0     0.730      0.15                                        
  4081.219      58.1     0.477      0.01                                BIEMONT 
  4081.220      26.0     2.756     -4.07                                        
  4081.227      24.1     5.315     -3.27                                        
  4081.243      68.1     0.055     -1.35                                        
  4081.267      26.0     4.214     -1.18                                        
  4081.305      74.1     1.813     -1.61                                        
  4081.315   27.0059     3.629     -4.16                                 KURHFS 
  4081.319   27.0059     3.629     -3.88                                 KURHFS 
  4081.319   27.0059     3.629     -4.16                                 KURHFS 
  4081.319   27.0059     3.629     -5.18                                 KURHFS 
  4081.327   27.0059     3.629     -3.74                                 KURHFS 
  4081.327   27.0059     3.629     -3.88                                 KURHFS 
  4081.327   27.0059     3.629     -4.48                                 KURHFS 
  4081.340   27.0059     3.629     -3.68                                 KURHFS 
  4081.340   27.0059     3.629     -3.74                                 KURHFS 
  4081.340   27.0059     3.629     -4.04                                 KURHFS 
  4081.356   27.0059     3.629     -3.67                                 KURHFS 
  4081.356   27.0059     3.629     -3.68                                 KURHFS 
  4081.356   27.0059     3.629     -3.70                                 KURHFS 
  4081.363      26.0     3.271     -6.13                                        
  4081.368      90.0     1.090     -0.31                                        
  4081.371   27.0059     3.629     -3.50                                 KURHFS 
  4081.375   27.0059     3.629     -3.24                                 KURHFS 
  4081.375   27.0059     3.629     -3.44                                 KURHFS 
  4081.377   27.0059     3.629     -3.44                                 KURHFS 
  4081.377   27.0059     3.629     -3.67                                 KURHFS 
  4081.377   27.0059     3.629     -3.73                                 KURHFS 
  4081.384   27.0059     3.629     -3.04                                 KURHFS 
  4081.384   27.0059     3.629     -3.24                                 KURHFS 
  4081.384   27.0059     3.629     -4.13                                 KURHFS 
  4081.396   27.0059     3.629     -2.87                                 KURHFS 
  4081.396   27.0059     3.629     -3.13                                 KURHFS 
  4081.396   27.0059     3.629     -3.98                                 KURHFS 
  4081.402   27.0059     3.629     -3.22                                 KURHFS 
  4081.402   27.0059     3.629     -3.73                                 KURHFS 
  4081.402   27.0059     3.629     -3.94                                 KURHFS 
  4081.413   27.0059     3.629     -2.72                                 KURHFS 
  4081.413   27.0059     3.629     -3.09                                 KURHFS 
  4081.413   27.0059     3.629     -3.98                                 KURHFS 
  4081.427      75.0     2.023     -1.40                                        
  4081.431   27.0059     3.629     -3.04                                 KURHFS 
  4081.431   27.0059     3.629     -3.94                                 KURHFS 
  4081.434   27.0059     3.629     -2.59                                 KURHFS 
  4081.434   27.0059     3.629     -3.09                                 KURHFS 
  4081.434   27.0059     3.629     -4.08                                 KURHFS 
  4081.444      25.1     6.107     -2.24                                        
  4081.459   27.0059     3.629     -2.47                                 KURHFS 
  4081.459   27.0059     3.629     -3.17                                 KURHFS 
  4081.459   27.0059     3.629     -4.28                                 KURHFS 
  4081.488   27.0059     3.629     -2.37                                 KURHFS 
  4081.488   27.0059     3.629     -3.38                                 KURHFS 
  4081.488   27.0059     3.629     -4.68                                 KURHFS 
  4081.501      22.0     2.091     -4.40                                        
  4081.567      26.0     3.571     -0.20                                        
  4081.613      58.1     0.811     -0.30                                BIEMONT 
  4081.707      23.0     2.682     -3.69                               KURNOHFS 
  4081.732      24.0     2.708     -1.82                                        
  4081.736      22.0     2.406     -4.54                                        
  4081.739      23.1     6.037     -4.41                                        
  4081.759      25.0     4.636     -2.70                                        
  4081.760      42.0     2.644     -1.34                                        
  4081.772      27.0     3.407     -3.39                               KURNOHFS 
  4081.832      12.0     2.715     -5.48                                        
  4081.886      24.0     3.110     -5.44                                        
  4081.946      26.1     9.046     -3.01                                        
  4081.950      62.1     0.184     -1.72                                 LAWLER 
  4082.098      58.1     0.703     -1.68                                 LAWLER 
  4082.107      26.0     3.414     -1.54                                        
  4082.131      26.0     3.692     -2.18                                        
  4082.180      25.1     6.107     -4.19                                        
  4082.227      25.0     4.657     -3.65                                        
  4082.229      26.0     3.600     -3.12                                        
  4082.257      90.1     1.434     -0.84                                        
  4082.285      24.1     5.315     -1.23                                        
  4082.294      40.0     0.154     -1.89                                        
  4082.304      23.1     4.732     -4.11                                        
  4082.326      20.0     4.677     -3.96                                        
  4082.361      20.0     5.792     -3.27                                        
  4082.364      23.0     1.941     -1.54                               KURNOHFS 
  4082.379   27.0059     2.326     -4.45                                 KURHFS 
  4082.379   27.0059     2.326     -4.47                                 KURHFS 
  4082.379   27.0059     2.326     -4.59                                 KURHFS 
  4082.383   21.0045     0.021     -1.65                                 KURHFS 
  4082.385   21.0045     0.021     -1.65                                 KURHFS 
  4082.385   21.0045     0.021     -1.82                                 KURHFS 
  4082.386   21.0045     0.021     -1.48                                 KURHFS 
  4082.386   21.0045     0.021     -1.95                                 KURHFS 
  4082.386   21.0045     0.021     -2.07                                 KURHFS 
  4082.389   21.0045     0.021     -1.48                                 KURHFS 
  4082.389   21.0045     0.021     -1.51                                 KURHFS 
  4082.389   21.0045     0.021     -2.50                                 KURHFS 
  4082.392   21.0045     0.021     -1.23                                 KURHFS 
  4082.392   21.0045     0.021     -1.64                                 KURHFS 
  4082.393   27.0059     2.326     -4.12                                 KURHFS 
  4082.393   27.0059     2.326     -4.45                                 KURHFS 
  4082.393   27.0059     2.326     -4.92                                 KURHFS 
  4082.395   21.0045     0.021     -1.01                                 KURHFS 
  4082.426      26.0     3.632     -1.55                                        
  4082.429      28.0     3.938     -1.80                                        
  4082.449      21.0     4.690     -2.88                                        
  4082.449      21.0     4.690     -3.73                                        
  4082.455      22.0     1.066     -0.76                                        
  4082.519      27.0     3.620     -1.25                               KURNOHFS 
  4082.525      60.1     1.527      0.15                                        
  4082.590   27.0059     0.629     -4.13                                 KURHFS 
  4082.590   27.0059     0.629     -4.13                                 KURHFS 
  4082.590   27.0059     0.629     -4.25                                 KURHFS 
  4082.590   27.0059     0.629     -4.26                                 KURHFS 
  4082.590   27.0059     0.629     -4.26                                 KURHFS 
  4082.590   27.0059     0.629     -4.43                                 KURHFS 
  4082.590   27.0059     0.629     -4.45                                 KURHFS 
  4082.590      62.1     0.659     -0.72                                 LAWLER 
  4082.591   27.0059     0.629     -3.84                                 KURHFS 
  4082.591   27.0059     0.629     -4.25                                 KURHFS 
  4082.594      26.0     4.317     -4.21                                        
  4082.610      25.1     5.811     -5.87                                        
  4082.644      22.0     2.304     -1.57                                        
  4082.647   23.0051     1.349     -7.24                                 KURHFS 
  4082.649   23.0051     1.349     -6.96                                 KURHFS 
  4082.649   23.0051     1.349     -7.24                                 KURHFS 
  4082.649   23.0051     1.349     -8.26                                 KURHFS 
  4082.654   23.0051     1.349     -6.82                                 KURHFS 
  4082.654   23.0051     1.349     -6.96                                 KURHFS 
  4082.654   23.0051     1.349     -7.56                                 KURHFS 
  4082.660   23.0051     1.349     -6.75                                 KURHFS 
  4082.660   23.0051     1.349     -6.82                                 KURHFS 
  4082.660   23.0051     1.349     -7.11                                 KURHFS 
  4082.669   23.0051     1.349     -6.75                                 KURHFS 
  4082.669   23.0051     1.349     -6.75                                 KURHFS 
  4082.669   23.0051     1.349     -6.78                                 KURHFS 
  4082.679      21.1     7.566     -2.33                                        
  4082.680   23.0051     1.349     -6.52                                 KURHFS 
  4082.680   23.0051     1.349     -6.75                                 KURHFS 
  4082.680   23.0051     1.349     -6.81                                 KURHFS 
  4082.690      60.1     0.380     -1.66                                 LAWLER 
  4082.694   23.0051     1.349     -6.30                                 KURHFS 
  4082.694   23.0051     1.349     -6.81                                 KURHFS 
  4082.694   23.0051     1.349     -7.02                                 KURHFS 
  4082.709   23.0051     1.349     -6.11                                 KURHFS 
  4082.709   23.0051     1.349     -7.02                                 KURHFS 
  4082.780      45.0     0.965     -0.85                                        
  4082.784   27.0059     3.620     -5.26                                 KURHFS 
  4082.789      44.0     1.456     -1.20                                        
  4082.822      20.0     5.870     -2.62                                        
  4082.824   27.0059     3.620     -5.40                                 KURHFS 
  4082.824   27.0059     3.620     -6.10                                 KURHFS 
  4082.858   27.0059     3.620     -5.56                                 KURHFS 
  4082.858   27.0059     3.620     -5.90                                 KURHFS 
  4082.858   27.0059     3.620     -7.21                                 KURHFS 
  4082.886   27.0059     3.620     -5.76                                 KURHFS 
  4082.886   27.0059     3.620     -5.85                                 KURHFS 
  4082.886   27.0059     3.620     -6.80                                 KURHFS 
  4082.901      26.1     5.952     -3.45                                        
  4082.905   23.0051     1.182     -5.11                                 KURHFS 
  4082.905   23.0051     1.182     -5.43                                 KURHFS 
  4082.905   23.0051     1.182     -5.91                                 KURHFS 
  4082.909   27.0059     3.620     -5.87                                 KURHFS 
  4082.909   27.0059     3.620     -6.01                                 KURHFS 
  4082.909   27.0059     3.620     -6.58                                 KURHFS 
  4082.913   23.0051     1.182     -5.43                                 KURHFS 
  4082.913   23.0051     1.182     -5.45                                 KURHFS 
  4082.913   23.0051     1.182     -5.58                                 KURHFS 
  4082.914      26.0     4.412     -3.99                                        
  4082.919      25.0     4.350     -2.43                                        
  4082.926   27.0059     3.620     -5.96                                 KURHFS 
  4082.926   27.0059     3.620     -6.40                                 KURHFS 
  4082.926   27.0059     3.620     -6.45                                 KURHFS 
  4082.928   25.0055     2.177     -1.76                                 KURHFS 
  4082.929   25.0055     2.177     -1.59                                 KURHFS 
  4082.929   25.0055     2.177     -1.91                                 KURHFS 
  4082.932   25.0055     2.177     -1.35                                 KURHFS 
  4082.933   25.0055     2.177     -1.43                                 KURHFS 
  4082.934   25.0055     2.177     -1.96                                 KURHFS 
  4082.937   27.0059     3.620     -6.15                                 KURHFS 
  4082.937   27.0059     3.620     -6.40                                 KURHFS 
  4082.938      20.0     4.677     -3.47                                        
  4082.938   25.0055     2.177     -1.08                                 KURHFS 
  4082.940   25.0055     2.177     -1.41                                 KURHFS 
  4082.941   25.0055     2.177     -2.13                                 KURHFS 
  4082.943   27.0059     3.620     -6.43                                 KURHFS 
  4082.945   25.0055     2.177     -0.87                                 KURHFS 
  4082.948   25.0055     2.177     -1.56                                 KURHFS 
  4082.950   25.0055     2.177     -2.51                                 KURHFS 
  4082.959      74.0     2.386     -0.17                                        
  4082.976      20.0     5.736     -5.20                                        
  4082.990   23.0051     2.377     -6.10                                 KURHFS 
  4082.990   23.0051     2.377     -6.51                                 KURHFS 
  4082.996   23.0051     2.377     -6.40                                 KURHFS 
  4082.996   23.0051     2.377     -6.51                                 KURHFS 
  4082.996   23.0051     2.377     -6.72                                 KURHFS 
  4083.001   23.0051     2.377     -6.40                                 KURHFS 
  4083.001   23.0051     2.377     -6.52                                 KURHFS 
  4083.005   23.0051     2.377     -6.52                                 KURHFS 
  4083.005   23.0051     2.377     -6.70                                 KURHFS 
  4083.048      68.0     0.862     -0.05                                        
  4083.074      40.0     1.442     -0.36                                        
  4083.077      23.0     2.636     -3.34                               KURNOHFS 
  4083.100      22.0     2.152     -2.60                                        
  4083.102      66.0     1.250     -0.03                                        
  4083.222      58.1     0.700      0.27                                 LAWLER 
  4083.230      62.1     0.659     -1.42                                 LAWLER 
  4083.255      20.0     5.737     -4.30                                        
  4083.305      24.0     4.446     -1.25                                        
  4083.341      59.1     0.216     -0.50                                        
  4083.347      20.0     5.923     -4.84                                        
  4083.354      72.0     1.302     -0.85                                        
  4083.367      39.0     2.294      0.28                                        
  4083.371      75.0     2.023     -1.28                                        
  4083.378   23.0051     2.121     -3.47                                 KURHFS 
  4083.380   23.0051     2.121     -3.21                                 KURHFS 
  4083.380   23.0051     2.121     -3.40                                 KURHFS 
  4083.383   23.0051     2.121     -3.00                                 KURHFS 
  4083.383   23.0051     2.121     -3.21                                 KURHFS 
  4083.383   23.0051     2.121     -4.10                                 KURHFS 
  4083.387   23.0051     2.121     -2.83                                 KURHFS 
  4083.387   23.0051     2.121     -3.10                                 KURHFS 
  4083.387   23.0051     2.121     -3.95                                 KURHFS 
  4083.389      22.0     2.159     -2.67                                        
  4083.394   23.0051     2.121     -2.69                                 KURHFS 
  4083.394   23.0051     2.121     -3.05                                 KURHFS 
  4083.394   23.0051     2.121     -3.95                                 KURHFS 
  4083.401   23.0051     2.121     -2.56                                 KURHFS 
  4083.401   23.0051     2.121     -3.06                                 KURHFS 
  4083.401   23.0051     2.121     -4.04                                 KURHFS 
  4083.410   23.0051     2.121     -2.44                                 KURHFS 
  4083.410   23.0051     2.121     -3.13                                 KURHFS 
  4083.410   23.0051     2.121     -4.25                                 KURHFS 
  4083.421   23.0051     2.121     -2.34                                 KURHFS 
  4083.421   23.0051     2.121     -3.34                                 KURHFS 
  4083.421   23.0051     2.121     -4.64                                 KURHFS 
  4083.452   25.0055     2.951     -4.08                                 KURHFS 
  4083.452   25.0055     2.951     -4.18                                 KURHFS 
  4083.452   25.0055     2.951     -4.20                                 KURHFS 
  4083.469      90.0     0.479     -1.12                                        
  4083.470   25.0055     2.951     -3.72                                 KURHFS 
  4083.470   25.0055     2.951     -4.08                                 KURHFS 
  4083.470   25.0055     2.951     -4.63                                 KURHFS 
  4083.480      58.1     1.122     -0.24                                BIEMONT 
  4083.543      26.0     4.188     -1.39                                        
  4083.549      26.0     2.277     -2.64                                        
  4083.557      24.0     3.889     -3.52                                        
  4083.568      24.1     5.315     -2.55                                        
  4083.580      62.1     0.248     -1.22                                 LAWLER 
  4083.591      75.0     2.023     -1.28                                        
  4083.594      26.1     9.749     -4.32                                        
  4083.610   25.0055     2.162     -1.81                                 KURHFS 
  4083.612   25.0055     2.162     -1.52                                 KURHFS 
  4083.612   25.0055     2.162     -1.78                                 KURHFS 
  4083.616   25.0055     2.162     -1.30                                 KURHFS 
  4083.617   25.0055     2.162     -1.60                                 KURHFS 
  4083.617   25.0055     2.162     -2.55                                 KURHFS 
  4083.622   25.0055     2.162     -1.11                                 KURHFS 
  4083.623   25.0055     2.162     -1.53                                 KURHFS 
  4083.624   25.0055     2.162     -2.48                                 KURHFS 
  4083.626   23.0051     1.847     -5.40                                 KURHFS 
  4083.627   23.0051     1.847     -4.76                                 KURHFS 
  4083.627   23.0051     1.847     -4.93                                 KURHFS 
  4083.627   23.0051     1.847     -5.03                                 KURHFS 
  4083.627   23.0051     1.847     -5.13                                 KURHFS 
  4083.627   23.0051     1.847     -5.13                                 KURHFS 
  4083.627   23.0051     1.847     -5.33                                 KURHFS 
  4083.627   23.0051     1.847     -5.87                                 KURHFS 
  4083.627   23.0051     1.847     -6.03                                 KURHFS 
  4083.628   23.0051     1.847     -4.61                                 KURHFS 
  4083.628   23.0051     1.847     -4.98                                 KURHFS 
  4083.628   23.0051     1.847     -5.87                                 KURHFS 
  4083.629   23.0051     1.847     -4.49                                 KURHFS 
  4083.629   23.0051     1.847     -4.99                                 KURHFS 
  4083.629   23.0051     1.847     -5.97                                 KURHFS 
  4083.629      58.1     2.006      0.48                                        
  4083.630   23.0051     1.847     -4.37                                 KURHFS 
  4083.630   23.0051     1.847     -5.06                                 KURHFS 
  4083.630   23.0051     1.847     -6.17                                 KURHFS 
  4083.630   25.0055     2.162     -0.96                                 KURHFS 
  4083.630      26.0     3.637     -2.06                                        
  4083.631   25.0055     2.162     -1.56                                 KURHFS 
  4083.632   23.0051     1.847     -4.26                                 KURHFS 
  4083.632   23.0051     1.847     -5.27                                 KURHFS 
  4083.632   23.0051     1.847     -6.57                                 KURHFS 
  4083.633   25.0055     2.162     -2.60                                 KURHFS 
  4083.640   25.0055     2.162     -0.82                                 KURHFS 
  4083.642   25.0055     2.162     -1.74                                 KURHFS 
  4083.643   25.0055     2.162     -2.95                                 KURHFS 
  4083.649      23.1     2.759     -4.96                                        
  4083.679      25.1     1.775     -4.82                                        
  4083.702      64.0     0.864      0.47                                        
  4083.703      39.0     0.000     -0.60                                        
  4083.707      26.0     4.217     -1.72                                        
  4083.721      24.0     3.548     -3.17                                        
  4083.763      26.0     3.414     -1.87                                        
  4083.764      26.0     3.639     -1.79                                        
  4083.788      41.0     0.197     -1.76                                        
  4083.819      22.0     2.406     -5.17                                        
  4083.910      22.0     2.675     -3.01                                        
  4083.933      27.1     5.042     -6.44                                        
  4084.074      20.0     2.930     -1.88                                        
  4084.077   27.0059     3.620     -1.72                                 KURHFS 
  4084.099   27.0059     3.620     -1.86                                 KURHFS 
  4084.099   27.0059     3.620     -2.56                                 KURHFS 
  4084.108   27.0059     3.710     -5.01                                 KURHFS 
  4084.117   27.0059     3.620     -2.02                                 KURHFS 
  4084.117   27.0059     3.620     -2.36                                 KURHFS 
  4084.117   27.0059     3.620     -3.67                                 KURHFS 
  4084.129   27.0059     3.710     -4.15                                 KURHFS 
  4084.132   23.0051     2.357     -4.76                                 KURHFS 
  4084.132   27.0059     3.620     -2.22                                 KURHFS 
  4084.132   27.0059     3.620     -2.31                                 KURHFS 
  4084.132   27.0059     3.620     -3.26                                 KURHFS 
  4084.137   23.0051     2.357     -4.76                                 KURHFS 
  4084.137   23.0051     2.357     -4.93                                 KURHFS 
  4084.140   27.0059     3.710     -4.59                                 KURHFS 
  4084.145   23.0051     2.357     -4.59                                 KURHFS 
  4084.145   23.0051     2.357     -5.06                                 KURHFS 
  4084.145   23.0051     2.357     -5.18                                 KURHFS 
  4084.145   27.0059     3.620     -2.33                                 KURHFS 
  4084.145   27.0059     3.620     -2.48                                 KURHFS 
  4084.145   27.0059     3.620     -3.04                                 KURHFS 
  4084.154   27.0059     3.620     -2.42                                 KURHFS 
  4084.154   27.0059     3.620     -2.86                                 KURHFS 
  4084.154   27.0059     3.620     -2.91                                 KURHFS 
  4084.154   27.0059     3.710     -3.52                                 KURHFS 
  4084.156   23.0051     2.357     -4.59                                 KURHFS 
  4084.156   23.0051     2.357     -4.62                                 KURHFS 
  4084.156   23.0051     2.357     -5.61                                 KURHFS 
  4084.156   27.0059     3.710     -3.99                                 KURHFS 
  4084.160   27.0059     3.620     -2.61                                 KURHFS 
  4084.160   27.0059     3.620     -2.86                                 KURHFS 
  4084.162      26.0     3.209     -3.69                                        
  4084.163   27.0059     3.620     -2.89                                 KURHFS 
  4084.166   27.0059     3.710     -4.34                                 KURHFS 
  4084.167   25.0055     2.886     -4.31                                 KURHFS 
  4084.167   25.0055     2.886     -5.30                                 KURHFS 
  4084.168      41.0     0.656     -1.48                                        
  4084.169   23.0051     2.357     -4.34                                 KURHFS 
  4084.169   23.0051     2.357     -4.75                                 KURHFS 
  4084.170   23.0051     2.129     -3.89                                 KURHFS 
  4084.171   25.0055     2.886     -4.48                                 KURHFS 
  4084.171   25.0055     2.886     -5.12                                 KURHFS 
  4084.171   25.0055     2.886     -5.30                                 KURHFS 
  4084.175   23.0051     2.129     -3.77                                 KURHFS 
  4084.175   23.0051     2.129     -4.34                                 KURHFS 
  4084.175   25.0055     2.886     -4.67                                 KURHFS 
  4084.175   25.0055     2.886     -5.09                                 KURHFS 
  4084.175   25.0055     2.886     -5.12                                 KURHFS 
  4084.177   25.0055     2.886     -4.86                                 KURHFS 
  4084.177   25.0055     2.886     -5.09                                 KURHFS 
  4084.177   25.0055     2.886     -5.15                                 KURHFS 
  4084.177   27.0059     3.710     -3.74                                 KURHFS 
  4084.178   27.0059     3.710     -4.00                                 KURHFS 
  4084.179   25.0055     2.886     -5.03                                 KURHFS 
  4084.179   25.0055     2.886     -5.15                                 KURHFS 
  4084.179   25.0055     2.886     -5.35                                 KURHFS 
  4084.181   25.0055     2.886     -5.10                                 KURHFS 
  4084.181   25.0055     2.886     -5.35                                 KURHFS 
  4084.181      27.1     8.705     -3.71                                        
  4084.182   23.0051     2.129     -3.65                                 KURHFS 
  4084.182   23.0051     2.129     -4.13                                 KURHFS 
  4084.182   23.0051     2.129     -5.34                                 KURHFS 
  4084.184   23.0051     2.357     -4.12                                 KURHFS 
  4084.187   27.0059     3.710     -4.16                                 KURHFS 
  4084.190   23.0051     2.129     -3.54                                 KURHFS 
  4084.190   23.0051     2.129     -4.04                                 KURHFS 
  4084.190   23.0051     2.129     -5.13                                 KURHFS 
  4084.195   27.0059     3.710     -4.02                                 KURHFS 
  4084.195   27.0059     3.710     -4.16                                 KURHFS 
  4084.202   23.0051     2.129     -3.44                                 KURHFS 
  4084.202   23.0051     2.129     -4.00                                 KURHFS 
  4084.202   23.0051     2.129     -5.11                                 KURHFS 
  4084.207   27.0059     3.710     -4.46                                 KURHFS 
  4084.208      26.0     2.756     -4.21                                        
  4084.215   23.0051     2.129     -3.34                                 KURHFS 
  4084.215   23.0051     2.129     -4.01                                 KURHFS 
  4084.215   23.0051     2.129     -5.19                                 KURHFS 
  4084.230   23.0051     2.129     -3.25                                 KURHFS 
  4084.230   23.0051     2.129     -4.10                                 KURHFS 
  4084.230   23.0051     2.129     -5.38                                 KURHFS 
  4084.247      40.0     1.821      0.12                                        
  4084.248   23.0051     2.129     -3.17                                 KURHFS 
  4084.248   23.0051     2.129     -4.32                                 KURHFS 
  4084.248   23.0051     2.129     -5.77                                 KURHFS 
  4084.272   23.0051     2.364     -2.76                                 KURHFS 
  4084.272   23.0051     2.364     -3.04                                 KURHFS 
  4084.272   23.0051     2.364     -3.04                                 KURHFS 
  4084.272   23.0051     2.364     -4.06                                 KURHFS 
  4084.273   23.0051     2.364     -2.62                                 KURHFS 
  4084.273   23.0051     2.364     -2.76                                 KURHFS 
  4084.273   23.0051     2.364     -3.36                                 KURHFS 
  4084.275   23.0051     2.364     -2.55                                 KURHFS 
  4084.275   23.0051     2.364     -2.62                                 KURHFS 
  4084.275   23.0051     2.364     -2.91                                 KURHFS 
  4084.277   23.0051     2.364     -2.55                                 KURHFS 
  4084.277   23.0051     2.364     -2.55                                 KURHFS 
  4084.277   23.0051     2.364     -2.58                                 KURHFS 
  4084.277      45.0     0.322     -2.42                                        
  4084.280   23.0051     2.364     -2.32                                 KURHFS 
  4084.280   23.0051     2.364     -2.55                                 KURHFS 
  4084.280   23.0051     2.364     -2.61                                 KURHFS 
  4084.283   23.0051     2.364     -2.10                                 KURHFS 
  4084.283   23.0051     2.364     -2.61                                 KURHFS 
  4084.283   23.0051     2.364     -2.81                                 KURHFS 
  4084.285      42.0     2.595     -1.96                                        
  4084.286   23.0051     2.364     -1.91                                 KURHFS 
  4084.286   23.0051     2.364     -2.81                                 KURHFS 
  4084.309      24.0     3.077     -2.72                                        
  4084.363      28.0     3.938     -2.53                                        
  4084.370      62.1     0.333     -1.34                                 LAWLER 
  4084.372      42.0     2.075     -0.47                                        
  4084.380      20.0     5.923     -2.23                                        
  4084.492      26.0     3.329     -0.59                                        
  4084.524      23.1     6.253     -1.76                                        
  4084.568      20.0     4.677     -3.75                                        
  4084.586      26.1     4.734     -5.36                                        
  4084.668      24.0     4.532     -2.54                                        
  4084.679      64.1     1.446     -0.66                                        
  4084.724   23.0051     1.182     -4.07                                 KURHFS 
  4084.724   23.0051     1.182     -4.39                                 KURHFS 
  4084.724   23.0051     1.182     -4.87                                 KURHFS 
  4084.732   23.0051     1.182     -4.39                                 KURHFS 
  4084.732   23.0051     1.182     -4.41                                 KURHFS 
  4084.732   23.0051     1.182     -4.54                                 KURHFS 
  4084.760      28.0     4.102     -2.14                                        
  4084.762      22.0     2.290     -3.45                                        
  4084.793      26.1     7.697     -2.91                                        
  4084.828      24.0     4.102     -1.02                                        
  4084.836      26.0     4.412     -3.21                                        
  4084.857      41.0     0.197     -0.98                                        
  4084.913      26.1     7.556     -4.59                                        
  4084.927      92.1     0.717     -0.94                                        
  4084.958      24.0     3.085     -2.90                                        
  4085.004      26.0     2.843     -1.28                                        
  4085.020      24.0     3.119     -1.54                                        
  4085.042      90.1     1.262     -0.21                                        
  4085.044      25.1     5.369     -2.54                                        
  4085.129      66.0     0.874     -0.05                                        
  4085.168      28.1     9.405     -3.62                                        
  4085.181      20.0     4.677     -5.00                                        
  4085.236      58.1     0.674     -0.15                                 LAWLER 
  4085.248      26.0     2.756     -2.64                                        
  4085.303      26.0     3.239     -0.71                                        
  4085.331      66.0     0.937      0.30                                        
  4085.355      44.0     1.192     -1.70                                        
  4085.383      26.0     3.069     -3.96                                        
  4085.388      63.1     1.229     -1.51                                        
  4085.390      25.1     5.544     -2.56                                        
  4085.393      23.1     4.772     -4.00                                        
  4085.405      25.1     5.376     -2.52                                        
  4085.423      44.0     2.071     -0.09                                        
  4085.434      90.0     1.090     -0.43                                        
  4085.442      22.0     0.899     -3.67                                        
  4085.467      25.0     4.791     -1.65                                        
  4085.520      24.0     4.609     -1.71                                        
  4085.555      23.0     2.573     -0.98                               KURNOHFS 
  4085.560      64.1     0.731     -0.01                                 LAWLER 
  4085.561      22.0     1.732     -6.41                                        
  4085.659      23.1     3.800     -1.48                                        
  4085.670      40.0     1.581     -0.12                                        
  4085.679      24.1     3.736     -5.48                                        
  4085.720      24.0     3.847     -1.53                                        
  4085.721      26.0     4.368     -3.48                                        
  4085.730      26.1     7.483     -2.81                                        
  4085.731      40.1     0.931     -1.61                                BIEMONT 
  4085.789      73.0     2.134     -0.86                                        
  4085.797      25.1     5.103     -3.82                                        
  4085.800      22.0     2.235     -6.80                                        
  4085.810      60.1     0.000     -1.16                                 LAWLER 
  4085.930      24.0     3.847     -1.11                                        
  4085.947      28.0     4.150     -1.62                                        
  4085.982      26.0     4.151     -1.20                                        
  4086.031      21.0     1.849     -0.71                               KURNOHFS 
