Ga I     4172       line list                                                   
  4170.038      58.1     1.455     -0.78                                BIEMONT
  4170.048      22.1      4.00    -4.713                                        
  4170.050      20.0      5.96    -5.168                                        
  4170.050      44.0      1.69    -0.950                                        
  4170.052      25.0      4.68    -2.596                                        
  4170.107      23.0      2.37    -3.737                                        
  4170.111      64.1      0.43    -1.405                                        
  4170.114      21.0      2.00    -1.361                                        
  4170.208      24.0      4.10     0.055                                        
  4170.231     106.0     1.974    -7.458               3.470                    
  4170.320     106.0     0.971    -5.697               3.470                    
  4170.349      42.0      1.34    -3.031                                        
  4170.360     106.0     0.971    -6.629               3.470                    
  4170.361      75.0      3.41     0.400                                        
  4170.391      24.0      3.13    -9.499                                        
  4170.433      22.0      2.70    -2.091                                        
  4170.449      69.0      2.35     0.386                                        
  4170.466      90.1      1.15    -0.862                                        
  4170.527      74.0      2.27    -0.270                                        
  4170.533      90.0      0.62    -0.519                                        
  4170.614      24.1      3.10    -3.398                                 ADJUST 
  4170.650      42.0      2.60    -1.758                                        
  4170.676     106.0     0.557    -4.525               3.470                    
  4170.693     106.0     2.443    -5.299               3.470                    
  4170.735      60.1      0.74    -0.810                                        
  4170.781      24.0      3.01    -3.686                                        
  4170.786      90.1      1.71    -0.903                                        
  4170.835      24.1      5.66    -3.571                                        
  4170.859     106.0     2.443    -5.314               3.470                    
  4170.866      22.1      4.90    -1.653                                        
  4170.887      27.0      3.69    -0.879                                        
  4170.894     106.0     1.089    -4.382               3.470                    
  4170.901      26.0      3.02    -1.046                                        
  4171.034      58.1     0.892     -1.20                                BIEMONT
  4171.042      22.0      2.15     0.954                                 ADJUST 
  4171.077      42.0      3.08    -1.032                                        
  4171.078      20.0      5.99    -5.710                                        
  4171.086     106.0     1.380    -5.005               3.470                    
  4171.122     106.0     3.003    -4.838               3.470                    
  4171.133     106.0     1.380    -5.032               3.470                    
  4171.186      74.0      0.60    -1.520                                        
  4171.237      27.0      3.69    -3.019                                        
  4171.249     106.0     2.748    -4.603               3.470                    
  4171.294      23.0      1.89    -0.692                                        
  4171.299      23.0      2.26    -2.536                                        
  4171.342     106.0     3.003    -4.850               3.470                    
  4171.343      23.0      2.29    -2.286                                        
  4171.383      58.1     0.736     -1.42                                BIEMONT
  4171.397      24.0      4.53    -0.578                                        
  4171.444      26.0      3.02    -4.699                                ADJUST  
  4171.450     106.0     3.232    -4.526               3.470                    
  4171.457      42.0      3.03    -1.560                                        
  4171.538      21.0      1.95    -1.613                                        
  4171.543      68.0      1.33     0.344                                        
  4171.553      62.1      0.43     -0.10                                 ADJUST 
  4171.589      92.1      0.22    -0.474                                NILSSON 
  4171.615      20.0      5.83    -3.792                                        
  4171.646      24.0      3.85    -0.765                                        
  4171.691      26.0      3.70    -0.979                                 ADJUST 
  4171.708      64.0      1.47     0.389                                        
  4171.820      59.1      0.37    -0.288                                        
  4171.827      25.0      2.95    -3.944                                        
  4171.891      22.1      2.60    -0.301                                 ADJUST 
  4171.899      26.0      3.30    -1.675                                        
  4171.903      24.1      3.11    -2.383                                        
  4171.976      27.1      2.73    -3.591                                        
  4172.039      31.0      0.10    -0.324                                 MORTON 
  4172.031      21.0      2.29    -3.031                                        
  4172.120      26.0      3.25    -0.839                                   ADJ  
  4172.152      58.1     0.357     -1.04                                BIEMONT
  4172.163      25.1      5.44    -4.642                                        
  4172.178      23.0      2.64    -1.127                                        
  4172.202      26.1      4.73    -4.270                                        
  4172.217      68.0      0.62    -0.324                                        
  4172.239      59.1      0.20    -0.383                                        
  4172.274      20.0      5.83    -3.656                                        
  4172.304      26.0      3.25    -1.886                                   ADJ  
  4172.314      57.0      0.43    -0.930                                        
  4172.363      24.0      4.62    -3.988                                        
  4172.376     106.0     2.748    -4.587               3.470                    
  4172.386     106.0     1.090    -4.382               3.470                    
  4172.492     106.0     0.917    -1.029               3.470                    
  4172.494      24.0      3.83    -2.354                                        
  4172.515      24.0      4.53    -1.884                                        
  4172.548      76.0      1.26    -1.630                                        
  4172.553      27.0      3.69    -1.617                                        
  4172.565      77.0      2.05    -1.090                                        
  4172.574      26.0      3.30    -2.810                                        
  4172.581     106.0     0.917    -3.470               3.470                    
  4172.591      22.0      1.88    -1.756                                        
  4172.591      24.1      3.11    -2.356                                        
  4172.642      26.0      3.33    -1.301                                 ADJUST 
  4172.689     106.0     0.917    -1.046               3.470                    
  4172.744      24.0      2.98    -5.021                                        
  4172.744      26.0      0.96    -3.248                                        
  4172.765      24.0      4.86    -2.802                                        
  4172.771      24.0      4.62     0.248                                        
  4172.791      24.0      3.97    -0.808                                        
  4172.960      26.0      3.64    -1.921                                  ADJUST
  4172.964      26.0      4.22    -1.854                                  ADJUST
  4172.973      92.1      0.78    -1.051                                        
  4172.981      23.0      2.62    -2.870                                        
  4173.014      25.0      5.09    -2.827                                        
  4173.077      22.1      2.06    -4.378                                        
  4173.078     106.0     3.326    -2.330               3.470                    
  4173.151      58.1     0.902     -1.51                                BIEMONT
  4173.178      26.0      3.40    -4.736                                        
  4173.185      23.0      1.71    -4.215                                        
  4173.193     106.0     3.326    -2.320               3.470                    
  4173.197      67.0      0.00    -0.025                                        
  4173.232      76.0      0.64    -1.410                                        
  4173.255      23.0      2.36    -3.569                                        
  4173.282      26.0      3.64    -4.972                                        
  4173.283      28.0      3.80    -3.950                                        
  4173.301     106.0     3.326    -5.803               3.470                    
  4173.300      26.0      2.85    -1.456                                 ADJUST 
  4173.371      60.1      0.06    -1.500                                 LAWLER 
  4173.451      26.1      2.58    -2.699                                 ADJUST 
  4173.473      26.0      3.02    -2.185                                        
  4173.527      27.0      2.54    -2.711                                        
  4173.537      22.1      1.08    -2.000                                 ADJUST 
  4173.549      64.1      1.60    -0.284                                        
  4173.648      20.0      4.62    -2.027                                        
  4173.809      26.0      3.27    -7.290                                        
  4173.837      24.0      3.01    -1.875                                        
  4173.842     106.0     0.969    -6.124               3.470                    
  4173.850      20.0      5.81    -5.111                                        
  4173.873      24.0      4.53    -0.962                                        
  4173.899      20.0      4.77    -2.922                                        
  4173.921      26.0      0.99    -3.398                                 ADJUST 
  4173.948      41.0      2.24     0.170                                        
  4173.950      58.1     0.175     -2.37                                BIEMONT
  4173.981      22.0      2.25    -3.435                                        
