Nd II    4109.4       line list
  4106.027      24.0     3.110     -3.13                                        
  4106.133      58.1     0.721     -0.87                                 LAWLER 
  4106.169      41.0     1.120     -1.08                                        
  4106.175      26.0     4.383     -2.93                                        
  4106.238      26.0     4.214     -1.84                                        
  4106.259      26.0     2.586     -2.30                                        
  4106.272      23.0     2.579     -2.35                               KURNOHFS 
  4106.280      62.0     0.282     -2.06                                        
  4106.296      27.0     2.955     -2.73                               KURNOHFS 
  4106.312      24.0     3.823     -2.25                                        
  4106.347      22.0     1.748     -5.78                                        
  4106.378      66.1     1.223     -0.96                                        
  4106.384      39.0     2.294      0.09                                        
  4106.390   27.0059     3.064     -4.79                                 KURHFS 
  4106.398   27.0059     3.064     -4.79                                 KURHFS 
  4106.398   27.0059     3.064     -4.96                                 KURHFS 
  4106.410   27.0059     3.064     -4.62                                 KURHFS 
  4106.410   27.0059     3.064     -5.09                                 KURHFS 
  4106.410   27.0059     3.064     -5.21                                 KURHFS 
  4106.422      26.0     3.394     -1.51                                        
  4106.425      20.0     4.677     -3.15                                        
  4106.426   27.0059     3.064     -4.62                                 KURHFS 
  4106.426   27.0059     3.064     -4.65                                 KURHFS 
  4106.426   27.0059     3.064     -5.64                                 KURHFS 
  4106.447   27.0059     3.064     -4.37                                 KURHFS 
  4106.447   27.0059     3.064     -4.78                                 KURHFS 
  4106.471   27.0059     3.064     -4.15                                 KURHFS 
  4106.498      21.0     4.429     -2.18                                        
  4106.498      21.0     4.429     -3.37                                        
  4106.547      72.0     1.305     -0.98                                        
  4106.560      60.1     0.559     -1.05                                 LAWLER 
  4106.583      68.1     1.560     -0.60                                        
  4106.610      62.1     0.543     -1.58                                 LAWLER 
  4106.710      24.0     3.842     -3.75                                        
  4106.723      22.0     2.660     -3.91                                        
  4106.744   23.0051     1.217     -5.46                                 KURHFS 
  4106.744   23.0051     1.217     -5.72                                 KURHFS 
  4106.745   23.0051     1.217     -5.27                                 KURHFS 
  4106.745   23.0051     1.217     -5.46                                 KURHFS 
  4106.745   23.0051     1.217     -7.37                                 KURHFS 
  4106.747   23.0051     1.217     -5.20                                 KURHFS 
  4106.747   23.0051     1.217     -5.27                                 KURHFS 
  4106.747   23.0051     1.217     -6.13                                 KURHFS 
  4106.750   23.0051     1.217     -5.20                                 KURHFS 
  4106.750   23.0051     1.217     -5.23                                 KURHFS 
  4106.750   23.0051     1.217     -5.41                                 KURHFS 
  4106.753   23.0051     1.217     -5.01                                 KURHFS 
  4106.753   23.0051     1.217     -5.23                                 KURHFS 
  4106.753   23.0051     1.217     -5.41                                 KURHFS 
  4106.757   23.0051     1.217     -4.71                                 KURHFS 
  4106.757   23.0051     1.217     -5.41                                 KURHFS 
  4106.780      41.0     0.197     -1.52                                        
  4106.844      58.1     1.999      0.27                                        
  4106.857      27.0     3.729     -3.73                               KURNOHFS 
  4106.859      63.0     1.601     -0.19                                        
  4106.879      22.0     2.675     -2.65                                        
  4106.906      24.0     3.119     -4.07                                        
  4106.907      58.1     0.495     -1.10                                 LAWLER 
  4106.912      26.0     4.100     -3.59                                        
  4106.934      92.1     0.000     -1.64                                        
  4107.026      26.0     4.309     -3.81                                        
  4107.170      66.1     1.360     -1.33                                 LAWLER 
  4107.177      58.1     0.445     -2.05                                 LAWLER 
  4107.216      26.0     2.482     -3.27                                        
  4107.270      62.1     0.104     -1.42                                 LAWLER 
  4107.284      26.0     3.637     -3.03                                        
  4107.316      27.0     2.716     -4.55                               KURNOHFS 
  4107.369      23.0     2.573     -2.25                               KURNOHFS 
  4107.372      90.1     1.377     -1.21                                        
  4107.386      26.0     4.383     -3.57                                        
  4107.390      62.1     0.543     -0.54                                 LAWLER 
  4107.423      58.1     0.495     -0.14                                 LAWLER 
  4107.426      22.0     2.235     -5.53                                        
  4107.438      60.1     1.337     -0.11                                        
  4107.459   23.0051     1.194     -2.74                                 KURHFS 
  4107.459   23.0051     1.194     -2.91                                 KURHFS 
  4107.462      42.0     2.068     -0.59                                        
  4107.463   23.0051     1.194     -2.61                                 KURHFS 
  4107.463   23.0051     1.194     -2.74                                 KURHFS 
  4107.467   23.0051     1.194     -2.61                                 KURHFS 
  4107.467   23.0051     1.194     -2.73                                 KURHFS 
  4107.467   23.0051     1.194     -2.93                                 KURHFS 
  4107.472   23.0051     1.194     -2.31                                 KURHFS 
  4107.472   23.0051     1.194     -2.73                                 KURHFS 
  4107.488      26.0     2.829     -0.73                                        
  4107.492      45.0     1.832     -1.30                                        
  4107.507      59.1     1.157     -0.73                                        
  4107.513      26.0     4.317     -2.03                                        
  4107.551      40.0     1.481     -0.22                                        
  4107.586      25.0     4.675     -1.31                                        
  4107.752      26.0     3.600     -3.57                                        
  4107.775      25.1     5.393     -4.28                                        
  4107.790      62.1     0.104     -2.16                                 LAWLER 
  4107.794      58.1     1.087     -0.78                                        
  4107.834      44.0     1.821     -0.71                                        
  4107.857      20.0     4.677     -3.50                                        
  4107.861      90.0     0.457     -1.25                                        
  4107.865      25.0     4.602     -0.61                                        
  4107.929      69.0     2.074      0.14                                        
  4107.934      26.0     4.206     -1.76                                        
  4107.945      24.0     3.011     -3.12                                        
  4107.955      60.1     1.751      0.30                                        
  4108.027      26.0     3.692     -2.61                                        
  4108.052      44.0     1.512     -1.50                                        
  4108.120      42.0     2.985     -1.33                                        
  4108.125      23.0     1.941     -3.24                               KURNOHFS 
  4108.130      26.0     3.239     -2.14                                        
  4108.140      23.0     3.252     -3.68                               KURNOHFS 
  4108.196   23.0051     2.113     -0.73                                 KURHFS 
  4108.196   23.0051     2.113     -0.95                                 KURHFS 
  4108.196   23.0051     2.113     -1.20                                 KURHFS 
  4108.196   23.0051     2.113     -1.21                                 KURHFS 
  4108.196   23.0051     2.113     -1.23                                 KURHFS 
  4108.196   23.0051     2.113     -1.36                                 KURHFS 
  4108.196   23.0051     2.113     -1.37                                 KURHFS 
  4108.196   23.0051     2.113     -1.37                                 KURHFS 
  4108.196   23.0051     2.113     -1.54                                 KURHFS 
  4108.196   23.0051     2.113     -1.67                                 KURHFS 
  4108.196   23.0051     2.113     -1.79                                 KURHFS 
  4108.196   23.0051     2.113     -2.22                                 KURHFS 
  4108.251      58.1     0.896     -1.27                                        
  4108.275   27.0059     3.710     -6.27                                 KURHFS 
  4108.275   27.0059     3.710     -6.52                                 KURHFS 
  4108.277      25.0     4.191     -3.00                                        
  4108.283   27.0059     3.710     -6.07                                 KURHFS 
  4108.283   27.0059     3.710     -6.27                                 KURHFS 
  4108.283   27.0059     3.710     -8.18                                 KURHFS 
  4108.296   27.0059     3.710     -6.00                                 KURHFS 
  4108.296   27.0059     3.710     -6.07                                 KURHFS 
  4108.296   27.0059     3.710     -6.93                                 KURHFS 
  4108.310      62.1     0.378     -1.45                                 LAWLER 
  4108.311      26.0     3.684     -6.16                                        
  4108.313   27.0059     3.710     -6.00                                 KURHFS 
  4108.313   27.0059     3.710     -6.04                                 KURHFS 
  4108.313   27.0059     3.710     -6.22                                 KURHFS 
  4108.314      24.0     4.443     -3.70                                        
  4108.319      23.0     2.676     -3.65                               KURNOHFS 
  4108.334   27.0059     3.710     -5.81                                 KURHFS 
  4108.334   27.0059     3.710     -6.04                                 KURHFS 
  4108.334   27.0059     3.710     -6.22                                 KURHFS 
  4108.352      92.0     0.000     -1.21                                        
  4108.359   27.0059     3.710     -5.52                                 KURHFS 
  4108.359   27.0059     3.710     -6.22                                 KURHFS 
  4108.367      22.0     2.295     -1.88                                        
  4108.385      40.0     0.542     -1.04                                        
  4108.386      64.1     1.569     -0.49                                        
  4108.387      24.0     2.706     -2.83                                        
  4108.420      90.1     0.556     -0.84                                        
  4108.442   27.0059     0.174     -7.22                                 KURHFS 
  4108.448      26.0     4.253     -4.46                                        
  4108.451   27.0059     0.174     -7.04                                 KURHFS 
  4108.459   27.0059     0.174     -7.00                                 KURHFS 
  4108.463   27.0059     0.174     -6.52                                 KURHFS 
  4108.466   27.0059     0.174     -7.07                                 KURHFS 
  4108.468   27.0059     0.174     -6.81                                 KURHFS 
  4108.473   27.0059     0.174     -7.21                                 KURHFS 
  4108.473   27.0059     0.174     -7.27                                 KURHFS 
  4108.477      20.0     4.677     -7.66                                        
  4108.477   27.0059     0.174     -7.93                                 KURHFS 
  4108.480   27.0059     0.174     -9.18                                 KURHFS 
  4108.482   27.0059     0.174     -7.52                                 KURHFS 
  4108.483      22.0     2.159     -3.07                                        
  4108.488   27.0059     0.174     -7.27                                 KURHFS 
  4108.489   27.0059     0.174     -7.22                                 KURHFS 
  4108.490   27.0059     0.174     -7.00                                 KURHFS 
  4108.490   27.0059     0.174     -7.04                                 KURHFS 
  4108.490   27.0059     0.174     -7.07                                 KURHFS 
  4108.498   23.0051     2.364     -5.87                                 KURHFS 
  4108.498   23.0051     2.364     -6.12                                 KURHFS 
  4108.498   23.0051     2.364     -6.15                                 KURHFS 
  4108.500   23.0051     2.364     -5.68                                 KURHFS 
  4108.500   23.0051     2.364     -6.12                                 KURHFS 
  4108.500   23.0051     2.364     -6.17                                 KURHFS 
  4108.501   23.0051     2.364     -5.59                                 KURHFS 
  4108.501   23.0051     2.364     -5.74                                 KURHFS 
  4108.501   23.0051     2.364     -6.30                                 KURHFS 
  4108.503   23.0051     2.364     -5.48                                 KURHFS 
  4108.503   23.0051     2.364     -5.57                                 KURHFS 
  4108.503   23.0051     2.364     -6.52                                 KURHFS 
  4108.506   23.0051     2.364     -5.28                                 KURHFS 
  4108.506   23.0051     2.364     -5.62                                 KURHFS 
  4108.506   23.0051     2.364     -6.93                                 KURHFS 
  4108.509   23.0051     2.364     -5.12                                 KURHFS 
  4108.509   23.0051     2.364     -5.82                                 KURHFS 
  4108.513   23.0051     2.364     -4.98                                 KURHFS 
  4108.526      20.0     2.707     -0.60                                        
  4108.527      74.0     2.244     -0.74                                        
  4108.535   23.0051     1.349     -8.54                                 KURHFS 
  4108.537   23.0051     1.349     -8.26                                 KURHFS 
  4108.537   23.0051     1.349     -8.51                                 KURHFS 
  4108.542   23.0051     1.349     -8.07                                 KURHFS 
  4108.542   23.0051     1.349     -8.51                                 KURHFS 
  4108.542   23.0051     1.349     -8.56                                 KURHFS 
  4108.549   23.0051     1.349     -7.98                                 KURHFS 
  4108.549   23.0051     1.349     -8.12                                 KURHFS 
  4108.549   23.0051     1.349     -8.69                                 KURHFS 
  4108.558   23.0051     1.349     -7.87                                 KURHFS 
  4108.558   23.0051     1.349     -7.96                                 KURHFS 
  4108.558   23.0051     1.349     -8.91                                 KURHFS 
  4108.569   23.0051     1.349     -7.67                                 KURHFS 
  4108.569   23.0051     1.349     -8.01                                 KURHFS 
  4108.569   23.0051     1.349     -9.32                                 KURHFS 
  4108.582   23.0051     1.349     -7.51                                 KURHFS 
  4108.582   23.0051     1.349     -8.21                                 KURHFS 
  4108.598   23.0051     1.349     -7.37                                 KURHFS 
  4108.608      24.0     3.553     -4.46                                        
  4108.631      24.0     3.011     -5.41                                        
  4108.828      58.1     0.634     -2.39                                 LAWLER 
  4108.859      26.0     3.249     -5.63                                        
  4108.907      26.0     4.188     -1.41                                        
  4109.019   23.0051     1.194     -3.17                                 KURHFS 
  4109.022   23.0051     1.194     -3.15                                 KURHFS 
  4109.022   23.0051     1.194     -3.63                                 KURHFS 
  4109.027   23.0051     1.194     -3.15                                 KURHFS 
  4109.027   23.0051     1.194     -3.30                                 KURHFS 
  4109.032   23.0051     1.194     -2.83                                 KURHFS 
  4109.056      26.0     3.289     -1.47                                        
  4109.070      60.1     0.064     -0.16                                 LAWLER 
  4109.150      25.0     3.370     -5.47                               KURNOHFS 
  4109.182      23.0     2.581     -4.26                               KURNOHFS 
  4109.217      25.1     5.394     -3.32                                        
  4109.294      22.0     2.693     -2.35                                        
  4109.301      28.0     3.462     -4.93                                        
  4109.323      90.0     1.005     -0.71                                        
  4109.325      68.0     0.862     -0.10                                        
  4109.358      24.0     3.432     -3.75                                        
  4109.390      62.1     0.277     -1.04                                 LAWLER 
  4109.401      22.0     2.425     -6.64                                        
  4109.413      24.0     4.413     -3.04                                        
  4109.446   27.0059     2.079     -5.05                                 KURHFS 
  4109.446   27.0059     2.079     -5.31                                 KURHFS 
  4109.450      60.1     0.320      0.35                                 LAWLER 
  4109.461   27.0059     2.079     -4.85                                 KURHFS 
  4109.461   27.0059     2.079     -5.05                                 KURHFS 
  4109.461   27.0059     2.079     -6.96                                 KURHFS 
  4109.480      69.1     1.086     -2.71                                 LAWLER 
  4109.484   27.0059     2.079     -4.79                                 KURHFS 
  4109.484   27.0059     2.079     -4.85                                 KURHFS 
  4109.484   27.0059     2.079     -5.72                                 KURHFS 
  4109.515   27.0059     2.079     -4.79                                 KURHFS 
  4109.515   27.0059     2.079     -4.82                                 KURHFS 
  4109.515   27.0059     2.079     -5.00                                 KURHFS 
  4109.539      58.1     0.435     -1.28                                 LAWLER 
  4109.554   27.0059     2.079     -4.59                                 KURHFS 
  4109.554   27.0059     2.079     -4.82                                 KURHFS 
  4109.554   27.0059     2.079     -5.00                                 KURHFS 
  4109.573      24.0     2.707     -1.26                                        
  4109.584      24.0     4.444     -4.35                                        
  4109.593   27.0059     0.000     -9.93                                 KURHFS 
  4109.595      22.0     2.486     -4.31                                        
  4109.599      24.0     3.548     -3.09                                        
  4109.602   27.0059     2.079     -4.30                                 KURHFS 
  4109.602   27.0059     2.079     -5.00                                 KURHFS 
  4109.611   27.0059     0.000     -8.63                                 KURHFS 
  4109.611   27.0059     0.000     -9.54                                 KURHFS 
  4109.626   27.0059     0.000     -8.42                                 KURHFS 
  4109.627   27.0059     0.000     -9.33                                 KURHFS 
  4109.631   27.0059     0.000     -7.62                                 KURHFS 
  4109.633      44.0     1.130     -2.01                                        
  4109.640   27.0059     0.000     -8.35                                 KURHFS 
  4109.641   27.0059     0.000     -9.23                                 KURHFS 
  4109.644   27.0059     0.000     -7.73                                 KURHFS 
  4109.651   27.0059     0.000     -8.34                                 KURHFS 
  4109.653   27.0059     0.000     -9.23                                 KURHFS 
  4109.655   27.0059     0.000     -7.84                                 KURHFS 
  4109.660   27.0059     0.000     -8.39                                 KURHFS 
  4109.662   27.0059     0.000     -9.39                                 KURHFS 
  4109.664   27.0059     0.000     -7.97                                 KURHFS 
  4109.667   27.0059     0.000     -8.49                                 KURHFS 
  4109.670   27.0059     0.000     -8.12                                 KURHFS 
  4109.672   27.0059     0.000     -8.69                                 KURHFS 
  4109.675   27.0059     0.000     -8.29                                 KURHFS 
  4109.676   27.0059     0.000     -8.76                                 KURHFS 
  4109.677   27.0059     0.000     -8.49                                 KURHFS 
  4109.732      27.0     3.527     -1.66                               KURNOHFS 
  4109.749      74.0     1.654     -0.90                                        
  4109.767   23.0051     0.262     -1.08                                 KURHFS 
  4109.767   23.0051     0.262     -1.10                                 KURHFS 
  4109.767   23.0051     0.262     -1.23                                 KURHFS 
  4109.784   23.0051     0.262     -0.76                                 KURHFS 
  4109.784   23.0051     0.262     -1.08                                 KURHFS 
  4109.784   23.0051     0.262     -1.56                                 KURHFS 
  4109.793      57.0     0.130     -1.21                                        
  4109.802      26.0     2.843     -0.91                                        
  4109.803      26.0     4.291     -4.36                                        
  4109.815      23.0     1.042     -5.66                               KURNOHFS 
  4109.869      41.0     0.656     -1.84                                        
  4109.891      24.0     4.532     -2.90                                        
  4109.953      20.0     4.621     -3.82                                        
  4109.962      24.0     3.844     -2.64                                        
  4110.009   27.0059     3.729     -1.23                                 KURHFS 
  4110.009   27.0059     3.729     -1.86                                 KURHFS 
  4110.009   27.0059     3.729     -2.73                                 KURHFS 
  4110.040      25.0     4.636     -3.26                                        
  4110.058   27.0059     3.729     -1.45                                 KURHFS 
  4110.058   27.0059     3.729     -1.70                                 KURHFS 
  4110.058   27.0059     3.729     -2.30                                 KURHFS 
  4110.060      40.1     0.757     -1.40                                        
  4110.097   27.0059     3.729     -1.71                                 KURHFS 
  4110.097   27.0059     3.729     -1.73                                 KURHFS 
  4110.097   27.0059     3.729     -2.05                                 KURHFS 
  4110.126   27.0059     3.729     -1.87                                 KURHFS 
  4110.126   27.0059     3.729     -1.87                                 KURHFS 
  4110.126   27.0059     3.729     -2.17                                 KURHFS 
  4110.180      62.1     0.659     -0.98                                 LAWLER 
  4110.370      26.0     4.442     -4.31                                        
  4110.381      58.1     1.089     -0.11                                BIEMONT 
  4110.427      64.1     1.446     -0.83                                        
  4110.470      60.1     0.000     -0.71                                 LAWLER 
  4110.496   27.0059     1.048     -2.42                                 KURHFS 
  4110.500   27.0059     1.048     -2.24                                 KURHFS 
  4110.504   27.0059     1.048     -2.21                                 KURHFS 
  4110.509   27.0059     1.048     -2.28                                 KURHFS 
  4110.514   27.0059     1.048     -2.48                                 KURHFS 
  4110.514      90.1     1.547     -0.74                                        
  4110.526   27.0059     1.048     -2.73                                 KURHFS 
  4110.526   27.0059     1.048     -4.38                                 KURHFS 
  4110.528   27.0059     1.048     -3.14                                 KURHFS 
  4110.529   27.0059     1.048     -2.42                                 KURHFS 
  4110.531   27.0059     1.048     -2.02                                 KURHFS 
  4110.533   27.0059     1.048     -1.73                                 KURHFS 
  4110.538   27.0059     1.048     -2.48                                 KURHFS 
  4110.545   27.0059     1.048     -2.28                                 KURHFS 
  4110.553   27.0059     1.048     -2.21                                 KURHFS 
  4110.561   27.0059     1.048     -2.24                                 KURHFS 
  4110.562      74.0     2.265     -0.73                                        
  4110.568   27.0059     1.048     -2.42                                 KURHFS 
  4110.577      24.0     4.172     -3.78                                        
  4110.589      25.0     4.602     -2.74                                        
  4110.598      64.1     1.373     -0.38                                        
  4110.635      90.1     0.774     -1.50                                        
  4110.701      42.0     2.678     -1.86                                        
  4110.717   23.0051     2.121     -2.06                                 KURHFS 
  4110.718   23.0051     2.121     -1.78                                 KURHFS 
  4110.718   23.0051     2.121     -2.06                                 KURHFS 
  4110.718   23.0051     2.121     -3.08                                 KURHFS 
  4110.722   23.0051     2.121     -1.64                                 KURHFS 
  4110.722   23.0051     2.121     -1.78                                 KURHFS 
  4110.722   23.0051     2.121     -2.38                                 KURHFS 
  4110.726      22.0     2.152     -3.14                                        
  4110.726   23.0051     2.121     -1.57                                 KURHFS 
  4110.726   23.0051     2.121     -1.64                                 KURHFS 
  4110.726   23.0051     2.121     -1.93                                 KURHFS 
  4110.732   23.0051     2.121     -1.57                                 KURHFS 
  4110.732   23.0051     2.121     -1.57                                 KURHFS 
  4110.732   23.0051     2.121     -1.60                                 KURHFS 
  4110.740   23.0051     2.121     -1.34                                 KURHFS 
  4110.740   23.0051     2.121     -1.57                                 KURHFS 
  4110.740   23.0051     2.121     -1.63                                 KURHFS 
  4110.743      24.1     4.924     -3.93                                        
  4110.745   23.0051     2.129     -3.61                                 KURHFS 
  4110.745   23.0051     2.129     -3.81                                 KURHFS 
  4110.750   23.0051     2.121     -1.12                                 KURHFS 
  4110.750   23.0051     2.121     -1.63                                 KURHFS 
  4110.750   23.0051     2.121     -1.84                                 KURHFS 
  4110.750   23.0051     2.129     -3.58                                 KURHFS 
  4110.750   23.0051     2.129     -3.60                                 KURHFS 
  4110.750   23.0051     2.129     -3.81                                 KURHFS 
  4110.757   23.0051     2.129     -3.46                                 KURHFS 
  4110.757   23.0051     2.129     -3.48                                 KURHFS 
  4110.757   23.0051     2.129     -3.58                                 KURHFS 
  4110.760   23.0051     2.121     -0.93                                 KURHFS 
  4110.760   23.0051     2.121     -1.84                                 KURHFS 
  4110.766   23.0051     2.129     -3.29                                 KURHFS 
  4110.766   23.0051     2.129     -3.44                                 KURHFS 
  4110.766   23.0051     2.129     -3.48                                 KURHFS 
  4110.777   23.0051     2.129     -3.12                                 KURHFS 
  4110.777   23.0051     2.129     -3.44                                 KURHFS 
  4110.777   23.0051     2.129     -3.45                                 KURHFS 
  4110.790   23.0051     2.129     -2.96                                 KURHFS 
  4110.790   23.0051     2.129     -3.45                                 KURHFS 
  4110.790   23.0051     2.129     -3.53                                 KURHFS 
  4110.801      25.0     4.341     -1.02                                        
  4110.804      39.0     1.889     -0.19                                        
  4110.806   23.0051     2.129     -2.81                                 KURHFS 
  4110.806   23.0051     2.129     -3.53                                 KURHFS 
  4110.806   23.0051     2.129     -3.74                                 KURHFS 
  4110.808      22.0     2.091     -4.35                                        
  4110.824   23.0051     2.129     -2.68                                 KURHFS 
  4110.824   23.0051     2.129     -3.74                                 KURHFS 
  4110.835      58.1     0.320     -1.08                                 LAWLER 
  4110.888      75.0     2.136     -0.50                                        
  4110.895      25.0     4.329      0.09                                        
  4110.909      59.1     0.216     -1.56                                        
  4110.936      42.0     3.196    -10.00                                        
  4110.941      24.0     4.528      0.15                                        
  4110.959      24.0     2.897     -1.75                                        
  4110.990      24.1     3.755     -2.02                                        
  4110.997      23.0     2.576     -1.15                               KURNOHFS 
  4111.003      24.1     3.101     -1.92                                        
  4111.007      24.0     2.965     -4.39                                        
  4111.067      26.0     3.329     -3.02                                        
  4111.096      25.1     5.393     -5.48                                        
  4111.203      25.1     5.832     -5.91                                        
  4111.296      29.0     5.073     -1.92                                        
  4111.340      66.1     0.000     -0.89                                 LAWLER 
  4111.352      24.0     2.897     -0.67                                        
  4111.393      58.1     0.721     -0.35                                 LAWLER 
  4111.401      25.0     4.357     -3.36                                        
  4111.430      64.1     1.275     -0.21                                 LAWLER 
  4111.502      20.0     2.707     -4.47                                        
  4111.526      20.0     2.707     -5.78                                        
  4111.528   23.0051     1.948     -2.66                                 KURHFS 
  4111.531   23.0051     1.948     -2.40                                 KURHFS 
  4111.531   23.0051     1.948     -2.60                                 KURHFS 
  4111.534   23.0051     2.377     -3.79                                 KURHFS 
  4111.534   23.0051     2.377     -4.21                                 KURHFS 
  4111.536   23.0051     1.948     -2.19                                 KURHFS 
  4111.536   23.0051     1.948     -2.40                                 KURHFS 
  4111.536   23.0051     1.948     -3.29                                 KURHFS 
  4111.541   23.0051     2.377     -4.09                                 KURHFS 
  4111.541   23.0051     2.377     -4.21                                 KURHFS 
  4111.541   23.0051     2.377     -4.41                                 KURHFS 
  4111.544   23.0051     1.948     -2.02                                 KURHFS 
  4111.544   23.0051     1.948     -2.29                                 KURHFS 
  4111.544   23.0051     1.948     -3.14                                 KURHFS 
  4111.546   23.0051     2.377     -4.09                                 KURHFS 
  4111.546   23.0051     2.377     -4.22                                 KURHFS 
  4111.546      24.0     3.165     -6.52                                        
  4111.550   23.0051     2.377     -4.22                                 KURHFS 
  4111.550   23.0051     2.377     -4.39                                 KURHFS 
  4111.554   23.0051     1.948     -1.88                                 KURHFS 
  4111.554   23.0051     1.948     -2.25                                 KURHFS 
  4111.554   23.0051     1.948     -3.14                                 KURHFS 
  4111.566   23.0051     1.948     -1.75                                 KURHFS 
  4111.566   23.0051     1.948     -2.25                                 KURHFS 
  4111.566   23.0051     1.948     -3.24                                 KURHFS 
  4111.581   23.0051     1.948     -1.63                                 KURHFS 
  4111.581   23.0051     1.948     -2.33                                 KURHFS 
  4111.581   23.0051     1.948     -3.44                                 KURHFS 
  4111.583      26.0     2.947     -4.89                                        
  4111.599   23.0051     1.948     -1.53                                 KURHFS 
  4111.599   23.0051     1.948     -2.54                                 KURHFS 
  4111.599   23.0051     1.948     -3.84                                 KURHFS 
  4111.609      24.0     2.897     -2.35                                        
  4111.636      22.0     2.316     -6.63                                        
  4111.681      25.0     3.370     -3.39                               KURNOHFS 
  4111.693      27.1     2.983     -7.95                                        
  4111.730   23.0051     0.300     -1.23                                 KURHFS 
  4111.730   23.0051     0.300     -1.43                                 KURHFS 
  4111.735   23.0051     0.300     -1.21                                 KURHFS 
  4111.735   23.0051     0.300     -1.22                                 KURHFS 
  4111.735   23.0051     0.300     -1.43                                 KURHFS 
  4111.742   23.0051     0.300     -1.08                                 KURHFS 
  4111.742   23.0051     0.300     -1.10                                 KURHFS 
  4111.742   23.0051     0.300     -1.21                                 KURHFS 
  4111.744      64.1     1.526     -0.29                                        
  4111.751   23.0051     0.300     -0.91                                 KURHFS 
  4111.751   23.0051     0.300     -1.06                                 KURHFS 
  4111.751   23.0051     0.300     -1.10                                 KURHFS 
  4111.762   23.0051     0.300     -0.74                                 KURHFS 
  4111.762   23.0051     0.300     -1.06                                 KURHFS 
  4111.762   23.0051     0.300     -1.07                                 KURHFS 
  4111.772      22.0     2.394     -5.79                                        
  4111.776   23.0051     0.300     -0.58                                 KURHFS 
  4111.776   23.0051     0.300     -1.07                                 KURHFS 
  4111.776   23.0051     0.300     -1.15                                 KURHFS 
  4111.792   23.0051     0.300     -0.44                                 KURHFS 
  4111.792   23.0051     0.300     -1.15                                 KURHFS 
  4111.792   23.0051     0.300     -1.36                                 KURHFS 
  4111.811   23.0051     0.300     -0.30                                 KURHFS 
  4111.811   23.0051     0.300     -1.36                                 KURHFS 
  4111.813      74.0     0.207     -2.72                                        
  4111.866      59.1     0.055     -1.19                                        
  4111.877      26.1     5.952     -2.16                                        
  4111.905   23.0051     1.929     -3.72                                 KURHFS 
  4111.905      23.1     2.759     -3.02                                        
  4111.913   23.0051     1.929     -3.72                                 KURHFS 
  4111.913   23.0051     1.929     -3.90                                 KURHFS 
  4111.922      58.1     0.792     -0.96                                 LAWLER 
  4111.925   23.0051     1.929     -3.56                                 KURHFS 
  4111.925   23.0051     1.929     -4.02                                 KURHFS 
  4111.925   23.0051     1.929     -4.15                                 KURHFS 
  4111.940   23.0051     1.929     -3.55                                 KURHFS 
  4111.940   23.0051     1.929     -3.58                                 KURHFS 
  4111.940   23.0051     1.929     -4.58                                 KURHFS 
  4111.947   23.0051     1.063     -2.47                                 KURHFS 
  4111.947   23.0051     1.063     -3.31                                 KURHFS 
  4111.947   23.0051     1.063     -4.42                                 KURHFS 
  4111.951   23.0051     1.063     -2.61                                 KURHFS 
  4111.951   23.0051     1.063     -3.11                                 KURHFS 
  4111.951   23.0051     1.063     -4.01                                 KURHFS 
  4111.955   23.0051     1.063     -2.77                                 KURHFS 
  4111.955   23.0051     1.063     -3.06                                 KURHFS 
  4111.955   23.0051     1.063     -3.79                                 KURHFS 
  4111.958   23.0051     1.944     -2.55                                 KURHFS 
  4111.958   23.0051     1.944     -2.80                                 KURHFS 
  4111.958   23.0051     1.944     -2.83                                 KURHFS 
  4111.959   23.0051     1.063     -2.97                                 KURHFS 
  4111.959   23.0051     1.063     -3.08                                 KURHFS 
  4111.959   23.0051     1.063     -3.67                                 KURHFS 
  4111.959   23.0051     1.929     -3.30                                 KURHFS 
  4111.959   23.0051     1.929     -3.71                                 KURHFS 
  4111.961   23.0051     1.063     -3.17                                 KURHFS 
  4111.961   23.0051     1.063     -3.23                                 KURHFS 
  4111.961   23.0051     1.063     -3.62                                 KURHFS 
  4111.961   23.0051     1.944     -2.36                                 KURHFS 
  4111.961   23.0051     1.944     -2.41                                 KURHFS 
  4111.961   23.0051     1.944     -2.80                                 KURHFS 
  4111.963   23.0051     1.063     -3.36                                 KURHFS 
  4111.963   23.0051     1.063     -3.62                                 KURHFS 
  4111.963   23.0051     1.063     -3.65                                 KURHFS 
  4111.967   23.0051     1.944     -2.16                                 KURHFS 
  4111.967   23.0051     1.944     -2.27                                 KURHFS 
  4111.967   23.0051     1.944     -2.85                                 KURHFS 
  4111.973   23.0051     1.944     -1.96                                 KURHFS 
  4111.973   23.0051     1.944     -2.25                                 KURHFS 
  4111.973   23.0051     1.944     -2.98                                 KURHFS 
  4111.980      22.0     2.304     -1.00                                        
  4111.982   23.0051     1.929     -3.08                                 KURHFS 
  4111.982   23.0051     1.944     -1.80                                 KURHFS 
  4111.982   23.0051     1.944     -2.30                                 KURHFS 
  4111.982   23.0051     1.944     -3.20                                 KURHFS 
  4111.992   23.0051     1.944     -1.66                                 KURHFS 
  4111.992   23.0051     1.944     -2.50                                 KURHFS 
  4111.992   23.0051     1.944     -3.61                                 KURHFS 
  4112.009   23.0051     2.121     -2.00                                 KURHFS 
  4112.010   23.0051     2.121     -1.71                                 KURHFS 
  4112.010   23.0051     2.121     -1.97                                 KURHFS 
  4112.013   23.0051     2.121     -1.52                                 KURHFS 
  4112.013   23.0051     2.121     -1.97                                 KURHFS 
  4112.013   23.0051     2.121     -2.02                                 KURHFS 
  4112.018   23.0051     2.121     -1.43                                 KURHFS 
  4112.018   23.0051     2.121     -1.58                                 KURHFS 
  4112.018   23.0051     2.121     -2.14                                 KURHFS 
  4112.024   23.0051     2.121     -1.32                                 KURHFS 
  4112.024   23.0051     2.121     -1.41                                 KURHFS 
  4112.024   23.0051     2.121     -2.36                                 KURHFS 
  4112.032   23.0051     2.121     -1.12                                 KURHFS 
  4112.032   23.0051     2.121     -1.46                                 KURHFS 
  4112.032   23.0051     2.121     -2.77                                 KURHFS 
  4112.041   23.0051     2.121     -0.96                                 KURHFS 
  4112.041   23.0051     2.121     -1.66                                 KURHFS 
  4112.052   23.0051     2.121     -0.82                                 KURHFS 
  4112.057      23.0     1.042     -3.73                               KURNOHFS 
