Nd II    4446.4      line list
  4442.903      23.0     2.676     -3.17                               KURNOHFS 
  4442.912   25.0055     3.132     -7.08                                 KURHFS 
  4442.912   25.0055     3.132     -7.14                                 KURHFS 
  4442.912   25.0055     3.132     -8.24                                 KURHFS 
  4442.928   25.0055     3.132     -6.81                                 KURHFS 
  4442.928   25.0055     3.132     -7.29                                 KURHFS 
  4442.947   25.0055     3.132     -6.60                                 KURHFS 
  4443.003      22.0     1.979     -5.33                                        
  4443.008      40.1     1.485     -0.33                                        
  4443.019      25.1     6.172     -4.55                                        
  4443.069      42.0     1.419     -1.88                                        
  4443.083      72.0     2.277     -0.52                                        
  4443.087      90.1     1.038     -1.71                                        
  4443.108      22.0     1.979     -4.41                                        
  4443.153      22.0     2.394     -1.43                                        
  4443.156      26.0     3.412     -3.08                                        
  4443.173      23.0     1.891     -1.98                               KURNOHFS 
  4443.194      26.0     2.856     -1.02                                        
  4443.195      21.0     3.099     -1.45                               KURNOHFS 
  4443.196      26.0     3.069     -2.91                                        
  4443.231      23.1     3.750     -3.25                                        
  4443.266      62.0     0.282     -0.85                                        
  4443.335      23.0     2.682      0.33                               KURNOHFS 
  4443.429      42.0     3.185     -1.65                                        
  4443.448      23.0     2.573     -1.73                               KURNOHFS 
  4443.450      20.0     5.792     -5.75                                        
  4443.453      24.0     3.123     -3.30                                        
  4443.627      22.0     3.152     -4.19                                        
  4443.650      39.0     1.429     -0.60                                        
  4443.707      24.0     3.553     -0.88                                        
  4443.747      58.1     0.674     -0.73                                 LAWLER 
  4443.794      22.1     1.079     -0.70                                        
  4443.879      26.0     4.545     -2.80                                        
  4443.912      24.0     3.123     -2.64                                        
  4443.913      26.0     2.557     -6.14                                        
  4443.958      20.0     5.983     -4.89                                        
  4443.990      42.0     3.205     -0.89                                        
  4443.993      23.0     2.579     -0.87                               KURNOHFS 
  4444.064      22.0     2.406     -1.64                                        
  4444.074      74.0     2.600     -1.04                                        
  4444.110      60.1     0.320     -2.03                                 LAWLER 
  4444.116      14.0     4.950     -2.03                                        
  4444.151      28.1     4.029     -4.76                                        
  4444.186   23.0051     0.267     -1.74                                 KURHFS 
  4444.186   23.0051     0.267     -1.91                                 KURHFS 
  4444.194   23.0051     0.267     -1.61                                 KURHFS 
  4444.194   23.0051     0.267     -1.74                                 KURHFS 
  4444.205   23.0051     0.267     -1.61                                 KURHFS 
  4444.205   23.0051     0.267     -1.73                                 KURHFS 
  4444.205   23.0051     0.267     -1.93                                 KURHFS 
  4444.208      23.1     1.816     -4.07                                        
  4444.211      24.0     3.123     -2.84                                        
  4444.219   23.0051     0.267     -1.32                                 KURHFS 
  4444.219   23.0051     0.267     -1.73                                 KURHFS 
  4444.240      42.0     3.209     -1.78                                        
  4444.259      22.0     2.238     -1.01                                        
  4444.270      62.1     0.543     -0.47                                 LAWLER 
  4444.296      60.1     0.380     -1.72                                        
  4444.299      26.1     6.214     -3.70                                        
  4444.329      40.0     1.481     -1.10                                        
  4444.390      58.1     0.924     -0.07                                BIEMONT 
  4444.434      42.0     2.985     -1.90                                        
  4444.451   25.0055     3.132     -7.63                                 KURHFS 
  4444.455   25.0055     3.132     -7.35                                 KURHFS 
  4444.455   25.0055     3.132     -7.60                                 KURHFS 
  4444.462   25.0055     3.132     -7.12                                 KURHFS 
  4444.462   25.0055     3.132     -7.42                                 KURHFS 
  4444.462   25.0055     3.132     -8.38                                 KURHFS 
  4444.474   25.0055     3.132     -6.94                                 KURHFS 
  4444.474   25.0055     3.132     -7.36                                 KURHFS 
  4444.474   25.0055     3.132     -8.30                                 KURHFS 
  4444.490      22.0     2.304     -4.25                                        
  4444.490   25.0055     3.132     -6.78                                 KURHFS 
  4444.490   25.0055     3.132     -7.38                                 KURHFS 
  4444.490   25.0055     3.132     -8.43                                 KURHFS 
  4444.493      25.1     6.135     -2.92                                        
  4444.507      44.0     0.997     -1.64                                        
  4444.510   25.0055     3.132     -6.64                                 KURHFS 
  4444.510   25.0055     3.132     -7.56                                 KURHFS 
  4444.510   25.0055     3.132     -8.78                                 KURHFS 
  4444.539      26.1     6.214     -2.54                                        
  4444.544      21.0     3.099     -4.06                               KURNOHFS 
  4444.549      28.0     3.304     -3.13                                        
  4444.558      22.1     1.115     -2.03                                        
  4444.576      66.0     1.597      0.43                                        
  4444.616      26.0     4.140     -2.48                                        
  4444.623      67.0     1.874      0.64                                        
  4444.668      24.0     3.847     -4.12                                        
  4444.699      58.1     1.057      0.13                                BIEMONT 
  4444.714      24.0     3.814     -3.81                                        
  4444.974   27.0059     3.565     -2.70                                 KURHFS 
  4444.978   27.0059     3.565     -2.44                                 KURHFS 
  4444.978   27.0059     3.565     -2.63                                 KURHFS 
  4444.979      64.0     1.673     -0.11                                        
  4444.981      60.0     0.000     -0.67                                        
  4444.987   27.0059     3.565     -2.23                                 KURHFS 
  4444.987   27.0059     3.565     -2.44                                 KURHFS 
  4444.987   27.0059     3.565     -3.33                                 KURHFS 
  4445.000   27.0059     3.565     -2.06                                 KURHFS 
  4445.000   27.0059     3.565     -2.33                                 KURHFS 
  4445.000   27.0059     3.565     -3.18                                 KURHFS 
  4445.017   27.0059     3.565     -1.92                                 KURHFS 
  4445.017   27.0059     3.565     -2.29                                 KURHFS 
  4445.017   27.0059     3.565     -3.18                                 KURHFS 
  4445.018      24.0     4.407     -1.73                                        
  4445.034      90.0     1.336     -0.80                                        
  4445.039   27.0059     3.565     -1.79                                 KURHFS 
  4445.039   27.0059     3.565     -2.29                                 KURHFS 
  4445.039   27.0059     3.565     -3.28                                 KURHFS 
  4445.064   27.0059     4.055     -4.59                                 KURHFS 
  4445.065   27.0059     3.565     -1.67                                 KURHFS 
  4445.065   27.0059     3.565     -2.37                                 KURHFS 
  4445.065   27.0059     3.565     -3.48                                 KURHFS 
  4445.070   27.0059     4.055     -4.31                                 KURHFS 
  4445.070   27.0059     4.055     -4.59                                 KURHFS 
  4445.070   27.0059     4.055     -5.61                                 KURHFS 
  4445.082   27.0059     4.055     -4.17                                 KURHFS 
  4445.082   27.0059     4.055     -4.31                                 KURHFS 
  4445.082   27.0059     4.055     -4.91                                 KURHFS 
  4445.096   27.0059     3.565     -1.57                                 KURHFS 
  4445.096   27.0059     3.565     -2.58                                 KURHFS 
  4445.096   27.0059     3.565     -3.88                                 KURHFS 
  4445.100   27.0059     4.055     -4.10                                 KURHFS 
  4445.100   27.0059     4.055     -4.17                                 KURHFS 
  4445.100   27.0059     4.055     -4.46                                 KURHFS 
  4445.124   27.0059     4.055     -4.10                                 KURHFS 
  4445.124   27.0059     4.055     -4.10                                 KURHFS 
  4445.124   27.0059     4.055     -4.13                                 KURHFS 
  4445.149      74.0     1.855     -1.03                                        
  4445.154   27.0059     4.055     -3.87                                 KURHFS 
  4445.154   27.0059     4.055     -4.10                                 KURHFS 
  4445.154   27.0059     4.055     -4.16                                 KURHFS 
  4445.155      62.0     0.387      0.31                                        
  4445.191   27.0059     4.055     -3.65                                 KURHFS 
  4445.191   27.0059     4.055     -4.16                                 KURHFS 
  4445.191   27.0059     4.055     -4.37                                 KURHFS 
  4445.233   27.0059     4.055     -3.46                                 KURHFS 
  4445.233   27.0059     4.055     -4.37                                 KURHFS 
  4445.252      26.1     2.028     -7.67                                        
  4445.317   25.0055     3.133     -5.43                                 KURHFS 
  4445.317   25.0055     3.133     -5.94                                 KURHFS 
  4445.317   25.0055     3.133     -7.04                                 KURHFS 
  4445.325   25.0055     3.133     -5.30                                 KURHFS 
  4445.325   25.0055     3.133     -5.76                                 KURHFS 
  4445.325   25.0055     3.133     -6.91                                 KURHFS 
  4445.335   25.0055     3.133     -5.17                                 KURHFS 
  4445.335   25.0055     3.133     -5.70                                 KURHFS 
  4445.335   25.0055     3.133     -7.01                                 KURHFS 
  4445.348   25.0055     3.133     -5.05                                 KURHFS 
  4445.348   25.0055     3.133     -5.74                                 KURHFS 
  4445.348   25.0055     3.133     -7.34                                 KURHFS 
  4445.364   25.0055     3.133     -4.93                                 KURHFS 
  4445.364   25.0055     3.133     -5.93                                 KURHFS 
  4445.366      21.0     2.562     -1.41                               KURNOHFS 
  4445.382   25.0055     3.133     -4.83                                 KURHFS 
  4445.440      25.0     4.604     -2.72                                        
  4445.456      24.0     2.965     -4.05                                        
  4445.471      26.0     0.087     -5.44                                        
  4445.527      23.1     5.791     -2.93                                        
  4445.542      78.0     1.255     -1.44                                        
  4445.570      27.1     5.065     -3.47                                        
  4445.639      25.1     5.516     -3.73                                        
  4445.681   27.0059     4.061     -4.77                                 KURHFS 
  4445.681   27.0059     4.061     -5.03                                 KURHFS 
  4445.681   27.0059     4.061     -5.05                                 KURHFS 
  4445.684   27.0059     3.102     -1.97                                 KURHFS 
  4445.687      76.0     1.776     -1.88                                        
  4445.694   27.0059     4.061     -4.58                                 KURHFS 
  4445.694   27.0059     4.061     -4.64                                 KURHFS 
  4445.694   27.0059     4.061     -5.03                                 KURHFS 
  4445.696   27.0059     3.102     -1.95                                 KURHFS 
  4445.696   27.0059     3.102     -2.42                                 KURHFS 
  4445.711   27.0059     3.102     -1.95                                 KURHFS 
  4445.711   27.0059     3.102     -2.09                                 KURHFS 
  4445.715   27.0059     4.061     -4.38                                 KURHFS 
  4445.715   27.0059     4.061     -4.49                                 KURHFS 
  4445.715   27.0059     4.061     -5.08                                 KURHFS 
  4445.731   27.0059     3.102     -1.62                                 KURHFS 
  4445.732      27.0     3.968     -2.80                               KURNOHFS 
  4445.743   27.0059     4.061     -4.18                                 KURHFS 
  4445.743   27.0059     4.061     -4.47                                 KURHFS 
  4445.743   27.0059     4.061     -5.20                                 KURHFS 
  4445.756      25.1     6.172     -6.00                                        
  4445.777   25.0055     3.133     -6.04                                 KURHFS 
  4445.777   25.0055     3.133     -6.29                                 KURHFS 
  4445.777   27.0059     4.061     -4.02                                 KURHFS 
  4445.777   27.0059     4.061     -4.52                                 KURHFS 
  4445.777   27.0059     4.061     -5.42                                 KURHFS 
  4445.783   25.0055     3.133     -5.98                                 KURHFS 
  4445.783   25.0055     3.133     -6.10                                 KURHFS 
  4445.783   25.0055     3.133     -6.29                                 KURHFS 
  4445.785   23.0051     1.892     -2.53                                 KURHFS 
  4445.790      23.1     1.574     -4.14                                        
  4445.791   25.0055     3.133     -5.80                                 KURHFS 
  4445.791   25.0055     3.133     -6.03                                 KURHFS 
  4445.791   25.0055     3.133     -6.10                                 KURHFS 
  4445.801   23.0051     1.892     -2.51                                 KURHFS 
  4445.801   23.0051     1.892     -2.99                                 KURHFS 
  4445.803   25.0055     3.133     -5.61                                 KURHFS 
  4445.803   25.0055     3.133     -6.03                                 KURHFS 
  4445.803   25.0055     3.133     -6.06                                 KURHFS 
  4445.817   25.0055     3.133     -5.42                                 KURHFS 
  4445.817   25.0055     3.133     -6.06                                 KURHFS 
  4445.817   25.0055     3.133     -6.25                                 KURHFS 
  4445.818   27.0059     4.061     -3.88                                 KURHFS 
  4445.818   27.0059     4.061     -4.72                                 KURHFS 
  4445.818   27.0059     4.061     -5.83                                 KURHFS 
  4445.822   23.0051     1.892     -2.51                                 KURHFS 
  4445.822   23.0051     1.892     -2.66                                 KURHFS 
  4445.835   25.0055     3.133     -5.25                                 KURHFS 
  4445.835   25.0055     3.133     -6.25                                 KURHFS 
  4445.839      62.1     0.333     -2.34                                        
  4445.849   23.0051     1.892     -2.19                                 KURHFS 
  4445.849      40.1     1.664     -1.35                                BIEMONT 
  4445.861      27.0     3.250     -2.96                               KURNOHFS 
  4445.863      41.0     0.130     -1.58                                        
  4445.900      25.1     5.468     -2.86                                        
  4445.902      40.1     1.664     -1.35                                        
  4446.157      58.1     1.353     -0.60                                        
  4446.179      41.0     1.629     -0.70                                        
  4446.231      26.0     3.571     -4.22                                        
  4446.237      26.1     5.952     -2.44                                        
  4446.275      26.0     4.555     -1.15                                        
  4446.321      23.0     2.614     -2.78                               KURNOHFS 
  4446.335      22.1     4.947     -3.55                                        
  4446.380      60.1     0.204     -0.35                                 LAWLER 
  4446.425      42.0     3.714     -0.21                                        
  4446.479      26.0     3.600     -4.12                                        
  4446.488      24.1     6.892     -4.01                                        
  4446.500      64.1     0.492     -1.29                                 LAWLER 
  4446.567      27.0     4.022     -2.92                               KURNOHFS 
  4446.624      39.0     1.407     -0.48                                        
  4446.675      26.0     4.280     -3.41                                        
  4446.725   23.0051     1.892     -4.79                                 KURHFS 
  4446.725   23.0051     1.892     -4.79                                 KURHFS 
  4446.725   23.0051     1.892     -5.09                                 KURHFS 
  4446.741   23.0051     1.892     -4.62                                 KURHFS 
  4446.741   23.0051     1.892     -4.65                                 KURHFS 
  4446.741   23.0051     1.892     -4.96                                 KURHFS 
  4446.762   23.0051     1.892     -4.36                                 KURHFS 
  4446.762   23.0051     1.892     -4.61                                 KURHFS 
  4446.762   23.0051     1.892     -5.21                                 KURHFS 
  4446.776      42.0     3.176     -1.72                                        
  4446.788   23.0051     1.892     -4.15                                 KURHFS 
  4446.788   23.0051     1.892     -4.77                                 KURHFS 
  4446.788   23.0051     1.892     -5.64                                 KURHFS 
  4446.832      26.0     3.684     -1.33                                        
  4446.896      26.0     3.299     -2.50                                        
  4446.910      62.1     0.434     -1.79                                 LAWLER 
  4446.923      27.0     3.949     -1.78                               KURNOHFS 
  4446.987   27.0059     3.295     -3.77                                 KURHFS 
  4446.987   27.0059     3.295     -3.95                                 KURHFS 
  4446.990   27.0059     3.295     -3.65                                 KURHFS 
  4446.990   27.0059     3.295     -3.77                                 KURHFS 
  4446.994   27.0059     3.295     -3.65                                 KURHFS 
  4446.994   27.0059     3.295     -3.76                                 KURHFS 
  4446.994   27.0059     3.295     -3.96                                 KURHFS 
  4446.999   27.0059     3.295     -3.35                                 KURHFS 
  4446.999   27.0059     3.295     -3.76                                 KURHFS 
  4447.073      27.0     2.875     -3.80                               KURNOHFS 
  4447.130      26.0     2.196     -2.59                                        
  4447.174      41.0     0.739     -1.01                                        
  4447.232      42.0     3.393     -1.00                                        
  4447.247      26.0     4.253     -2.13                                        
  4447.251      27.1     3.457     -2.66                                        
  4447.358      76.0     1.776     -1.12                                        
  4447.389      22.0     2.425     -1.99                                        
  4447.390      24.0     4.437     -3.97                                        
  4447.401      23.0     2.581     -4.47                               KURNOHFS 
  4447.407      27.1     5.118     -5.73                                        
  4447.552      27.0     3.663     -1.71                               KURNOHFS 
  4447.560      23.0     2.357     -1.21                               KURNOHFS 
  4447.586      69.0     2.074     -0.14                                        
  4447.632      26.0     3.249     -2.68                                        
  4447.667      58.0     0.000     -0.93                                        
  4447.717      26.0     2.221     -1.34                                        
  4447.762      20.0     6.012     -2.81                                        
  4447.771      20.0     6.041     -4.66                                        
  4447.802      26.1     6.212     -3.39                                        
  4447.803      26.0     4.217     -2.57                                        
  4447.820      24.0     3.367     -2.37                                        
  4447.835      90.1     0.774     -1.63                                        
  4447.866      23.1     6.517     -1.96                                        
  4447.880      23.1     6.681     -4.11                                        
  4447.918      20.0     6.041     -2.07                                        
  4447.963   27.0059     1.784     -4.49                                 KURHFS 
  4447.963   27.0059     1.784     -4.81                                 KURHFS 
  4447.963   27.0059     1.784     -5.29                                 KURHFS 
  4447.981      20.0     6.041     -1.65                                        
  4447.982   27.0059     1.784     -4.81                                 KURHFS 
  4447.982   27.0059     1.784     -4.83                                 KURHFS 
  4447.982   27.0059     1.784     -4.96                                 KURHFS 
  4448.065   23.0051     1.954     -5.27                                 KURHFS 
  4448.065   23.0051     1.954     -5.33                                 KURHFS 
  4448.065   23.0051     1.954     -5.97                                 KURHFS 
  4448.071   23.0051     1.954     -5.07                                 KURHFS 
  4448.071   23.0051     1.954     -5.07                                 KURHFS 
  4448.071   23.0051     1.954     -5.81                                 KURHFS 
  4448.082   23.0051     1.954     -4.87                                 KURHFS 
  4448.082   23.0051     1.954     -4.97                                 KURHFS 
  4448.082   23.0051     1.954     -5.81                                 KURHFS 
  4448.095   23.0051     1.954     -4.70                                 KURHFS 
  4448.095   23.0051     1.954     -4.92                                 KURHFS 
  4448.095   23.0051     1.954     -5.91                                 KURHFS 
  4448.112   23.0051     1.954     -4.55                                 KURHFS 
  4448.112   23.0051     1.954     -4.93                                 KURHFS 
  4448.112   23.0051     1.954     -6.11                                 KURHFS 
  4448.132   23.0051     1.954     -4.42                                 KURHFS 
  4448.132   23.0051     1.954     -5.00                                 KURHFS 
  4448.132   23.0051     1.954     -6.51                                 KURHFS 
  4448.147      27.0     3.527     -5.30                               KURNOHFS 
  4448.156   23.0051     1.954     -4.31                                 KURHFS 
  4448.156   23.0051     1.954     -5.21                                 KURHFS 
  4448.182      26.0     3.926     -3.08                                        
  4448.183   23.0051     1.954     -4.20                                 KURHFS 
  4448.262      27.0     2.716     -7.21                               KURNOHFS 
  4448.511   25.0055     3.132     -7.13                                 KURHFS 
  4448.515   25.0055     3.132     -6.87                                 KURHFS 
  4448.515   25.0055     3.132     -7.13                                 KURHFS 
  4448.515   25.0055     3.132     -7.90                                 KURHFS 
  4448.523   25.0055     3.132     -6.77                                 KURHFS 
  4448.523   25.0055     3.132     -6.87                                 KURHFS 
  4448.523   25.0055     3.132     -7.20                                 KURHFS 
  4448.535   25.0055     3.132     -6.75                                 KURHFS 
  4448.535   25.0055     3.132     -6.77                                 KURHFS 
  4448.535   25.0055     3.132     -6.77                                 KURHFS 
  4448.550   25.0055     3.132     -6.42                                 KURHFS 
  4448.550   25.0055     3.132     -6.77                                 KURHFS 
  4448.550   25.0055     3.132     -6.94                                 KURHFS 
  4448.570   25.0055     3.132     -6.16                                 KURHFS 
  4448.570   25.0055     3.132     -6.94                                 KURHFS 
  4448.610      68.1     1.700     -0.66                                        
  4448.645   27.0059     3.772     -1.97                                 KURHFS 
  4448.659   27.0059     3.772     -1.95                                 KURHFS 
  4448.659   27.0059     3.772     -2.43                                 KURHFS 
  4448.677   27.0059     3.772     -1.95                                 KURHFS 
  4448.677   27.0059     3.772     -2.10                                 KURHFS 
  4448.700   27.0059     3.772     -1.63                                 KURHFS 
  4448.724      25.0     3.768     -3.99                               KURNOHFS 
  4448.735      22.0     3.291     -2.39                                        
  4448.791      22.0     3.176     -2.03                                        
  4448.792      14.0     4.926     -3.65                                        
  4448.860      25.0     3.768     -3.50                               KURNOHFS 
  4448.898   27.0059     4.069     -4.52                                 KURHFS 
  4448.898   27.0059     4.069     -4.71                                 KURHFS 
  4448.902   27.0059     4.069     -4.49                                 KURHFS 
  4448.902   27.0059     4.069     -4.50                                 KURHFS 
  4448.902   27.0059     4.069     -4.71                                 KURHFS 
  4448.909   27.0059     4.069     -4.37                                 KURHFS 
  4448.909   27.0059     4.069     -4.39                                 KURHFS 
  4448.909   27.0059     4.069     -4.49                                 KURHFS 
  4448.910      26.0     3.637     -4.84                                        
  4448.917   27.0059     4.069     -4.20                                 KURHFS 
  4448.917   27.0059     4.069     -4.35                                 KURHFS 
  4448.917   27.0059     4.069     -4.39                                 KURHFS 
  4448.928   27.0059     4.069     -4.03                                 KURHFS 
  4448.928   27.0059     4.069     -4.35                                 KURHFS 
  4448.928   27.0059     4.069     -4.36                                 KURHFS 
  4448.940   27.0059     4.069     -3.87                                 KURHFS 
  4448.940   27.0059     4.069     -4.36                                 KURHFS 
  4448.940   27.0059     4.069     -4.43                                 KURHFS 
  4448.953   27.0059     4.069     -3.72                                 KURHFS 
  4448.953   27.0059     4.069     -4.43                                 KURHFS 
  4448.953   27.0059     4.069     -4.65                                 KURHFS 
  4448.963      40.0     0.632     -1.94                                        
  4448.968   27.0059     4.069     -3.59                                 KURHFS 
  4448.968   27.0059     4.069     -4.65                                 KURHFS 
  4448.971      25.0     4.270     -2.23                                        
  4448.997      26.0     3.637     -6.37                                        
