Ba II    4554.0      line list
  4552.410      21.1     7.860    -2.670
  4552.412      78.0     4.173     0.500
  4552.414      22.0     1.501    -1.381
  4552.435      27.0     3.809    -0.662
  4552.453      22.0     0.835    -0.340
  4552.468      20.0     6.049    -3.165
  4552.661      62.1     0.248    -1.384
  4552.874      24.0     4.464    -0.962
  4552.933      23.0     2.573    -4.439
  4553.022      40.0     0.520     -0.30                                    ADJ
  4553.049      23.0     2.357    -1.530
  4553.053      20.0     6.050    -4.046
  4553.063      58.0     0.206    -0.862
  4553.070      20.0     6.050    -3.377
  4553.164      28.0     3.655     -1.55                                    ADJ
  4553.206      21.1     4.846    -1.118
  4553.208      27.0     2.278    -3.388
  4553.215      42.0     2.513    -1.546
  4553.252      26.1     6.221     -3.00                                    ADJ
  4553.317      42.0     2.644    -1.643
  4553.331      27.0     3.168    -1.790
  4553.335      26.0     4.603    -3.562
  4553.344      26.0     5.008     -2.80                                    ADJ
  4553.390      22.0     3.059    -0.780
  4553.468      23.0     2.721    -2.747
  4553.483      26.0     3.069     -4.50                                    ADJ
  4553.586      70.1     3.786    -0.693
  4553.623      24.0     3.842    -3.951
  4553.638      23.0     1.349    -5.863
  4553.677      73.0     1.393    -1.580
  4553.796      42.0     3.154    -1.155
  4553.827      41.0     0.739    -1.170
  4553.852      92.1     0.113    -2.384
  4553.934      40.1     2.418    -0.570
  4554.001   56.1137      0.00    -0.636       6.0
  4554.002   56.1137      0.00    -1.033       6.0
  4554.002   56.1137      0.00    -0.636       6.0
  4554.003   56.1135      0.00    -0.636       6.0
  4554.004   56.1135      0.00    -1.033       6.0
  4554.004   56.1135      0.00    -0.636       6.0
  4554.011      24.0     4.093    -0.730
  4554.027      22.0     2.479    -6.478
  4554.034   56.1134      0.00    +0.170       6.0
  4554.034   56.1136      0.00    +0.170       6.0
  4554.036   56.1138      0.00    +0.170       6.0
  4554.050   56.1135      0.00    -0.189       6.0
  4554.053   56.1135      0.00    -0.636       6.0
  4554.053   56.1137      0.00    -0.189       6.0
  4554.054   56.1135      0.00    -1.337       6.0
  4554.056   56.1137      0.00    -0.636       6.0
  4554.057   56.1137      0.00    -1.337       6.0
  4554.065      23.0     2.676    -1.507
  4554.092      74.1     2.788    -1.820
  4554.294      26.0     3.544    -7.544
  4554.295      21.0     3.170    -2.006
  4554.370      24.0     4.464    -2.152
  4554.436      62.1     0.104     -1.25                                 LAWLER
  4554.456      26.0     2.863     -2.65                                    ADJ
  4554.517      44.0     0.811      0.30                                    ADJ
  4554.544      23.0     2.614    -3.546
  4554.545      58.1     0.495    -1.774
  4554.565      27.0     4.055    -2.006
  4554.661      24.1     5.489    -3.963
  4554.680      24.0     3.085    -2.778
  4554.820      24.0     3.110    -1.200                                    ADJ
  4554.822      23.0     1.852    -3.568
  4554.858      23.0     2.721    -4.971
  4554.887      24.0     3.119    -3.212
  4554.915      60.1     0.380    -1.750
  4554.988      24.1     4.068    -1.380
  4554.988      64.1     1.338    -1.098
  4555.038      23.1     6.068    -4.389
  4555.068      22.0     2.406    -0.913
  4555.082      24.0     3.102     -1.10                                    ADJ
  4555.091      92.1     1.040    -1.167
  4555.121      40.0     1.549    -0.210
  4555.137      60.1     0.559    -1.420
  4555.202      22.0     3.332    -3.303
  4555.223      66.0     0.937    -0.655
  4555.225      55.0     0.000    -1.283
  4555.293      24.0     3.432    -1.200
  4555.362      23.0     1.891    -1.354
  4555.381      25.1     5.394    -5.674
  4555.394      24.0     3.553    -2.731
  4555.433      58.1     2.575     0.680
  4555.457      22.0     3.291    -2.822
  4555.489      22.0     0.848     -0.45                                    ADJ
  4555.489      27.1     7.979    -2.935
  4555.520      40.0     1.581    -0.320
  4555.588      23.0     2.741    -2.241
  4555.617      23.1     6.674    -3.714
  4555.697      68.0     1.332    -0.203
  4555.748      26.0     3.271     -3.65                                    ADJ
  4555.751      26.1     7.721     -4.40                                    ADJ
  4555.813      90.0     0.479    -1.284
  4555.893      26.1     2.826    -2.290
  4556.046      42.0     3.165    -2.289
  4556.087      26.0     2.947    -3.219
  4556.104      26.0     3.940    -4.145
  4556.126      26.0     3.600    -0.787
  4556.133      60.1     0.064    -1.610
  4556.145      20.0     5.014    -9.541
  4556.167      24.0     3.110    -0.780
  4556.206      58.1     2.006    -0.330
  4556.222      25.0     4.657    -3.976
  4556.282      22.0     2.660    -3.756
  4556.303      23.1     6.329    -4.439
  4556.330      73.0     1.393    -1.310
  4556.350      25.1     5.544    -3.580
  4556.361      24.0     3.110    -3.540
  4556.392      26.1     7.687    -2.233
  4556.494      27.0     4.144    -3.435
  4556.496      62.1     0.997    -1.304
  4556.538      24.0     3.963    -2.619
  4556.627      62.0     0.387    -0.735
  4556.674      69.1     3.253     0.069
  4556.682      24.0     3.392    -4.238
  4556.730      60.1     0.182    -1.560
  4556.737      23.0     2.682    -2.941
  4556.751      23.1     3.755    -2.027
  4556.811      74.0     2.965    -0.370
  4556.851      38.1     6.612    -3.230
  4556.861      74.0     3.450    -0.570
  4556.880      41.0     0.619    -1.720
  4556.924      26.0     3.249    -2.710
  4556.934      24.0     3.193    -1.593
  4557.031      24.0     3.090    -4.864
  4557.131      23.0     1.858    -2.528
  4557.155      24.0     4.385    -3.607
  4557.225      21.0     2.606     0.184
  4557.251      22.0     2.504    -3.570
  4557.264      27.0     4.018    -2.631
