Ce II    4418.8       line list
  4414.979   23.0051     1.858     -2.52                                 KURHFS 
  4414.979   23.0051     1.858     -2.97                                 KURHFS 
  4414.979   23.0051     1.858     -3.97                                 KURHFS 
  4414.986   23.0051     1.858     -2.40                                 KURHFS 
  4414.986   23.0051     1.858     -2.76                                 KURHFS 
  4414.986   23.0051     1.858     -3.76                                 KURHFS 
  4414.996   23.0051     1.858     -2.28                                 KURHFS 
  4414.996   23.0051     1.858     -2.66                                 KURHFS 
  4414.996   23.0051     1.858     -3.73                                 KURHFS 
  4415.008   23.0051     1.858     -2.17                                 KURHFS 
  4415.008   23.0051     1.858     -2.62                                 KURHFS 
  4415.008   23.0051     1.858     -3.81                                 KURHFS 
  4415.023   23.0051     1.858     -2.06                                 KURHFS 
  4415.023   23.0051     1.858     -2.64                                 KURHFS 
  4415.023   23.0051     1.858     -4.00                                 KURHFS 
  4415.035      27.0     3.949     -4.58                               KURNOHFS 
  4415.040   23.0051     1.858     -1.97                                 KURHFS 
  4415.040   23.0051     1.858     -2.72                                 KURHFS 
  4415.040   23.0051     1.858     -4.39                                 KURHFS 
  4415.060   23.0051     1.858     -1.88                                 KURHFS 
  4415.060   23.0051     1.858     -2.94                                 KURHFS 
  4415.064      23.0     2.573     -0.31                               KURNOHFS 
  4415.068      74.0     2.265     -0.92                                        
  4415.081   23.0051     1.858     -1.79                                 KURHFS 
  4415.122      26.0     1.607     -0.61                                        
  4415.200      21.0     2.144     -3.44                               KURNOHFS 
  4415.239      92.1     0.000     -1.91                                        
  4415.432      26.0     4.257     -4.04                                        
  4415.474      14.0     4.950     -2.35                                        
  4415.483      21.0     3.081     -3.39                               KURNOHFS 
  4415.543   21.1045     0.595     -1.84                                 KURHFS 
  4415.548   21.1045     0.595     -1.68                                 KURHFS 
  4415.552   21.1045     0.595     -1.69                                 KURHFS 
  4415.554   21.1045     0.595     -1.27                                 KURHFS 
  4415.556   21.1045     0.595     -1.66                                 KURHFS 
  4415.556   21.1045     0.595     -1.86                                 KURHFS 
  4415.557      29.0     5.073     -1.14                                        
  4415.559   21.1045     0.595     -2.36                                 KURHFS 
  4415.560   21.1045     0.595     -3.79                                 KURHFS 
  4415.562   21.1045     0.595     -2.04                                 KURHFS 
  4415.566      22.0     2.425     -0.51                                        
  4415.567   21.1045     0.595     -1.68                                 KURHFS 
  4415.567   21.1045     0.595     -1.69                                 KURHFS 
  4415.567   21.1045     0.595     -1.84                                 KURHFS 
  4415.567   21.1045     0.595     -1.86                                 KURHFS 
  4415.668      42.0     3.165     -1.95                                        
  4415.703      74.0     2.785      0.13                                        
  4415.743      73.0     0.749     -1.55                                        
  4415.748      26.0     2.277     -5.48                                        
  4415.824      75.0     1.866     -1.00                                        
  4416.057   25.0055     3.130     -4.70                                 KURHFS 
  4416.057   25.0055     3.130     -5.49                                 KURHFS 
  4416.057   25.0055     3.130     -6.82                                 KURHFS 
  4416.067   25.0055     3.130     -4.60                                 KURHFS 
  4416.067   25.0055     3.130     -5.30                                 KURHFS 
  4416.067   25.0055     3.130     -6.66                                 KURHFS 
  4416.068      28.0     3.477     -5.26                                        
  4416.080   25.0055     3.130     -4.51                                 KURHFS 
  4416.080   25.0055     3.130     -5.25                                 KURHFS 
  4416.080   25.0055     3.130     -6.74                                 KURHFS 
  4416.096   25.0055     3.130     -4.41                                 KURHFS 
  4416.096   25.0055     3.130     -5.29                                 KURHFS 
  4416.096   25.0055     3.130     -7.06                                 KURHFS 
  4416.115   25.0055     3.130     -4.33                                 KURHFS 
  4416.115   25.0055     3.130     -5.49                                 KURHFS 
  4416.136   25.0055     3.130     -4.24                                 KURHFS 
  4416.237      90.1     1.310     -1.20                                        
  4416.250      65.1     0.126     -1.07                               LAWNOHFS 
  4416.301      24.0     3.119     -4.49                                        
  4416.377   27.0059     2.784     -3.96                                 KURHFS 
  4416.377   27.0059     2.784     -4.16                                 KURHFS 
  4416.387   27.0059     2.784     -3.94                                 KURHFS 
  4416.387   27.0059     2.784     -3.95                                 KURHFS 
  4416.387   27.0059     2.784     -4.16                                 KURHFS 
  4416.396      41.0     1.489     -1.34                                        
  4416.403   27.0059     2.784     -3.81                                 KURHFS 
  4416.403   27.0059     2.784     -3.83                                 KURHFS 
  4416.403   27.0059     2.784     -3.94                                 KURHFS 
  4416.424   27.0059     2.784     -3.64                                 KURHFS 
  4416.424   27.0059     2.784     -3.79                                 KURHFS 
  4416.424   27.0059     2.784     -3.83                                 KURHFS 
  4416.426      20.0     4.551     -4.62                                        
  4416.449      24.1     5.658     -4.75                                        
  4416.450   23.0051     0.267     -1.62                                 KURHFS 
  4416.450   27.0059     2.784     -3.47                                 KURHFS 
  4416.450   27.0059     2.784     -3.79                                 KURHFS 
  4416.450   27.0059     2.784     -3.80                                 KURHFS 
  4416.455      26.0     4.590     -2.93                                        
  4416.458   23.0051     0.267     -1.59                                 KURHFS 
  4416.458   23.0051     0.267     -2.07                                 KURHFS 
  4416.468      23.0     2.357     -2.87                               KURNOHFS 
  4416.468      26.1     7.687     -3.08                                        
  4416.469   23.0051     0.267     -1.59                                 KURHFS 
  4416.469   23.0051     0.267     -1.74                                 KURHFS 
  4416.482   23.0051     0.267     -1.27                                 KURHFS 
  4416.482   27.0059     2.784     -3.31                                 KURHFS 
  4416.482   27.0059     2.784     -3.80                                 KURHFS 
  4416.482   27.0059     2.784     -3.88                                 KURHFS 
  4416.519   27.0059     2.784     -3.17                                 KURHFS 
  4416.519   27.0059     2.784     -3.88                                 KURHFS 
  4416.519   27.0059     2.784     -4.09                                 KURHFS 
  4416.530      22.0     1.872     -0.29                                        
  4416.536      23.1     7.945     -2.25                                        
  4416.561   27.0059     2.784     -3.03                                 KURHFS 
  4416.561   27.0059     2.784     -4.09                                 KURHFS 
  4416.570      23.1     6.529     -1.94                                        
  4416.576      27.0     2.716     -4.14                               KURNOHFS 
  4416.600      22.0     2.394     -2.09                                        
  4416.623   23.0051     1.349     -3.25                                 KURHFS 
  4416.625   23.0051     1.349     -2.96                                 KURHFS 
  4416.625   23.0051     1.349     -3.22                                 KURHFS 
  4416.630   23.0051     1.349     -2.78                                 KURHFS 
  4416.630   23.0051     1.349     -3.22                                 KURHFS 
  4416.630   23.0051     1.349     -3.27                                 KURHFS 
  4416.638   23.0051     1.349     -2.69                                 KURHFS 
  4416.638   23.0051     1.349     -2.83                                 KURHFS 
  4416.638   23.0051     1.349     -3.40                                 KURHFS 
  4416.648   23.0051     1.349     -2.58                                 KURHFS 
  4416.648   23.0051     1.349     -2.66                                 KURHFS 
  4416.648   23.0051     1.349     -3.62                                 KURHFS 
  4416.661   23.0051     1.349     -2.38                                 KURHFS 
  4416.661   23.0051     1.349     -2.72                                 KURHFS 
  4416.661   23.0051     1.349     -4.03                                 KURHFS 
  4416.677   23.0051     1.349     -2.21                                 KURHFS 
  4416.677   23.0051     1.349     -2.91                                 KURHFS 
  4416.695   23.0051     1.349     -2.07                                 KURHFS 
  4416.773   23.0051     1.954     -2.56                                 KURHFS 
  4416.780   23.0051     1.954     -2.45                                 KURHFS 
  4416.780   23.0051     1.954     -3.02                                 KURHFS 
  4416.790   23.0051     1.954     -2.33                                 KURHFS 
  4416.790   23.0051     1.954     -2.81                                 KURHFS 
  4416.790   23.0051     1.954     -4.02                                 KURHFS 
  4416.803   23.0051     1.954     -2.22                                 KURHFS 
  4416.803   23.0051     1.954     -2.71                                 KURHFS 
  4416.803   23.0051     1.954     -3.81                                 KURHFS 
  4416.819   23.0051     1.954     -2.11                                 KURHFS 
  4416.819   23.0051     1.954     -2.67                                 KURHFS 
  4416.819   23.0051     1.954     -3.78                                 KURHFS 
  4416.830      26.1     2.776     -2.60                                        
  4416.839   23.0051     1.954     -2.02                                 KURHFS 
  4416.839   23.0051     1.954     -2.69                                 KURHFS 
  4416.839   23.0051     1.954     -3.86                                 KURHFS 
  4416.845      90.0     1.215     -0.91                                        
  4416.863   23.0051     1.954     -1.93                                 KURHFS 
  4416.863   23.0051     1.954     -2.77                                 KURHFS 
  4416.863   23.0051     1.954     -4.05                                 KURHFS 
  4416.871      68.1     0.886     -2.81                                 LAWLER 
  4416.880      60.1     0.559     -0.95                                 LAWLER 
  4416.889   23.0051     1.954     -1.84                                 KURHFS 
  4416.889   23.0051     1.954     -2.99                                 KURHFS 
  4416.889   23.0051     1.954     -4.44                                 KURHFS 
  4416.900      58.1     0.529     -0.76                                 LAWLER 
  4416.939      42.0     2.932     -2.20                                        
  4416.964      26.0     4.217     -1.92                                        
  4417.028      26.0     4.590     -2.32                                        
  4417.219      42.0     3.315     -1.57                                        
  4417.242      24.0     5.213     -1.53                                        
  4417.273      22.0     1.886     -0.02                                        
  4417.280   23.0051     1.217     -3.96                                 KURHFS 
  4417.281   23.0051     1.217     -3.96                                 KURHFS 
  4417.281   23.0051     1.217     -4.14                                 KURHFS 
  4417.283   23.0051     1.217     -3.80                                 KURHFS 
  4417.283   23.0051     1.217     -4.27                                 KURHFS 
  4417.283   23.0051     1.217     -4.39                                 KURHFS 
  4417.286   23.0051     1.217     -3.79                                 KURHFS 
  4417.286   23.0051     1.217     -3.83                                 KURHFS 
  4417.286   23.0051     1.217     -4.82                                 KURHFS 
  4417.290   23.0051     1.217     -3.54                                 KURHFS 
  4417.290   23.0051     1.217     -3.95                                 KURHFS 
  4417.294   23.0051     1.217     -3.33                                 KURHFS 
  4417.306      26.0     3.209     -3.77                                        
  4417.315      55.0     0.000     -6.45                                        
  4417.336   27.0059     3.064     -2.29                                 KURHFS 
  4417.343      24.0     3.842     -2.66                                        
  4417.346   27.0059     3.064     -2.29                                 KURHFS 
  4417.346   27.0059     3.064     -2.47                                 KURHFS 
  4417.358      72.1     1.890     -0.73                                        
  4417.360   27.0059     3.064     -2.13                                 KURHFS 
  4417.360   27.0059     3.064     -2.59                                 KURHFS 
  4417.360   27.0059     3.064     -2.72                                 KURHFS 
  4417.379   27.0059     3.064     -2.12                                 KURHFS 
  4417.379   27.0059     3.064     -2.15                                 KURHFS 
  4417.379   27.0059     3.064     -3.15                                 KURHFS 
  4417.402   27.0059     3.064     -1.87                                 KURHFS 
  4417.402   27.0059     3.064     -2.28                                 KURHFS 
  4417.431   27.0059     3.064     -1.65                                 KURHFS 
  4417.431      39.0     2.011     -1.12                                        
  4417.441      22.0     2.406     -1.03                                        
  4417.485      27.1     5.065     -2.26                                        
  4417.497      38.1     6.945     -1.66                                        
  4417.570      62.1     0.484     -0.87                                 LAWLER 
  4417.588      23.0     2.579     -4.16                               KURNOHFS 
  4417.719      22.1     1.164     -1.43                                        
  4417.721   27.0059     2.540     -2.92                                 KURHFS 
  4417.728   27.0059     2.540     -3.37                                 KURHFS 
  4417.744   27.0059     2.540     -2.89                                 KURHFS 
  4417.759   27.0059     2.540     -2.89                                 KURHFS 
  4417.762      25.0     5.345     -3.08                                        
  4417.774      24.0     4.407     -3.88                                        
  4417.775   27.0059     2.540     -3.04                                 KURHFS 
  4417.798   27.0059     2.540     -2.57                                 KURHFS 
  4417.802      20.0     4.128     -4.33                                        
  4417.909      72.0     0.699     -1.52                                        
  4417.938   23.0051     2.357     -4.25                                 KURHFS 
  4417.938   23.0051     2.357     -4.50                                 KURHFS 
  4417.945   23.0051     2.357     -4.05                                 KURHFS 
  4417.945   23.0051     2.357     -4.25                                 KURHFS 
  4417.945   23.0051     2.357     -6.15                                 KURHFS 
  4417.951   27.0059     3.277     -5.43                                 KURHFS 
  4417.954   23.0051     2.357     -3.98                                 KURHFS 
  4417.954   23.0051     2.357     -4.05                                 KURHFS 
  4417.954   23.0051     2.357     -4.91                                 KURHFS 
  4417.957   27.0059     3.277     -5.43                                 KURHFS 
  4417.957   27.0059     3.277     -5.61                                 KURHFS 
  4417.961      27.0     4.046     -1.54                               KURNOHFS 
  4417.965   27.0059     3.277     -5.27                                 KURHFS 
  4417.965   27.0059     3.277     -5.74                                 KURHFS 
  4417.965   27.0059     3.277     -5.86                                 KURHFS 
  4417.966   23.0051     2.357     -3.98                                 KURHFS 
  4417.966   23.0051     2.357     -4.01                                 KURHFS 
  4417.966   23.0051     2.357     -4.19                                 KURHFS 
  4417.976   27.0059     3.277     -5.26                                 KURHFS 
  4417.976   27.0059     3.277     -5.30                                 KURHFS 
  4417.976   27.0059     3.277     -6.29                                 KURHFS 
  4417.981   23.0051     2.357     -3.79                                 KURHFS 
  4417.981   23.0051     2.357     -4.01                                 KURHFS 
  4417.981   23.0051     2.357     -4.20                                 KURHFS 
  4417.991   27.0059     3.277     -5.01                                 KURHFS 
  4417.991   27.0059     3.277     -5.42                                 KURHFS 
  4418.000   23.0051     2.357     -3.50                                 KURHFS 
  4418.000   23.0051     2.357     -4.20                                 KURHFS 
  4418.008   27.0059     3.277     -4.80                                 KURHFS 
  4418.024      26.0     4.298     -4.11                                        
  4418.100      66.1     0.930     -1.93                                 LAWLER 
  4418.209      20.0     6.022     -4.55                                        
  4418.224      26.0     4.590     -2.56                                        
  4418.246      72.0     1.113     -1.59                                        
  4418.314      14.0     5.078     -2.46                                        
  4418.330      22.1     1.236     -2.46                                        
  4418.420      26.0     2.988     -3.57                                        
  4418.446      74.0     2.531     -0.66                                        
  4418.477      23.0     1.802     -1.80                               KURNOHFS 
  4418.487      27.1     7.605     -1.22                                        
  4418.494      26.0     3.632     -6.51                                        
  4418.496      21.0     2.606     -3.13                               KURNOHFS 
  4418.519      26.0     4.590     -1.90                                        
  4418.545      26.0     4.590     -3.03                                        
  4418.553      26.0     4.635     -3.13                                        
  4418.561      26.0     4.442     -3.84                                        
  4418.645      26.0     2.586     -5.70                                        
  4418.662      90.1     2.084     -0.92                                        
  4418.696      26.0     3.632     -5.75                                        
  4418.703      68.0     0.889     -0.04                                        
  4418.780      58.1     0.863      0.27                                 LAWLER 
  4418.878      24.0     4.774     -3.18                                        
  4418.879      25.0     3.761     -7.06                               KURNOHFS 
  4418.899      26.0     4.555     -2.34                                        
  4418.920      25.0     3.761     -6.83                               KURNOHFS 
  4418.934      25.0     3.761     -6.29                               KURNOHFS 
  4418.950      26.0     4.253     -2.25                                        
  4418.957      26.1     7.940     -1.84                                        
  4419.030      64.1     0.492     -0.70                                 LAWLER 
  4419.056      26.0     4.603     -1.62                                        
  4419.092      26.0     4.383     -2.56                                        
  4419.100      24.0     3.008     -2.29                                        
  4419.127      21.0     3.081     -4.20                               KURNOHFS 
  4419.141      57.1     2.056     -0.53                                        
  4419.242      27.1     5.171     -5.47                                        
  4419.250      74.0     2.456     -0.66                                        
  4419.256      23.0     2.576     -0.91                               KURNOHFS 
  4419.291      58.1     0.703     -1.13                                        
  4419.301   23.0051     1.063     -4.23                                 KURHFS 
  4419.306   23.0051     1.063     -4.45                                 KURHFS 
  4419.306   23.0051     1.063     -4.86                                 KURHFS 
  4419.311   23.0051     1.063     -4.70                                 KURHFS 
  4419.311   23.0051     1.063     -4.73                                 KURHFS 
  4419.311   23.0051     1.063     -5.72                                 KURHFS 
  4419.315   23.0051     1.063     -4.71                                 KURHFS 
  4419.315   23.0051     1.063     -5.17                                 KURHFS 
  4419.315   23.0051     1.063     -5.29                                 KURHFS 
  4419.318   23.0051     1.063     -4.87                                 KURHFS 
  4419.318   23.0051     1.063     -5.04                                 KURHFS 
  4419.319   23.0051     1.063     -4.87                                 KURHFS 
  4419.330      26.0     3.632     -2.78                                        
  4419.334      62.0     0.036     -0.33                                        
  4419.434      20.0     4.776     -3.37                                        
  4419.444      41.0     0.656     -0.86                                        
  4419.547      73.0     0.752     -1.99                                        
  4419.569      25.0     3.761     -8.56                               KURNOHFS 
  4419.569      25.0     3.761     -9.74                               KURNOHFS 
  4419.569      25.0     3.761     -9.76                               KURNOHFS 
  4419.594      23.1     6.182     -2.75                                        
  4419.608      68.1     1.681      0.39                                        
  4419.661      59.1     1.370      0.10                                        
  4419.688      26.1     7.689     -3.41                                        
  4419.731      42.0     2.521     -2.62                                        
  4419.774      25.0     4.723     -0.30                                        
  4419.791      26.0     3.298     -3.30                                        
  4419.795      21.0     2.336     -2.24                               KURNOHFS 
  4419.836      41.0     0.267     -1.77                                        
  4419.843      26.0     3.298     -2.77                                        
  4419.884      11.0     2.101     -2.86                                        
  4419.903   23.0051     0.275     -2.86                                 KURHFS 
  4419.903   23.0051     0.275     -3.12                                 KURHFS 
  4419.903   23.0051     0.275     -3.15                                 KURHFS 
  4419.908   23.0051     0.275     -2.67                                 KURHFS 
  4419.908   23.0051     0.275     -2.73                                 KURHFS 
  4419.908   23.0051     0.275     -3.12                                 KURHFS 
  4419.908   25.0055     3.133     -5.02                                 KURHFS 
  4419.908   25.0055     3.133     -5.67                                 KURHFS 
  4419.915   23.0051     0.275     -2.47                                 KURHFS 
  4419.915   23.0051     0.275     -2.58                                 KURHFS 
  4419.915   23.0051     0.275     -3.17                                 KURHFS 
  4419.916   25.0055     3.133     -4.97                                 KURHFS 
  4419.916   25.0055     3.133     -5.47                                 KURHFS 
  4419.916   25.0055     3.133     -5.67                                 KURHFS 
  4419.925   23.0051     0.275     -2.27                                 KURHFS 
  4419.925   23.0051     0.275     -2.56                                 KURHFS 
  4419.925   23.0051     0.275     -3.29                                 KURHFS 
  4419.926   25.0055     3.133     -4.86                                 KURHFS 
  4419.926   25.0055     3.133     -5.41                                 KURHFS 
  4419.926   25.0055     3.133     -5.47                                 KURHFS 
  4419.937   23.0051     0.275     -2.11                                 KURHFS 
  4419.937   23.0051     0.275     -2.61                                 KURHFS 
  4419.937   23.0051     0.275     -3.51                                 KURHFS 
  4419.939   25.0055     3.133     -4.74                                 KURHFS 
  4419.939   25.0055     3.133     -5.41                                 KURHFS 
  4419.939   25.0055     3.133     -5.45                                 KURHFS 
  4419.952   23.0051     0.275     -1.97                                 KURHFS 
  4419.952   23.0051     0.275     -2.81                                 KURHFS 
  4419.952   23.0051     0.275     -3.92                                 KURHFS 
  4419.955   25.0055     3.133     -4.61                                 KURHFS 
  4419.955   25.0055     3.133     -5.45                                 KURHFS 
  4419.955   25.0055     3.133     -5.64                                 KURHFS 
  4419.973   25.0055     3.133     -4.49                                 KURHFS 
  4419.973   25.0055     3.133     -5.64                                 KURHFS 
  4420.011      26.0     4.590     -4.05                                        
  4420.090   23.0051     0.267     -3.06                                 KURHFS 
  4420.097      60.0     0.293     -0.50                                        
  4420.098   23.0051     0.267     -3.04                                 KURHFS 
  4420.109   23.0051     0.267     -3.18                                 KURHFS 
  4420.119   23.0051     0.267     -3.51                                 KURHFS 
  4420.130   23.0051     0.267     -3.04                                 KURHFS 
  4420.143   23.0051     0.267     -2.72                                 KURHFS 
  4420.232      68.1     1.368     -3.06                                 LAWLER 
  4420.251      23.0     2.606     -5.81                               KURNOHFS 
  4420.336      24.0     3.119     -2.31                                        
  4420.349   27.0059     3.927     -2.73                                 KURHFS 
  4420.356   27.0059     3.927     -2.61                                 KURHFS 
  4420.356   27.0059     3.927     -3.18                                 KURHFS 
  4420.363   25.0055     3.133     -6.34                                 KURHFS 
  4420.365   27.0059     3.927     -2.49                                 KURHFS 
  4420.365   27.0059     3.927     -2.97                                 KURHFS 
  4420.365   27.0059     3.927     -4.18                                 KURHFS 
  4420.369   25.0055     3.133     -6.21                                 KURHFS 
  4420.369   25.0055     3.133     -6.85                                 KURHFS 
  4420.378   25.0055     3.133     -6.08                                 KURHFS 
  4420.378   25.0055     3.133     -6.66                                 KURHFS 
  4420.378   25.0055     3.133     -7.95                                 KURHFS 
  4420.378   27.0059     3.927     -2.38                                 KURHFS 
  4420.378   27.0059     3.927     -2.87                                 KURHFS 
  4420.378   27.0059     3.927     -3.97                                 KURHFS 
  4420.389   25.0055     3.133     -5.95                                 KURHFS 
  4420.389   25.0055     3.133     -6.61                                 KURHFS 
  4420.389   25.0055     3.133     -7.82                                 KURHFS 
  4420.394   27.0059     3.927     -2.27                                 KURHFS 
  4420.394   27.0059     3.927     -2.84                                 KURHFS 
  4420.394   27.0059     3.927     -3.94                                 KURHFS 
  4420.403   25.0055     3.133     -5.84                                 KURHFS 
  4420.403   25.0055     3.133     -6.64                                 KURHFS 
  4420.403   25.0055     3.133     -7.91                                 KURHFS 
  4420.413   27.0059     3.927     -2.18                                 KURHFS 
  4420.413   27.0059     3.927     -2.85                                 KURHFS 
  4420.413   27.0059     3.927     -4.02                                 KURHFS 
  4420.420   25.0055     3.133     -5.74                                 KURHFS 
  4420.420   25.0055     3.133     -6.83                                 KURHFS 
  4420.420   25.0055     3.133     -8.25                                 KURHFS 
  4420.436   27.0059     3.927     -2.09                                 KURHFS 
  4420.436   27.0059     3.927     -2.93                                 KURHFS 
  4420.436   27.0059     3.927     -4.22                                 KURHFS 
  4420.440      40.0     1.365     -0.26                                        
  4420.446      41.0     0.267     -1.84                                        
  4420.461      26.0     4.545     -2.94                                        
  4420.462   27.0059     3.927     -2.00                                 KURHFS 
  4420.462   27.0059     3.927     -3.15                                 KURHFS 
  4420.462   27.0059     3.927     -4.61                                 KURHFS 
  4420.466      74.0     2.386     -0.50                                        
  4420.468      76.0     0.000     -1.53                                        
  4420.511      20.0     6.024     -4.00                                        
  4420.516      60.1     0.320     -1.71                                        
  4420.520      62.1     0.333     -0.43                                 LAWLER 
  4420.549      26.0     3.299     -5.50                                        
  4420.628      41.0     0.049     -1.34                                        
  4420.630      23.0     1.710     -1.98                               KURNOHFS 
  4420.655   21.1045     0.618     -4.93                                 KURHFS 
  4420.657   21.1045     0.618     -3.72                                 KURHFS 
  4420.659   21.1045     0.618     -2.79                                 KURHFS 
  4420.662   21.1045     0.618     -4.53                                 KURHFS 
  4420.664   21.1045     0.618     -3.52                                 KURHFS 
  4420.665   21.1045     0.618     -2.91                                 KURHFS 
  4420.668   21.1045     0.618     -4.32                                 KURHFS 
  4420.670   21.1045     0.618     -3.45                                 KURHFS 
  4420.671   21.1045     0.618     -3.05                                 KURHFS 
  4420.674   21.1045     0.618     -3.46                                 KURHFS 
  4420.674   21.1045     0.618     -4.21                                 KURHFS 
  4420.676   21.1045     0.618     -3.21                                 KURHFS 
  4420.678   21.1045     0.618     -3.52                                 KURHFS 
  4420.678   21.1045     0.618     -4.19                                 KURHFS 
  4420.679   21.1045     0.618     -3.39                                 KURHFS 
  4420.681   21.1045     0.618     -3.64                                 KURHFS 
  4420.681   21.1045     0.618     -4.30                                 KURHFS 
  4420.682   21.1045     0.618     -3.62                                 KURHFS 
  4420.683   21.1045     0.618     -3.82                                 KURHFS 
  4420.683   21.1045     0.618     -3.97                                 KURHFS 
  4420.733      26.1     1.963     -6.88                                        
  4420.733      42.0     2.258     -2.19                                        
  4420.749      27.0     4.046     -3.46                               KURNOHFS 
  4420.849      27.0     3.729     -1.41                               KURNOHFS 
  4420.855      44.0     1.087     -1.76                                        
  4420.885      26.0     4.227     -4.42                                        
  4420.956      23.0     2.581     -3.71                               KURNOHFS 
  4420.964      71.0     2.659      0.33                                        
  4420.968      22.0     3.125     -3.49                                        
  4420.968      24.0     3.108     -3.29                                        
