Zr II    4149.2       line list
  4146.061      66.0     1.141      0.91                                        
  4146.064      26.0     2.988     -1.84                                        
  4146.123      26.0     4.442     -3.09                                        
  4146.124      60.1     1.501      0.10                                        
  4146.200      24.0     3.842     -2.28                                        
  4146.232      58.1     0.560     -0.12                                 LAWLER 
  4146.302      26.0     4.431     -3.83                                        
  4146.311      20.0     4.677     -3.11                                        
  4146.364      20.0     5.917     -4.35                                        
  4146.388      24.1     3.755     -3.15                                        
  4146.413      24.0     3.367     -3.22                                        
  4146.429   25.0055     2.918     -4.50                                 KURHFS 
  4146.429   25.0055     2.918     -5.28                                 KURHFS 
  4146.432   25.0055     2.918     -4.77                                 KURHFS 
  4146.432   25.0055     2.918     -5.12                                 KURHFS 
  4146.432   25.0055     2.918     -5.28                                 KURHFS 
  4146.434   25.0055     2.918     -5.10                                 KURHFS 
  4146.434   25.0055     2.918     -5.11                                 KURHFS 
  4146.434   25.0055     2.918     -5.12                                 KURHFS 
  4146.435   25.0055     2.918     -5.11                                 KURHFS 
  4146.435   25.0055     2.918     -5.22                                 KURHFS 
  4146.435   25.0055     2.918     -5.54                                 KURHFS 
  4146.436   25.0055     2.918     -5.22                                 KURHFS 
  4146.436   25.0055     2.918     -5.48                                 KURHFS 
  4146.436   25.0055     2.918     -6.24                                 KURHFS 
  4146.437   25.0055     2.918     -5.48                                 KURHFS 
  4146.461      24.0     2.998     -2.11                                        
  4146.541      25.0     4.329     -2.57                                        
  4146.585      24.0     2.708     -4.42                                        
  4146.604      74.1     3.103     -1.50                                        
  4146.605      24.0     3.886     -4.04                                        
  4146.610      60.1     0.742     -1.37                                 LAWLER 
  4146.610      92.0     0.908     -0.43                                        
  4146.632      62.0     0.282     -1.53                                        
  4146.669      24.0     2.965     -1.55                                        
  4146.740      62.1     0.184     -1.54                                 LAWLER 
  4146.768      44.0     1.192     -1.11                                        
  4146.943      20.0     4.677     -3.55                                        
  4146.983      27.1     5.085     -2.95                                        
  4147.180      41.0     1.428     -0.47                                        
  4147.272      26.1     4.612     -3.51                                        
  4147.343      26.0     3.329     -1.86                                        
  4147.350      20.0     2.930     -2.52                                        
  4147.351   23.0051     2.262     -4.13                                 KURHFS 
  4147.351   23.0051     2.262     -4.39                                 KURHFS 
  4147.351   23.0051     2.262     -4.42                                 KURHFS 
  4147.352   23.0051     2.262     -3.95                                 KURHFS 
  4147.352   23.0051     2.262     -4.00                                 KURHFS 
  4147.352   23.0051     2.262     -4.39                                 KURHFS 
  4147.353      40.0     1.549     -0.54                                        
  4147.354   23.0051     2.262     -3.75                                 KURHFS 
  4147.354   23.0051     2.262     -3.86                                 KURHFS 
  4147.354   23.0051     2.262     -4.44                                 KURHFS 
  4147.356   23.0051     2.262     -3.55                                 KURHFS 
  4147.356   23.0051     2.262     -3.83                                 KURHFS 
  4147.356   23.0051     2.262     -4.57                                 KURHFS 
  4147.359   23.0051     2.262     -3.38                                 KURHFS 
  4147.359   23.0051     2.262     -3.89                                 KURHFS 
  4147.359   23.0051     2.262     -4.79                                 KURHFS 
  4147.363   23.0051     2.262     -3.24                                 KURHFS 
  4147.363   23.0051     2.262     -4.08                                 KURHFS 
  4147.363   23.0051     2.262     -5.20                                 KURHFS 
  4147.473      26.0     3.600     -2.44                                        
  4147.530      24.0     3.847     -1.08                                        
  4147.559      25.0     3.370     -0.99                               KURNOHFS 
  4147.669      26.0     1.484     -2.10                                        
  4147.710      62.1     0.040     -1.39                                 LAWLER 
  4147.747      24.0     3.854     -1.33                                        
  4147.800   23.0051     2.267     -2.79                                 KURHFS 
  4147.803   23.0051     2.267     -2.51                                 KURHFS 
  4147.803   23.0051     2.267     -2.79                                 KURHFS 
  4147.803   23.0051     2.267     -3.81                                 KURHFS 
  4147.809   23.0051     2.267     -2.37                                 KURHFS 
  4147.809   23.0051     2.267     -2.51                                 KURHFS 
  4147.809   23.0051     2.267     -3.11                                 KURHFS 
  4147.818   23.0051     2.267     -2.30                                 KURHFS 
  4147.818   23.0051     2.267     -2.37                                 KURHFS 
  4147.818   23.0051     2.267     -2.66                                 KURHFS 
  4147.829   23.0051     2.267     -2.30                                 KURHFS 
  4147.829   23.0051     2.267     -2.30                                 KURHFS 
  4147.829   23.0051     2.267     -2.33                                 KURHFS 
  4147.844   23.0051     2.267     -2.07                                 KURHFS 
  4147.844   23.0051     2.267     -2.30                                 KURHFS 
  4147.844   23.0051     2.267     -2.36                                 KURHFS 
  4147.862   23.0051     2.267     -1.85                                 KURHFS 
  4147.862   23.0051     2.267     -2.36                                 KURHFS 
  4147.862   23.0051     2.267     -2.57                                 KURHFS 
  4147.879      73.0     0.696     -1.50                                        
  4147.883   23.0051     2.267     -1.66                                 KURHFS 
  4147.883   23.0051     2.267     -2.57                                 KURHFS 
  4147.915      24.0     4.093     -1.07                                        
  4147.941      22.0     2.332     -1.78                                        
  4148.147      20.0     2.930     -7.45                                        
  4148.162      58.1     0.739     -0.76                                 LAWLER 
  4148.182      90.1     0.970     -1.03                                        
  4148.255      26.0     3.651     -2.87                                        
  4148.270      21.1     4.875     -4.71                                        
  4148.373      44.0     1.124     -1.61                                        
  4148.411      26.0     3.600     -2.62                                        
  4148.430      42.0     3.075     -1.98                                        
  4148.433      59.1     0.216     -0.79                                        
  4148.497      24.0     3.854     -0.68                                        
  4148.585      25.0     4.270     -2.44                                        
  4148.683      42.0     2.916     -1.49                                        
  4148.720      28.0     3.462     -2.24                                        
  4148.727      90.0     0.929     -0.84                                        
  4148.739      20.0     4.765     -2.81                                        
  4148.747      41.0     1.094     -1.07                                        
  4148.788      25.0     4.265     -0.32                                        
  4148.823      26.0     4.383     -2.06                                        
  4148.834   23.0051     0.267     -3.57                                 KURHFS 
  4148.834   23.0051     0.267     -3.74                                 KURHFS 
  4148.841   23.0051     0.267     -3.44                                 KURHFS 
  4148.841   23.0051     0.267     -3.57                                 KURHFS 
  4148.851   23.0051     0.267     -3.44                                 KURHFS 
  4148.851   23.0051     0.267     -3.56                                 KURHFS 
  4148.851   23.0051     0.267     -3.76                                 KURHFS 
  4148.855      64.0     0.213     -0.71                                        
  4148.862   23.0051     0.267     -3.15                                 KURHFS 
  4148.862   23.0051     0.267     -3.56                                 KURHFS 
  4148.899      58.1     1.089      0.04                                BIEMONT 
  4148.937      42.0     2.075     -1.27                                        
  4148.975      42.0     3.697     -0.35                                        
  4149.063      70.0     2.442      0.32                                        
  4149.143      58.1     1.026     -1.02                                 LAWLER 
  4149.174      27.1     5.118     -3.52                                        
  4149.202      40.1     0.801     -0.03                                BIEMONT 
  4149.365      26.0     3.329     -0.92                                        
  4149.436      42.0     2.985     -1.93                                        
  4149.437      23.1     4.732     -3.59                                        
  4149.441      22.0     2.693     -1.69                                        
  4149.442      74.0     2.434     -0.57                                        
  4149.446      24.0     3.842     -1.29                                        
  4149.475      20.0     4.765     -1.11                                        
  4149.480      64.0     0.896     -0.50                                        
  4149.484      26.0     3.692     -3.27                                        
  4149.488      26.0     4.217     -2.56                                        
  4149.499      24.0     4.093     -3.52                                        
  4149.522      23.0     2.580     -3.30                               KURNOHFS 
  4149.694      42.0     2.678     -1.86                                        
  4149.735      25.0     4.791     -0.80                                        
  4149.742      22.0     2.238     -3.93                                        
  4149.760   25.0055     2.886     -5.55                                 KURHFS 
  4149.760   25.0055     2.886     -6.54                                 KURHFS 
  4149.761      26.0     0.052     -5.58                                        
  4149.764   25.0055     2.886     -5.72                                 KURHFS 
  4149.764   25.0055     2.886     -6.36                                 KURHFS 
  4149.764   25.0055     2.886     -6.54                                 KURHFS 
  4149.768   25.0055     2.886     -5.91                                 KURHFS 
  4149.768   25.0055     2.886     -6.33                                 KURHFS 
  4149.768   25.0055     2.886     -6.36                                 KURHFS 
  4149.770   25.0055     2.886     -6.10                                 KURHFS 
  4149.770   25.0055     2.886     -6.33                                 KURHFS 
  4149.770   25.0055     2.886     -6.40                                 KURHFS 
  4149.773   25.0055     2.886     -6.28                                 KURHFS 
  4149.773   25.0055     2.886     -6.40                                 KURHFS 
  4149.773   25.0055     2.886     -6.59                                 KURHFS 
  4149.774   25.0055     2.886     -6.34                                 KURHFS 
  4149.774   25.0055     2.886     -6.59                                 KURHFS 
  4149.781      58.1     0.708     -0.77                                 LAWLER 
  4149.830      62.1     0.104     -0.91                                 LAWLER 
  4149.893      58.1     1.087      0.55                                BIEMONT 
  4149.954      24.0     4.385     -3.65                                        
  4149.966      58.1     0.721     -0.06                                 LAWLER 
  4149.971      58.1     0.464     -0.81                                BIEMONT 
  4149.973      75.0     1.713     -1.16                                        
  4149.987      90.1     1.310     -0.38                                        
  4150.090      23.1     2.024     -3.77                                        
  4150.108      69.0     2.199      0.14                                        
  4150.112      22.0     2.266     -3.49                                        
  4150.226      24.0     4.201     -2.86                                        
  4150.234      28.0     3.304     -4.89                                        
  4150.238      28.0     3.737     -1.55                                        
  4150.246      20.0     4.765     -0.63                                        
  4150.249      25.0     4.243     -2.76                                        
  4150.249      26.0     3.428     -1.26                                        
  4150.262      22.0     2.394     -3.07                                        
  4150.300      44.0     1.176     -1.81                                        
  4150.348      28.0     3.938     -0.73                                        
  4150.362      28.0     4.161     -0.91                                        
  4150.382   27.0059     3.565     -2.69                                 KURHFS 
  4150.384   27.0059     3.565     -2.43                                 KURHFS 
  4150.386   27.0059     3.565     -2.62                                 KURHFS 
  4150.388   27.0059     3.565     -2.22                                 KURHFS 
  4150.391   27.0059     3.565     -2.43                                 KURHFS 
  4150.393   27.0059     3.565     -3.32                                 KURHFS 
  4150.396   27.0059     3.565     -2.05                                 KURHFS 
  4150.400   27.0059     3.565     -2.32                                 KURHFS 
  4150.403   27.0059     3.565     -3.17                                 KURHFS 
  4150.404      58.1     0.811     -1.82                                 LAWLER 
  4150.406   27.0059     3.565     -1.91                                 KURHFS 
  4150.411   27.0059     3.565     -2.28                                 KURHFS 
  4150.413   27.0059     0.581     -3.59                                 KURHFS 
  4150.415   27.0059     3.565     -3.17                                 KURHFS 
  4150.419   27.0059     3.565     -1.78                                 KURHFS 
  4150.420   27.0059     0.581     -3.73                                 KURHFS 
  4150.425   27.0059     3.565     -2.28                                 KURHFS 
  4150.427   27.0059     0.581     -3.90                                 KURHFS 
  4150.430   27.0059     3.565     -3.27                                 KURHFS 
  4150.433   27.0059     0.581     -4.09                                 KURHFS 
  4150.435   27.0059     3.565     -1.66                                 KURHFS 
  4150.438   27.0059     0.581     -4.35                                 KURHFS 
  4150.439   27.0059     0.581     -4.43                                 KURHFS 
  4150.442   27.0059     3.565     -2.35                                 KURHFS 
  4150.443   27.0059     0.581     -4.23                                 KURHFS 
  4150.443   27.0059     0.581     -4.74                                 KURHFS 
  4150.446   27.0059     0.581     -4.18                                 KURHFS 
  4150.447      26.0     3.412     -1.85                                        
  4150.448   27.0059     0.581     -4.20                                 KURHFS 
  4150.448   27.0059     3.565     -3.47                                 KURHFS 
  4150.450   27.0059     0.581     -4.29                                 KURHFS 
  4150.451   27.0059     0.581     -4.48                                 KURHFS 
  4150.453   27.0059     3.565     -1.56                                 KURHFS 
  4150.454   27.0059     0.581     -4.77                                 KURHFS 
  4150.457   27.0059     0.581     -4.74                                 KURHFS 
  4150.459   27.0059     0.581     -4.79                                 KURHFS 
  4150.461   27.0059     0.581     -4.91                                 KURHFS 
  4150.461   27.0059     3.565     -2.57                                 KURHFS 
  4150.462   27.0059     0.581     -5.13                                 KURHFS 
  4150.462   27.0059     0.581     -5.54                                 KURHFS 
  4150.468   27.0059     3.565     -3.87                                 KURHFS 
  4150.481      24.0     3.090     -2.94                                        
  4150.551      22.0     2.295     -0.65                                        
  4150.601      64.1     1.232     -1.06                                        
  4150.646      28.0     4.150     -2.46                                        
  4150.660      23.0     2.636     -0.60                               KURNOHFS 
  4150.771      28.0     3.676     -3.69                                        
  4150.798      22.0     2.238     -1.10                                        
  4150.858      22.0     2.248     -4.11                                        
  4150.905      58.1     1.057      0.06                                BIEMONT 
  4150.911      26.0     4.383     -3.06                                        
  4150.934      59.1     1.181     -0.67                                        
  4150.958      22.0     2.173     -0.07                                        
  4150.981      25.0     4.662     -1.34                                        
  4150.986      40.1     0.801     -0.99                                        
  4150.993      24.1     5.326     -1.34                                        
  4151.009      24.0     3.365     -2.53                                        
  4151.067      25.0     4.255     -2.22                                        
  4151.107      68.0     0.000      0.44                                        
  4151.159      26.0     3.692     -6.10                                        
  4151.181      27.0     2.716     -5.19                               KURNOHFS 
  4151.324   23.0051     1.063     -2.28                                 KURHFS 
  4151.324   23.0051     1.063     -2.98                                 KURHFS 
  4151.329   23.0051     1.063     -2.57                                 KURHFS 
  4151.329   23.0051     1.063     -2.80                                 KURHFS 
  4151.329   23.0051     1.063     -2.98                                 KURHFS 
  4151.333   23.0051     1.063     -2.77                                 KURHFS 
  4151.333   23.0051     1.063     -2.80                                 KURHFS 
  4151.333   23.0051     1.063     -2.98                                 KURHFS 
  4151.336      22.1     5.419     -2.07                                        
  4151.336   23.0051     1.063     -2.77                                 KURHFS 
  4151.336   23.0051     1.063     -2.83                                 KURHFS 
  4151.336   23.0051     1.063     -3.70                                 KURHFS 
  4151.339   23.0051     1.063     -2.83                                 KURHFS 
  4151.339   23.0051     1.063     -3.03                                 KURHFS 
  4151.339   23.0051     1.063     -4.94                                 KURHFS 
  4151.340   23.0051     1.063     -3.03                                 KURHFS 
  4151.340   23.0051     1.063     -3.29                                 KURHFS 
  4151.397      22.0     3.106     -1.26                                        
  4151.457      24.0     4.096     -1.73                                        
  4151.524      63.1     1.278     -2.09                                        
  4151.549   23.0051     1.858     -5.72                                 KURHFS 
  4151.556   23.0051     1.858     -5.64                                 KURHFS 
  4151.556   23.0051     1.858     -6.45                                 KURHFS 
  4151.564   23.0051     1.858     -5.55                                 KURHFS 
  4151.564   23.0051     1.858     -6.23                                 KURHFS 
  4151.564   23.0051     1.858     -7.66                                 KURHFS 
  4151.564      24.0     2.965     -3.19                                        
  4151.575   23.0051     1.858     -5.47                                 KURHFS 
  4151.575   23.0051     1.858     -6.14                                 KURHFS 
  4151.575   23.0051     1.858     -7.43                                 KURHFS 
  4151.582      28.0     3.793     -3.50                                        
  4151.588   23.0051     1.858     -5.39                                 KURHFS 
  4151.588   23.0051     1.858     -6.11                                 KURHFS 
  4151.588   23.0051     1.858     -7.38                                 KURHFS 
  4151.591      25.0     4.662     -1.31                                        
  4151.597      26.1     4.728     -4.52                                        
  4151.603   23.0051     1.858     -5.31                                 KURHFS 
  4151.603   23.0051     1.858     -6.12                                 KURHFS 
  4151.603   23.0051     1.858     -7.45                                 KURHFS 
  4151.617      64.1     1.526     -0.82                                        
  4151.620   23.0051     1.858     -5.24                                 KURHFS 
  4151.620   23.0051     1.858     -6.21                                 KURHFS 
  4151.620   23.0051     1.858     -7.63                                 KURHFS 
  4151.640   23.0051     1.858     -5.17                                 KURHFS 
  4151.640   23.0051     1.858     -6.43                                 KURHFS 
  4151.640   23.0051     1.858     -8.01                                 KURHFS 
  4151.687      60.1     0.380     -0.93                                        
  4151.695   27.0059     3.565     -4.55                                 KURHFS 
  4151.699   27.0059     3.565     -4.27                                 KURHFS 
  4151.699   27.0059     3.565     -4.55                                 KURHFS 
  4151.699   27.0059     3.565     -5.57                                 KURHFS 
  4151.707   27.0059     3.565     -4.13                                 KURHFS 
  4151.707   27.0059     3.565     -4.27                                 KURHFS 
  4151.707   27.0059     3.565     -4.87                                 KURHFS 
  4151.718   27.0059     3.565     -4.06                                 KURHFS 
  4151.718   27.0059     3.565     -4.13                                 KURHFS 
  4151.718   27.0059     3.565     -4.42                                 KURHFS 
  4151.733   27.0059     3.565     -4.06                                 KURHFS 
  4151.733   27.0059     3.565     -4.06                                 KURHFS 
  4151.733   27.0059     3.565     -4.09                                 KURHFS 
  4151.752   27.0059     3.565     -3.83                                 KURHFS 
  4151.752   27.0059     3.565     -4.06                                 KURHFS 
  4151.752   27.0059     3.565     -4.12                                 KURHFS 
  4151.764      26.0     4.217     -1.45                                        
  4151.774      25.0     4.350     -3.15                                        
  4151.775   27.0059     3.565     -3.61                                 KURHFS 
  4151.775   27.0059     3.565     -4.12                                 KURHFS 
  4151.775   27.0059     3.565     -4.33                                 KURHFS 
  4151.795      26.1     2.275     -6.83                                        
  4151.801   27.0059     3.565     -3.42                                 KURHFS 
  4151.801   27.0059     3.565     -4.33                                 KURHFS 
  4151.818      26.0     3.571     -5.28                                        
  4151.860      25.0     4.350     -3.13                                        
  4151.878      42.0     3.161     -0.92                                        
  4151.926   57.1139     0.235     -1.05                                 LAWLER 
  4151.941   57.1139     0.235     -1.25                                 LAWLER 
  4151.946      26.0     3.544     -2.99                                        
  4151.954      26.0     3.249     -7.04                                        
  4151.955   57.1139     0.235     -1.25                                 LAWLER 
  4151.970   57.1139     0.235     -2.44                                 LAWLER 
  4151.970      58.1     0.683      0.25                                        
  4151.980   57.1139     0.235     -1.25                                 LAWLER 
  4151.993   57.1139     0.235     -1.25                                 LAWLER 
  4152.003   57.1139     0.235     -1.51                                 LAWLER 
  4152.008      23.0     2.636     -2.93                               KURNOHFS 
