Tc I     4262.3      line list
  4259.026      23.1     6.096     -4.52                                        
  4259.047      26.0     2.607     -3.70                                        
  4259.049      25.1     5.832     -3.61                                        
  4259.068      58.1     0.808     -1.37                                 LAWLER 
  4259.088 106.00112     0.488     -1.52               3.470               Plez 
  4259.106      77.0     0.351     -2.90                                        
  4259.118      24.0     3.011     -1.67                                        
  4259.169      21.0     4.816     -3.50                                        
  4259.200      25.1     5.394     -1.59                                        
  4259.239      23.0     2.503     -8.96                               KURNOHFS 
  4259.273 106.00113     0.488     -3.21               3.470               Plez 
  4259.282 106.00112     0.488     -3.21               3.470               Plez 
  4259.284 106.00112     0.488     -1.48               3.470               Plez 
  4259.285   23.0051     0.017     -3.37                                 KURHFS 
  4259.289   23.0051     0.017     -3.37                                 KURHFS 
  4259.289   23.0051     0.017     -3.55                                 KURHFS 
  4259.295   23.0051     0.017     -3.21                                 KURHFS 
  4259.295   23.0051     0.017     -3.67                                 KURHFS 
  4259.295   23.0051     0.017     -3.80                                 KURHFS 
  4259.303   23.0051     0.017     -3.20                                 KURHFS 
  4259.303   23.0051     0.017     -3.24                                 KURHFS 
  4259.303   23.0051     0.017     -4.23                                 KURHFS 
  4259.313   23.0051     0.017     -2.95                                 KURHFS 
  4259.313   23.0051     0.017     -3.36                                 KURHFS 
  4259.313      28.0     3.539     -3.04                                        
  4259.324   23.0051     0.017     -2.74                                 KURHFS 
  4259.324      26.1     7.798     -2.81                                        
  4259.334      25.0     4.636     -1.15                                        
  4259.337      26.0     2.988     -4.94                                        
  4259.342 106.00113     0.488     -1.52               3.470               Plez 
  4259.351      26.0     4.217     -3.22                                        
  4259.363      74.0     2.657      0.33                                        
  4259.390      62.1     0.333     -2.17                                 LAWLER 
  4259.437      20.0     4.760     -2.27                                        
  4259.454      29.0     4.970     -0.93                                        
  4259.464   23.0051     2.121     -3.65                                 KURHFS 
  4259.466   23.0051     2.121     -3.37                                 KURHFS 
  4259.466   23.0051     2.121     -3.65                                 KURHFS 
  4259.466   23.0051     2.121     -4.67                                 KURHFS 
  4259.469   23.0051     2.121     -3.23                                 KURHFS 
  4259.469   23.0051     2.121     -3.37                                 KURHFS 
  4259.469   23.0051     2.121     -3.98                                 KURHFS 
  4259.474   23.0051     2.121     -3.17                                 KURHFS 
  4259.474   23.0051     2.121     -3.23                                 KURHFS 
  4259.474   23.0051     2.121     -3.53                                 KURHFS 
  4259.481   23.0051     2.121     -3.16                                 KURHFS 
  4259.481   23.0051     2.121     -3.17                                 KURHFS 
  4259.481   23.0051     2.121     -3.20                                 KURHFS 
  4259.489   23.0051     2.121     -2.93                                 KURHFS 
  4259.489   23.0051     2.121     -3.16                                 KURHFS 
  4259.489   23.0051     2.121     -3.23                                 KURHFS 
  4259.499   23.0051     2.121     -2.71                                 KURHFS 
  4259.499   23.0051     2.121     -3.23                                 KURHFS 
  4259.499   23.0051     2.121     -3.43                                 KURHFS 
  4259.511   23.0051     2.121     -2.53                                 KURHFS 
  4259.511   23.0051     2.121     -3.43                                 KURHFS 
  4259.563 106.00113     0.488     -1.48               3.470               Plez 
  4259.570      25.1     7.754     -6.73                                        
  4259.588 106.00113     0.952     -3.39               3.470               Plez 
  4259.594      58.1     0.740     -1.62                                 LAWLER 
  4259.614      60.1     0.320     -1.41                                        
  4259.640   27.0059     3.629     -4.00                                 KURHFS 
  4259.645   27.0059     3.629     -3.72                                 KURHFS 
  4259.645   27.0059     3.629     -4.00                                 KURHFS 
  4259.645   27.0059     3.629     -5.03                                 KURHFS 
  4259.654   27.0059     3.629     -3.59                                 KURHFS 
  4259.654   27.0059     3.629     -3.72                                 KURHFS 
  4259.654   27.0059     3.629     -4.33                                 KURHFS 
  4259.663      21.0     2.567     -0.57                               KURNOHFS 
  4259.668   27.0059     3.629     -3.52                                 KURHFS 
  4259.668   27.0059     3.629     -3.59                                 KURHFS 
  4259.668   27.0059     3.629     -3.88                                 KURHFS 
  4259.673      20.0     6.013     -2.92                                        
  4259.683      22.0     2.266     -3.41                                        
  4259.686   27.0059     3.629     -3.51                                 KURHFS 
  4259.686   27.0059     3.629     -3.52                                 KURHFS 
  4259.686   27.0059     3.629     -3.55                                 KURHFS 
  4259.708   27.0059     3.629     -3.29                                 KURHFS 
  4259.708   27.0059     3.629     -3.51                                 KURHFS 
  4259.708   27.0059     3.629     -3.58                                 KURHFS 
  4259.712 106.00112     0.951     -1.44               3.470               Plez 
  4259.713      24.0     3.108     -3.86                                        
  4259.736   27.0059     3.629     -3.07                                 KURHFS 
  4259.736   27.0059     3.629     -3.58                                 KURHFS 
  4259.736   27.0059     3.629     -3.78                                 KURHFS 
  4259.744      58.1     0.896     -0.69                                 LAWLER 
  4259.763 106.00112     0.952     -1.41               3.470               Plez 
  4259.768   27.0059     3.629     -2.88                                 KURHFS 
  4259.768   27.0059     3.629     -3.78                                 KURHFS 
  4259.806 106.00112     0.952     -3.39               3.470               Plez 
  4259.815   27.0059     3.064     -3.46                                 KURHFS 
  4259.815   27.0059     3.064     -3.72                                 KURHFS 
  4259.815   27.0059     3.064     -3.75                                 KURHFS 
  4259.824   27.0059     3.064     -3.27                                 KURHFS 
  4259.824   27.0059     3.064     -3.33                                 KURHFS 
  4259.824   27.0059     3.064     -3.72                                 KURHFS 
  4259.832 106.00113     0.951     -1.44               3.470               Plez 
  4259.837   27.0059     3.064     -3.07                                 KURHFS 
  4259.837   27.0059     3.064     -3.18                                 KURHFS 
  4259.837   27.0059     3.064     -3.77                                 KURHFS 
  4259.854   27.0059     3.064     -2.88                                 KURHFS 
  4259.854   27.0059     3.064     -3.16                                 KURHFS 
  4259.854   27.0059     3.064     -3.89                                 KURHFS 
  4259.876   27.0059     3.064     -2.71                                 KURHFS 
  4259.876   27.0059     3.064     -3.21                                 KURHFS 
  4259.876   27.0059     3.064     -4.11                                 KURHFS 
  4259.884 106.00113     0.952     -1.41               3.470               Plez 
  4259.903   27.0059     3.064     -2.57                                 KURHFS 
  4259.903   27.0059     3.064     -3.41                                 KURHFS 
  4259.903   27.0059     3.064     -4.52                                 KURHFS 
  4259.937      26.0     4.431     -1.89                                        
  4259.937      74.0     2.107     -0.94                                        
  4259.946      26.0     2.174     -5.35                                        
  4259.999      26.0     3.329     -1.25                                        
  4260.008      44.0     1.316     -1.50                                        
  4260.081      26.0     3.394     -2.57                                        
  4260.116      64.0     0.066     -0.44                                        
  4260.135      26.0     3.069     -1.52                                        
  4260.170      26.0     3.394     -1.91                                        
  4260.183      24.0     3.854     -0.64                                        
  4260.220      74.0     2.244     -0.24                                        
  4260.275      22.0     2.493     -6.88                                        
  4260.333      90.0     1.215     -0.26                                        
  4260.354      42.0     2.756     -1.11                                        
  4260.428      14.0     4.926     -3.34                                        
  4260.449      22.0     2.343     -2.38                                        
  4260.467      25.1     1.846     -4.25                                        
  4260.474      26.0     2.397     -0.02                                        
  4260.490      24.0     3.142     -3.92                                        
  4260.586      24.0     3.963     -2.89                                        
  4260.616      27.0     2.875     -3.54                               KURNOHFS 
  4260.652      42.0     3.209     -0.93                                        
  4260.689      23.1     6.097     -4.14                                        
  4260.696      23.1     1.671     -2.66                                        
  4260.728      26.0     2.843     -2.29                                        
  4260.745      22.0     2.295     -1.01                                        
  4260.763      23.1     1.702     -2.40                                        
  4260.848      76.0     0.000     -1.44                                        
  4260.852      27.1     2.983     -4.44                                        
  4260.917      28.0     3.541     -3.15                                        
  4260.927      24.0     3.419     -3.83                                        
  4260.983      72.0     1.305     -0.95                                        
  4260.984      26.0     4.253     -4.02                                        
  4260.994      22.1     5.563     -1.87                                        
  4261.002      26.1     7.763     -3.14                                        
  4261.021      20.0     6.049     -2.48                                        
  4261.025      23.1     6.461     -2.02                                        
  4261.104      22.0     2.576     -4.16                                        
  4261.162      58.1     1.087     -0.50                                        
  4261.174      40.0     0.686     -1.37                                        
  4261.217 106.00112     0.709     -3.70               3.470               Plez 
  4261.219 106.00112     0.124     -1.53               3.470               Plez 
  4261.226      23.0     2.682     -2.86                               KURNOHFS 
  4261.239 106.00113     0.709     -3.70               3.470               Plez 
  4261.282      25.0     4.709     -0.58                                        
  4261.292      26.0     4.175     -3.08                                        
  4261.312      21.0     2.138     -1.72                               KURNOHFS 
  4261.350      24.0     2.911     -0.69                                 SOBECK 
  4261.391 106.00112     0.709     -3.70               3.470               Plez 
  4261.413 106.00113     0.709     -3.70               3.470               Plez 
  4261.413      40.0     1.581     -0.49                                        
  4261.441      42.0     3.387     -0.97                                        
  4261.444      24.0     3.695     -2.82                                        
  4261.464      26.1     6.725     -4.42                                        
  4261.488      21.1     6.903     -3.12                                        
  4261.498      26.1     7.533     -4.47                                        
  4261.506 106.00112     0.124     -3.15               3.470               Plez 
  4261.510 106.00113     0.124     -1.53               3.470               Plez 
  4261.517      26.0     4.470     -3.73                                        
  4261.520 106.00112     0.124     -1.48               3.470               Plez 
  4261.533      20.0     6.050     -4.73                                        
  4261.544 106.00113     0.124     -3.15               3.470               Plez 
  4261.548      20.0     6.050     -4.21                                        
  4261.590      22.0     2.304     -0.19                                        
  4261.600      23.1     6.141     -4.14                                        
  4261.613      24.0     3.119     -0.91                                        
  4261.619      26.1     7.647     -3.02                                        
  4261.625      26.0     4.140     -4.42                                        
  4261.649      21.0     3.081     -3.73                               KURNOHFS 
  4261.704      41.0     1.120     -1.09                                        
  4261.729 106.00112     0.124     -1.53               3.470               Plez 
  4261.790      59.1     0.422     -0.98                                LINOHFS 
  4261.835      60.1     1.490      0.51                                        
  4261.846 106.00113     0.124     -1.48               3.470               Plez 
  4261.847      24.1     3.101     -3.00                                        
  4261.913      24.1     3.861     -1.53                                        
  4261.949      24.1     5.315     -4.33                                        
  4261.969 106.00112     0.124     -3.15               3.470               Plez 
  4261.984 106.00112     0.124     -1.48               3.470               Plez 
  4262.007 106.00113     0.124     -3.15               3.470               Plez 
  4262.020 106.00113     0.124     -1.53               3.470               Plez 
  4262.053      41.0     0.130     -0.56                                        
  4262.082      64.0     0.841      0.86                                        
  4262.087      64.1     0.731     -0.44                                        
  4262.127      24.0     3.110     -3.41                                        
  4262.128   23.0051     1.852     -1.93                                 KURHFS 
  4262.131   23.0051     1.852     -1.81                                 KURHFS 
  4262.131   23.0051     1.852     -2.38                                 KURHFS 
  4262.136   23.0051     1.852     -1.69                                 KURHFS 
  4262.136   23.0051     1.852     -2.17                                 KURHFS 
  4262.136   23.0051     1.852     -3.38                                 KURHFS 
  4262.142   23.0051     1.852     -1.58                                 KURHFS 
  4262.142   23.0051     1.852     -2.07                                 KURHFS 
  4262.142   23.0051     1.852     -3.17                                 KURHFS 
  4262.150   23.0051     1.852     -1.48                                 KURHFS 
  4262.150   23.0051     1.852     -2.04                                 KURHFS 
  4262.150   23.0051     1.852     -3.15                                 KURHFS 
  4262.155      24.0     2.913     -3.37                                        
  4262.159   23.0051     1.852     -1.38                                 KURHFS 
  4262.159   23.0051     1.852     -2.05                                 KURHFS 
  4262.159   23.0051     1.852     -3.23                                 KURHFS 
  4262.171   23.0051     1.852     -1.29                                 KURHFS 
  4262.171   23.0051     1.852     -2.14                                 KURHFS 
  4262.171   23.0051     1.852     -3.42                                 KURHFS 
  4262.183   23.0051     1.852     -1.21                                 KURHFS 
  4262.183   23.0051     1.852     -2.35                                 KURHFS 
  4262.183   23.0051     1.852     -3.81                                 KURHFS 
  4262.191      24.0     3.123     -3.75                                        
  4262.198      23.0     2.676     -2.13                               KURNOHFS 
  4262.228      60.1     0.630     -0.77                                        
  4262.236      25.0     4.824     -2.00                                        
   4262.27      43.0     0.00      -0.35                                PALMERI
  4262.299      24.0     3.695     -3.58                                        
  4262.309 106.00113     0.124     -1.48               3.470               Plez 
  4262.340      26.0     4.100     -2.93                                        
  4262.340      57.0     0.130     -1.27                                        
  4262.363      24.0     3.077     -1.23                                        
  4262.437   23.0051     2.357     -8.49                                 KURHFS 
  4262.437   23.0051     2.357     -8.75                                 KURHFS 
  4262.443   23.0051     2.357    -10.40                                 KURHFS 
  4262.443   23.0051     2.357     -8.29                                 KURHFS 
  4262.443   23.0051     2.357     -8.49                                 KURHFS 
  4262.451   23.0051     2.357     -8.23                                 KURHFS 
  4262.451   23.0051     2.357     -8.29                                 KURHFS 
  4262.451   23.0051     2.357     -9.16                                 KURHFS 
  4262.462   23.0051     2.357     -8.23                                 KURHFS 
  4262.462   23.0051     2.357     -8.26                                 KURHFS 
  4262.462   23.0051     2.357     -8.44                                 KURHFS 
  4262.477   23.0051     2.357     -8.04                                 KURHFS 
  4262.477   23.0051     2.357     -8.26                                 KURHFS 
  4262.477   23.0051     2.357     -8.44                                 KURHFS 
  4262.494   23.0051     2.357     -7.74                                 KURHFS 
  4262.494   23.0051     2.357     -8.44                                 KURHFS 
  4262.525 106.00113     0.910     -3.35               3.470               Plez 
  4262.562      26.0     4.470     -4.13                                        
  4262.572 106.00112     0.910     -1.46               3.470               Plez 
  4262.647 106.00113     1.108     -4.66               3.470               Plez 
  4262.670      62.1     0.378     -0.49                                 LAWLER 
  4262.685 106.00113     0.910     -1.46               3.470               Plez 
  4262.691 106.00112     0.910     -1.43               3.470               Plez 
  4262.698      26.0     4.368     -3.07                                        
  4262.729 106.00112     0.910     -3.35               3.470               Plez 
  4262.740      72.1     1.601     -1.86                                 LAWLER 
  4262.811 106.00113     0.910     -1.43               3.470               Plez 
  4262.901 106.00112     1.108     -4.66               3.470               Plez 
  4262.907      20.0     4.765     -2.23                                        
  4262.940      66.1     0.540     -2.71                                 LAWLER 
  4262.943      22.0     3.145     -1.20                                        
  4263.020 106.00113     0.640     -5.41               3.470               Plez 
  4263.114 106.00113     0.686     -5.42               3.470               Plez 
  4263.133      22.0     1.886      0.26                                        
  4263.138      24.0     3.847      0.47                                        
  4263.161 106.00113     1.108     -4.66               3.470               Plez 
  4263.178      23.1     6.161     -2.66                                        
  4263.249      22.1     5.564     -1.02                                        
  4263.297      22.0     1.748     -3.87                                        
  4263.310      22.0     3.109     -2.41                                        
  4263.316      27.0     3.131     -2.91                               KURNOHFS 
  4263.318      74.0     2.855      0.37                                        
  4263.356      90.1     1.165     -1.48                                        
  4263.396      44.0     1.316     -1.90                                        
  4263.416 106.00112     1.108     -4.66               3.470               Plez 
  4263.423      58.1     1.041     -0.40                                BIEMONT 
  4263.430      60.1     0.742     -0.79                                 LAWLER 
  4263.447      72.0     0.000     -1.56                                        
  4263.454 106.00113     0.911     -3.35               3.470               Plez 
  4263.465      23.1     5.845     -3.40                                        
  4263.467      22.0     1.886     -8.04                                        
  4263.503      24.1     3.103     -5.84                                        
  4263.545 106.00112     0.911     -1.46               3.470               Plez 
  4263.578      57.1     1.954      0.03                                        
  4263.590      26.0     3.926     -4.26                                        
  4263.625 106.00112     0.911     -1.43               3.470               Plez 
  4263.658 106.00112     0.911     -3.35               3.470               Plez 
  4263.658 106.00113     0.911     -1.46               3.470               Plez 
  4263.683   27.0059     3.626     -2.60                                 KURHFS 
  4263.683   27.0059     3.626     -2.67                                 KURHFS 
  4263.683   27.0059     3.626     -3.30                                 KURHFS 
  4263.689   27.0059     3.626     -2.40                                 KURHFS 
  4263.689   27.0059     3.626     -2.40                                 KURHFS 
  4263.689   27.0059     3.626     -3.14                                 KURHFS 
  4263.698   27.0059     3.626     -2.20                                 KURHFS 
  4263.698   27.0059     3.626     -2.30                                 KURHFS 
  4263.698   27.0059     3.626     -3.14                                 KURHFS 
  4263.704      22.0     2.394     -2.37                                        
  4263.711      24.1     6.277     -2.89                                        
  4263.711   27.0059     3.626     -2.03                                 KURHFS 
  4263.711   27.0059     3.626     -2.25                                 KURHFS 
  4263.711   27.0059     3.626     -3.24                                 KURHFS 
  4263.723      68.0     0.000     -1.74                                        
  4263.726   27.0059     3.626     -1.88                                 KURHFS 
  4263.726   27.0059     3.626     -2.26                                 KURHFS 
  4263.726   27.0059     3.626     -3.44                                 KURHFS 
  4263.745 106.00113     0.911     -1.43               3.470               Plez 
  4263.745   27.0059     3.626     -1.75                                 KURHFS 
  4263.745   27.0059     3.626     -2.33                                 KURHFS 
  4263.745   27.0059     3.626     -3.84                                 KURHFS 
  4263.768   27.0059     3.626     -1.64                                 KURHFS 
  4263.768   27.0059     3.626     -2.54                                 KURHFS 
  4263.780      59.1     0.371     -0.69                                LINOHFS 
  4263.794   27.0059     3.626     -1.53                                 KURHFS 
  4263.833      24.0     3.886     -4.47                                        
  4263.849      23.1     1.684     -2.68                                        
  4263.869      26.1     7.687     -1.71                                        
  4263.883      25.0     4.350     -1.52                                        
  4263.883      25.0     4.350     -3.45                                        
  4263.920      60.1     0.320     -1.59                                 LAWLER 
  4263.932      26.0     4.140     -4.20                                        
  4263.945      58.1     1.089     -0.69                                        
  4263.974 106.00112     0.458     -1.56               3.470               Plez 
  4263.992      60.1     1.741      0.32                                        
  4264.022 106.00113     0.597     -5.41               3.470               Plez 
  4264.040      22.0     3.125     -3.15                                        
  4264.051      67.0     0.000     -0.75                                        
  4264.073      24.0     2.706     -2.77                                        
  4264.086      26.0     4.151     -3.76                                        
  4264.113      23.0     1.798     -4.20                               KURNOHFS 
  4264.194      25.1     5.832     -4.85                                        
  4264.202 106.00113     0.458     -1.56               3.470               Plez 
  4264.203      26.0     3.366     -1.48                                        
  4264.222      24.1     3.103     -4.12                                        
  4264.240 106.00113     0.458     -3.16               3.470               Plez 
  4264.242      23.0     3.265     -4.52                               KURNOHFS 
  4264.251 106.00112     0.458     -3.16               3.470               Plez 
  4264.251      23.0     3.264     -4.51                               KURNOHFS 
  4264.253      21.0     2.301     -4.41                               KURNOHFS 
  4264.256      25.0     4.341     -2.53                                        
  4264.267 106.00112     0.458     -1.51               3.470               Plez 
  4264.293      22.0     2.332     -2.38                                        
  4264.368      58.1     0.899     -0.56                                 LAWLER 
  4264.378      20.0     6.017     -4.23                                        
  4264.404      26.0     4.470     -4.16                                        
  4264.413      56.0     1.520     -0.90                                        
  4264.438 106.00113     0.734     -5.42               3.470               Plez 
  4264.467 106.00112     0.458     -1.56               3.470               Plez 
  4264.487      23.1     1.674     -3.28                                        
  4264.489      20.0     5.724     -3.12                                        
  4264.502      24.0     5.128     -4.24                                        
  4264.522 106.00113     0.458     -1.51               3.470               Plez 
  4264.624      27.0     2.628     -4.79                               KURNOHFS 
  4264.628      39.1     4.000     -1.00                                        
  4264.629 106.00112     0.640     -5.41               3.470               Plez 
  4264.629      42.0     2.932     -1.49                                        
  4264.682      27.0     3.949     -2.46                               KURNOHFS 
  4264.687 106.00113     0.458     -3.16               3.470               Plez 
  4264.695 106.00113     0.458     -1.56               3.470               Plez 
  4264.698 106.00112     0.458     -3.16               3.470               Plez 
  4264.706      20.0     4.760     -2.72                                        
  4264.715 106.00112     0.458     -1.51               3.470               Plez 
  4264.741      26.0     3.957     -1.45                                        
  4264.749      76.0     1.656     -1.52                                        
  4264.775 106.00112     0.686     -5.42               3.470               Plez 
  4264.783      22.0     1.501     -3.92                                        
  4264.842      26.0     4.470     -3.44                                        
  4264.866      68.0     1.533      0.17                                        
  4264.920      40.1     1.664     -1.41                                        
