Eu II     4129.7              line list
  4128.040      23.0      0.28    -0.523                                        
  4128.061      58.1      0.45    -0.491                                BIEMONT 
  4128.076      23.0      0.28    -0.523                                        
  4128.105      24.0      2.71    -2.854                                        
  4128.112      62.1      0.10    -2.529                                        
  4128.118      25.0      4.26    -0.711                                        
  4128.120      60.1     0.559    -1.410                                 LAWLER 
  4128.129      25.1      1.78    -2.861                                        
  4128.135      23.0      3.28    -4.604                                        
  4128.226      23.1      2.90    -3.527                                        
  4128.239      66.1      0.93    -0.790                                 LAWLER 
  4128.282      42.0      2.08    -1.424                                        
  4128.299      39.0      0.07     0.380                                BIEMONT 
  4128.325      25.0      4.35    -1.058                                        
  4128.360      14.0      4.13    -4.640                                        
  4128.360      58.1      0.93    -0.541                                BIEMONT 
  4128.383      25.1      5.40    -4.304                                        
  4128.391      24.0      4.10    -0.301                                        
  4128.481      58.1     1.087    -1.320                                BIEMONT 
  4128.490      24.0      3.01    -2.097                                        
  4128.539      26.0      3.70    -3.523                                        
  4128.611      24.0      4.11    -1.448                                        
  4128.615      25.1      5.42    -4.509                                        
  4128.708      60.1      0.68    -0.920                                        
  4128.748      26.1      2.58    -3.745                                        
  4128.850      23.0      1.94    -0.319                                        
  4128.869      24.0      4.21    -4.106                                        
  4128.870      45.0      0.97    -0.270                                        
  4128.874      25.1      1.81    -5.551                                        
  4128.875      21.0      3.06    -3.296                                        
  4128.935      23.1      6.34    -1.356                                        
  4128.998      22.0      2.09    -5.190                                        
  4129.000      24.0      4.21    -2.603                                        
  4129.092      58.1     1.140    -1.000                                BIEMONT 
  4129.147      59.1      1.04    -0.006                                        
  4129.174      58.1      0.74    -0.280                                BIEMONT 
  4129.175      24.0      3.01    -2.523                                        
  4129.179      22.1      1.89     -2.10                                    ADJ 
  4129.194      26.0      3.42    -2.321                                        
  4129.196      24.0      2.91    -1.000                                        
  4129.220      62.1      0.25    -1.401                                        
  4129.235      23.1      6.29    -1.575                                        
  4129.305      26.0      3.50    -2.824                                        
  4129.435      66.1      0.54    -0.611                                 LAWLER 
  4129.426      41.0      0.09    -0.780                                        
  4129.460      26.0      3.40    -1.921                                        
  4129.609   63.1151     0.000    -1.512                                        
  4129.613   63.1151     0.000    -1.035                                        
  4129.627   63.1151     0.000    -1.316                                        
  4129.632   63.1151     0.000    -0.977                                        
  4129.635   63.1151     0.000    -1.512                                        
  4129.651   63.1151     0.000    -1.257                                        
  4129.657   63.1151     0.000    -0.847                                        
  4129.660      22.0      2.24    -2.011                                        
  4129.652   63.1151     0.000    -1.316                                        
  4129.674   63.1151     0.000    -1.294                                        
  4129.679   63.1153     0.000    -1.512                                        
  4129.681   63.1151     0.000    -0.696                                        
  4129.682   63.1153     0.000    -1.035                                        
  4129.693      26.0      3.25    -6.532                                        
  4129.686   63.1153     0.000    -1.316                                        
  4129.687   63.1151     0.000    -1.257                                        
  4129.689   63.1153     0.000    -0.977                                        
  4129.692   63.1153     0.000    -1.512                                        
  4129.696   63.1153     0.000    -1.257                                        
  4129.700   63.1153     0.000    -0.847                                        
  4129.703   63.1153     0.000    -1.316                                        
  4129.711   63.1153     0.000    -1.294                                        
  4129.714   63.1153     0.000    -0.696                                        
  4129.716   63.1151     0.000    -1.480                                        
  4129.717   63.1153     0.000    -1.257                                        
  4129.723   63.1151     0.000    -0.545                                        
  4129.729   63.1151     0.000    -1.294                                        
  4129.732   63.1153     0.000    -1.480                                        
  4129.733   63.1153     0.000    -0.545                                        
  4129.735   63.1153     0.000    -1.294                                        
  4129.752      21.0      2.01    -2.856                                        
  4129.757   63.1153     0.000    -0.401                                        
  4129.758   63.1153     0.000    -1.480                                        
  4129.773   63.1151     0.000    -0.401                                        
  4129.780   63.1151     0.000    -1.480                                        
  4129.817      27.0      3.81    -1.808                                        
  4129.837      60.1      2.02     0.180                                        
  4129.963      26.0      3.50    -2.398                                ADJUST  
  4129.994      23.0      2.26    -1.769                                        
  4130.037      26.0      1.56     -3.90                                ADJUST  
  4130.038      26.0      3.11    -2.260                                        
  4130.068      26.0      3.70    -3.763                                        
  4130.073      24.0      2.91    -1.971                                        
  4130.112      20.0      5.96    -4.532                                        
  4130.136      23.0      1.22    -3.142                                        
  4130.249      25.0      2.92    -2.000                                        
  4130.295      24.0      3.11    -3.219                                        
  4130.358      23.0      2.27    -0.607                                        
  4130.366      64.1      0.60    -0.222                                        
  4130.366      64.1      0.73    -0.087                                        
  4130.450      24.0      2.91    -1.155                                        
  4130.530      28.0      3.66    -2.301                                ADJUST  
  4130.540      27.0      0.51     -3.30                                ADJUST  
  4130.645      56.1      2.72     0.525                                  NIST  
  4130.715      60.1      1.49    -0.350                                        
  4130.725      58.1      0.56    -0.210                                BIEMONT 
  4130.799      58.1     0.459    -1.680                                BIEMONT 
  4130.810      27.0      3.69    -3.331                                        
  4130.856      14.1      9.84     0.778                                        
  4130.868      58.1     0.739    -0.440                                BIEMONT 
  4130.885      27.1      3.12    -3.724                                        
  4130.930      20.0      5.93    -5.126                                        
  4130.934      20.0      5.83    -4.767                                        
  4131.025      66.1      1.46     0.000                                        
  4131.094      58.1     1.089    -0.320                                BIEMONT 
  4131.096      58.1      0.33    -0.530                                BIEMONT 
  4131.102      25.0      4.23     0.342                                        
  4131.160      28.0      4.17    -1.437                                        
  4131.162      23.0      0.27    -2.158                                        
  4131.165      26.1      5.96    -4.162                                        
  4131.240      22.0      2.30    -0.602                                        
  4131.339      24.0      3.85    -2.285                                        
  4131.358      22.0      2.23    -0.097                                        
  4131.420      20.0      5.59    -3.398                                        
  4131.473      64.1      1.41    -0.105                                        
  4131.484      25.0      3.38    -1.854                                        
  4131.519      41.0      1.50    -0.660                                        
  4131.580      20.0      5.83    -3.321                                        
  4131.650      20.0      5.59    -3.392                                        
  4131.735      28.1      6.47    -7.253                                        
  4131.760      26.0      4.22    -1.886                                        
  4131.805      23.0      1.95    -1.029                                        
  4131.809      23.1      4.70    -2.856                                        
  4131.814      25.0      4.36    -1.907                                        
  4131.821      20.0      6.04    -5.526                                        
  4131.855      58.1      0.81    -1.313                                        
  4131.860      20.0      6.04    -4.203                                        
  4131.870      26.1      7.56    -3.915                                        
  4131.917      42.0      3.16    -0.359                                        
  4131.935      26.0      3.42    -1.453                                        
  4131.971      26.0      3.27    -1.343                                        
  4131.986      20.0      5.93    -2.485                                        
  4131.993      23.0      0.29    -0.085                                        
  4131.997      23.0      1.22    -2.584                                        
  4132.067      26.0      1.61    -0.650      2.00                              
  4135.000      26.0      3.00    -3.000                                        
