Sm II    4424.3       line list
  4420.956      23.0     2.581     -3.71                               KURNOHFS 
  4421.007      26.0     4.280     -2.96                                        
  4421.103      23.1     5.791     -2.55                                        
  4421.107      24.0     3.844     -3.93                                        
  4421.113      24.0     3.110     -9.38                                        
  4421.119      26.0     3.637     -3.13                                        
  4421.130      62.1     0.378     -0.49                                 LAWLER 
  4421.220      59.1     0.371     -0.77                                LINOHFS 
  4421.240      64.1     1.313     -0.35                                 LAWLER 
  4421.265      24.0     3.108     -2.84                                        
  4421.340      27.0     2.925     -1.38                               KURNOHFS 
  4421.373      27.1     5.042     -5.56                                        
  4421.375      24.0     3.108     -3.32                                        
  4421.379      20.0     5.736     -3.73                                        
  4421.453      22.0     2.425     -0.89                                        
  4421.461      44.0     1.062     -1.36                                        
  4421.496      24.0     3.884     -2.71                                        
  4421.529   23.0051     0.275     -1.97                                 KURHFS 
  4421.534   23.0051     0.275     -1.97                                 KURHFS 
  4421.534   23.0051     0.275     -2.15                                 KURHFS 
  4421.541   23.0051     0.275     -1.81                                 KURHFS 
  4421.541   23.0051     0.275     -2.27                                 KURHFS 
  4421.541   23.0051     0.275     -2.40                                 KURHFS 
  4421.551   23.0051     0.275     -1.80                                 KURHFS 
  4421.551   23.0051     0.275     -1.84                                 KURHFS 
  4421.551   23.0051     0.275     -2.83                                 KURHFS 
  4421.563   23.0051     0.275     -1.55                                 KURHFS 
  4421.563   23.0051     0.275     -1.96                                 KURHFS 
  4421.578   23.0051     0.275     -1.34                                 KURHFS 
  4421.655      26.0     3.412     -7.39                                        
  4421.676      28.0     3.477     -4.20                                        
  4421.690      22.0     3.152     -3.80                                        
  4421.706      26.0     4.603     -2.34                                        
  4421.707      20.0     5.737     -3.28                                        
  4421.752      22.0     2.238     -0.33                                        
  4421.938      22.1     2.060     -1.77                                        
  4421.973      27.0     3.407     -3.23                               KURNOHFS 
  4422.048      90.0     1.336     -0.54                                        
  4422.058      24.0     3.885     -2.90                                        
  4422.059      42.0     2.274     -1.80                                        
  4422.092      24.0     2.542     -7.40                                        
  4422.145      24.0     3.553     -1.85                                        
  4422.155      25.0     4.350     -2.11                                        
  4422.194      23.0     1.710     -2.71                               KURNOHFS 
  4422.198   23.0051     1.852     -2.92                                 KURHFS 
  4422.198   23.0051     1.852     -2.99                                 KURHFS 
  4422.198   23.0051     1.852     -3.62                                 KURHFS 
  4422.202   23.0051     1.852     -2.73                                 KURHFS 
  4422.202   23.0051     1.852     -2.73                                 KURHFS 
  4422.202   23.0051     1.852     -3.47                                 KURHFS 
  4422.207   23.0051     1.852     -2.52                                 KURHFS 
  4422.207   23.0051     1.852     -2.62                                 KURHFS 
  4422.207   23.0051     1.852     -3.47                                 KURHFS 
  4422.211      20.0     5.827     -4.51                                        
  4422.214   23.0051     1.852     -2.35                                 KURHFS 
  4422.214   23.0051     1.852     -2.58                                 KURHFS 
  4422.214   23.0051     1.852     -3.56                                 KURHFS 
  4422.222   23.0051     1.852     -2.21                                 KURHFS 
  4422.222   23.0051     1.852     -2.58                                 KURHFS 
  4422.222   23.0051     1.852     -3.77                                 KURHFS 
  4422.233   23.0051     1.852     -2.08                                 KURHFS 
  4422.233   23.0051     1.852     -2.65                                 KURHFS 
  4422.233   23.0051     1.852     -4.17                                 KURHFS 
  4422.245   23.0051     1.852     -1.96                                 KURHFS 
  4422.245   23.0051     1.852     -2.87                                 KURHFS 
  4422.249      72.0     1.305     -1.70                                        
  4422.258   23.0051     1.852     -1.86                                 KURHFS 
  4422.407      64.0     0.027     -0.15                                        
  4422.418   23.0051     1.858     -4.06                                 KURHFS 
  4422.419      25.0     4.682     -4.38                                        
  4422.426   23.0051     1.858     -3.98                                 KURHFS 
  4422.426   23.0051     1.858     -4.79                                 KURHFS 
  4422.426      28.0     3.304     -2.74                                        
  4422.436   23.0051     1.858     -3.90                                 KURHFS 
  4422.436   23.0051     1.858     -4.57                                 KURHFS 
  4422.436   23.0051     1.858     -6.00                                 KURHFS 
  4422.448   23.0051     1.858     -3.81                                 KURHFS 
  4422.448   23.0051     1.858     -4.48                                 KURHFS 
  4422.448   23.0051     1.858     -5.77                                 KURHFS 
  4422.462   23.0051     1.858     -3.73                                 KURHFS 
  4422.462   23.0051     1.858     -4.45                                 KURHFS 
  4422.462   23.0051     1.858     -5.72                                 KURHFS 
  4422.468      23.0     1.711     -2.62                               KURNOHFS 
  4422.478      22.0     2.479     -6.81                                        
  4422.480   23.0051     1.858     -3.65                                 KURHFS 
  4422.480   23.0051     1.858     -4.46                                 KURHFS 
  4422.480   23.0051     1.858     -5.79                                 KURHFS 
  4422.499   23.0051     1.858     -3.58                                 KURHFS 
  4422.499   23.0051     1.858     -4.55                                 KURHFS 
  4422.499   23.0051     1.858     -5.97                                 KURHFS 
  4422.514      68.1     2.211      0.19                                        
  4422.521   23.0051     1.858     -3.51                                 KURHFS 
  4422.521   23.0051     1.858     -4.78                                 KURHFS 
  4422.521   23.0051     1.858     -6.35                                 KURHFS 
  4422.568      26.0     2.843     -1.11                                        
  4422.588      39.1     0.104     -1.27                                BIEMONT 
  4422.613      25.0     4.350     -1.12                                        
  4422.618      22.0     1.967     -4.37                                        
  4422.689      24.0     3.553     -0.40                                        
  4422.773      24.0     2.542     -8.07                                        
  4422.819      22.0     1.066     -1.08                                        
  4422.842      42.0     3.161     -1.35                                        
  4422.853      28.0     4.085     -1.89                                        
  4422.951      20.0     5.828     -5.25                                        
  4422.960      26.0     4.470     -4.22                                        
  4422.989      28.0     3.676     -1.58                                        
  4423.052      42.0     2.644     -1.76                                        
  4423.098      23.0     2.706     -2.42                               KURNOHFS 
  4423.128      24.0     3.110     -9.75                                        
  4423.128      26.1     7.691     -4.60                                        
  4423.141      26.0     2.988     -2.51                                        
  4423.195   23.0051     1.080     -1.61                                 KURHFS 
  4423.195   23.0051     1.080     -2.62                                 KURHFS 
  4423.195   23.0051     1.080     -3.92                                 KURHFS 
  4423.200      25.0     4.350     -3.43                                        
  4423.202   23.0051     1.080     -1.72                                 KURHFS 
  4423.202   23.0051     1.080     -2.41                                 KURHFS 
  4423.202   23.0051     1.080     -3.52                                 KURHFS 
  4423.209   23.0051     1.080     -1.83                                 KURHFS 
  4423.209   23.0051     1.080     -2.34                                 KURHFS 
  4423.209   23.0051     1.080     -3.32                                 KURHFS 
  4423.214   23.0051     1.080     -1.96                                 KURHFS 
  4423.214   23.0051     1.080     -2.33                                 KURHFS 
  4423.214   23.0051     1.080     -3.22                                 KURHFS 
  4423.218   23.0051     1.080     -2.11                                 KURHFS 
  4423.218   23.0051     1.080     -2.38                                 KURHFS 
  4423.218   23.0051     1.080     -3.22                                 KURHFS 
  4423.221   23.0051     1.080     -2.28                                 KURHFS 
  4423.221   23.0051     1.080     -2.48                                 KURHFS 
  4423.221   23.0051     1.080     -3.38                                 KURHFS 
  4423.223   23.0051     1.080     -2.48                                 KURHFS 
  4423.223   23.0051     1.080     -2.68                                 KURHFS 
  4423.224   23.0051     1.080     -2.75                                 KURHFS 
  4423.239      22.1     1.230     -2.67                                        
  4423.244      26.0     4.412     -3.03                                        
  4423.247      11.0     2.103     -2.56                                        
  4423.278      23.0     3.368     -4.44                               KURNOHFS 
  4423.283      24.0     3.102     -5.11                                        
  4423.314      24.0     3.011     -1.73                                        
  4423.373      26.1     7.647     -3.81                                        
  4423.382      62.0     0.036     -1.25                                        
  4423.403   27.0059     3.809     -4.68                                 KURHFS 
  4423.403   27.0059     3.809     -4.70                                 KURHFS 
  4423.403   27.0059     3.809     -4.83                                 KURHFS 
  4423.425   27.0059     3.809     -4.36                                 KURHFS 
  4423.425   27.0059     3.809     -4.68                                 KURHFS 
  4423.425   27.0059     3.809     -5.16                                 KURHFS 
  4423.442      58.0     0.000     -0.67                                        
  4423.453      22.0     2.304     -4.62                                        
  4423.475      26.1     7.711     -4.51                                        
  4423.549   23.0051     1.948     -3.12                                 KURHFS 
  4423.552   23.0051     1.948     -2.85                                 KURHFS 
  4423.552   23.0051     1.948     -3.05                                 KURHFS 
  4423.556      22.0     0.899     -5.90                                        
  4423.558   23.0051     1.948     -2.65                                 KURHFS 
  4423.558   23.0051     1.948     -2.85                                 KURHFS 
  4423.558   23.0051     1.948     -3.75                                 KURHFS 
  4423.567   23.0051     1.948     -2.48                                 KURHFS 
  4423.567   23.0051     1.948     -2.75                                 KURHFS 
  4423.567   23.0051     1.948     -3.59                                 KURHFS 
  4423.579   23.0051     1.948     -2.33                                 KURHFS 
  4423.579   23.0051     1.948     -2.70                                 KURHFS 
  4423.579   23.0051     1.948     -3.59                                 KURHFS 
  4423.589      24.0     3.854     -0.58                                        
  4423.593   23.0051     1.948     -2.20                                 KURHFS 
  4423.593   23.0051     1.948     -2.71                                 KURHFS 
  4423.593   23.0051     1.948     -3.69                                 KURHFS 
  4423.605      23.0     2.676     -6.83                               KURNOHFS 
  4423.605      24.1     5.867     -4.50                                        
  4423.609      42.0     2.258     -0.86                                        
  4423.611   23.0051     1.948     -2.09                                 KURHFS 
  4423.611   23.0051     1.948     -2.78                                 KURHFS 
  4423.611   23.0051     1.948     -3.89                                 KURHFS 
  4423.615      24.0     3.373     -2.42                                        
  4423.628      22.0     1.967     -6.69                                        
  4423.631   23.0051     1.948     -1.98                                 KURHFS 
  4423.631   23.0051     1.948     -2.99                                 KURHFS 
  4423.631   23.0051     1.948     -4.29                                 KURHFS 
  4423.673      58.1     1.057     -0.36                                BIEMONT 
  4423.732      22.0     1.967     -5.12                                        
  4423.762      74.0     2.831     -0.10                                        
  4423.841      26.0     3.651     -1.61                                        
  4423.865      41.0     2.085     -0.67                                        
  4423.893      57.0     1.229      0.27                                        
  4423.911      23.0     2.636     -0.13                               KURNOHFS 
  4423.941      22.0     2.493     -2.60                                        
  4423.950      23.0     2.579     -1.85                               KURNOHFS 
  4423.970      24.0     5.222     -1.43                                        
  4424.001      42.0     3.714     -1.47                                        
  4424.034      23.0     1.711     -4.76                               KURNOHFS 
  4424.068      26.0     3.639     -2.19                                        
  4424.075      24.0     2.913     -1.08                                        
  4424.078      20.0     5.449     -4.83                                        
  4424.100      64.1     1.171     -1.18                                 LAWLER 
  4424.173      27.1     5.204     -4.71                                        
  4424.188      26.0     3.544     -1.61                                        
  4424.191      42.0     2.068     -2.29                                        
  4424.257      27.1     5.051     -4.21                                        
  4424.278      24.0     3.008     -0.37                                        
  4424.340      62.1     0.484      0.14                                 LAWLER 
  4424.383      22.0     2.425     -0.64                                        
  4424.494      24.0     2.985     -1.83                                        
  4424.568      23.0     1.375     -1.46                               KURNOHFS 
  4424.570      68.0     0.624     -0.06                                        
  4424.629      23.1     1.803     -2.32                                        
  4424.792      44.0     1.460     -1.72                                        
  4424.838      28.0     4.161     -4.20                                        
  4424.868      28.0     3.462     -3.29                                        
  4424.970      73.0     2.558     -0.63                                        
  4425.011      64.0     1.530      0.36                                        
  4425.128      24.0     3.102     -1.96                                        
  4425.237      24.0     4.571     -2.97                                        
  4425.277      21.0     2.336     -1.79                               KURNOHFS 
  4425.278      24.0     3.110     -8.42                                        
  4425.420      21.0     3.099     -1.68                               KURNOHFS 
  4425.437      20.0     1.878     -0.39                                        
  4425.486      14.0     4.950     -2.77                                        
  4425.519      24.0     4.407     -3.99                                        
  4425.595      24.0     3.373     -2.48                                        
  4425.625      26.0     4.257     -3.26                                        
  4425.658      26.0     3.571     -2.86                                        
  4425.663   23.0051     1.349     -3.84                                 KURHFS 
  4425.666   23.0051     1.349     -3.56                                 KURHFS 
  4425.666   23.0051     1.349     -3.84                                 KURHFS 
  4425.666   23.0051     1.349     -4.86                                 KURHFS 
  4425.671   23.0051     1.349     -3.42                                 KURHFS 
  4425.671   23.0051     1.349     -3.56                                 KURHFS 
  4425.671   23.0051     1.349     -4.16                                 KURHFS 
  4425.677      26.0     3.637     -4.50                                        
  4425.679   23.0051     1.349     -3.36                                 KURHFS 
  4425.679   23.0051     1.349     -3.42                                 KURHFS 
  4425.679   23.0051     1.349     -3.72                                 KURHFS 
  4425.690   23.0051     1.349     -3.35                                 KURHFS 
  4425.690   23.0051     1.349     -3.36                                 KURHFS 
  4425.690   23.0051     1.349     -3.38                                 KURHFS 
  4425.703   23.0051     1.349     -3.12                                 KURHFS 
  4425.703   23.0051     1.349     -3.35                                 KURHFS 
  4425.703   23.0051     1.349     -3.42                                 KURHFS 
  4425.712      55.0     0.000     -6.56                                        
  4425.717   23.0051     1.847     -2.67                                 KURHFS 
  4425.717   23.0051     1.847     -2.85                                 KURHFS 
  4425.717   23.0051     1.847     -3.11                                 KURHFS 
  4425.717   23.0051     1.847     -3.11                                 KURHFS 
  4425.717   23.0051     1.847     -3.14                                 KURHFS 
  4425.717   23.0051     1.847     -3.16                                 KURHFS 
  4425.718   23.0051     1.349     -2.90                                 KURHFS 
  4425.718   23.0051     1.349     -3.42                                 KURHFS 
  4425.718   23.0051     1.349     -3.62                                 KURHFS 
  4425.718   23.0051     1.847     -2.58                                 KURHFS 
  4425.718   23.0051     1.847     -2.72                                 KURHFS 
  4425.718   23.0051     1.847     -3.29                                 KURHFS 
  4425.719   23.0051     1.847     -2.47                                 KURHFS 
  4425.719   23.0051     1.847     -2.55                                 KURHFS 
  4425.719   23.0051     1.847     -3.51                                 KURHFS 
  4425.720   23.0051     1.847     -2.27                                 KURHFS 
  4425.720   23.0051     1.847     -2.61                                 KURHFS 
  4425.720   23.0051     1.847     -3.92                                 KURHFS 
  4425.721   23.0051     1.847     -2.10                                 KURHFS 
  4425.721   23.0051     1.847     -2.80                                 KURHFS 
  4425.723   23.0051     1.847     -1.96                                 KURHFS 
  4425.736   23.0051     1.349     -2.72                                 KURHFS 
  4425.736   23.0051     1.349     -3.62                                 KURHFS 
  4425.751      26.0     3.263     -3.26                                        
  4425.813      68.1     0.891     -2.57                                 LAWLER 
  4425.823      22.0     1.066     -1.71                                        
  4425.879      26.0     3.637     -4.70                                        
  4425.892      28.0     4.534     -3.52                                        
  4425.902      74.0     2.265     -0.92                                        
  4425.963   23.0051     0.286     -2.73                                 KURHFS 
  4425.965   23.0051     0.286     -2.44                                 KURHFS 
  4425.965   23.0051     0.286     -2.70                                 KURHFS 
  4425.970   23.0051     0.286     -2.25                                 KURHFS 
  4425.970   23.0051     0.286     -2.70                                 KURHFS 
  4425.970   23.0051     0.286     -2.75                                 KURHFS 
  4425.978   23.0051     0.286     -2.16                                 KURHFS 
  4425.978   23.0051     0.286     -2.31                                 KURHFS 
  4425.978   23.0051     0.286     -2.87                                 KURHFS 
  4425.979      22.1     5.028     -3.41                                        
  4425.980      62.1     0.434     -1.92                                 LAWLER 
  4425.988   23.0051     0.286     -2.05                                 KURHFS 
  4425.988   23.0051     0.286     -2.14                                 KURHFS 
  4425.988   23.0051     0.286     -3.09                                 KURHFS 
  4426.000   23.0051     0.286     -1.85                                 KURHFS 
  4426.000   23.0051     0.286     -2.19                                 KURHFS 
  4426.000   23.0051     0.286     -3.50                                 KURHFS 
  4426.015   23.0051     0.286     -1.69                                 KURHFS 
  4426.015   23.0051     0.286     -2.39                                 KURHFS 
  4426.033   23.0051     0.286     -1.55                                 KURHFS 
  4426.050      22.0     1.878     -0.34                                        
  4426.127      24.0     3.419     -3.66                                        
  4426.150      64.1     0.382     -1.59                                 LAWLER 
  4426.275      77.0     1.224     -1.92                                        
  4426.338      22.0     3.059     -2.53                                        
  4426.353      24.0     4.774     -2.86                                        
  4426.370      20.0     4.128     -4.21                                        
  4426.425      24.0     2.985     -2.98                                        
  4426.549      23.0     2.330     -2.19                               KURNOHFS 
  4426.651      24.0     5.235     -0.07                                        
  4426.662      24.0     2.985     -1.97                                        
  4426.670      42.0     2.497     -0.61                                        
  4426.676      41.0     0.739     -1.48                                        
  4426.677      92.1     0.583     -1.64                                        
  4426.729      25.1     6.124     -5.73                                        
  4426.768      68.0     0.000     -0.98                                        
  4426.812      25.0     4.341     -3.14                                        
  4426.812      25.0     4.602     -3.23                                        
  4426.820      60.1     0.182     -1.75                                 LAWLER 
  4426.919      16.0     6.855     -2.00                                        
  4426.934      92.0     0.000     -1.32                                        
  4426.951   27.0059     2.872     -3.37                                 KURHFS 
  4426.951   27.0059     2.872     -4.37                                 KURHFS 
  4426.951   27.0059     2.872     -5.67                                 KURHFS 
  4426.956      28.0     4.161     -3.80                                        
  4426.970   27.0059     2.872     -3.47                                 KURHFS 
  4426.970   27.0059     2.872     -4.16                                 KURHFS 
  4426.970   27.0059     2.872     -5.28                                 KURHFS 
  4426.986   27.0059     2.872     -3.59                                 KURHFS 
  4426.986   27.0059     2.872     -4.09                                 KURHFS 
  4426.986   27.0059     2.872     -5.07                                 KURHFS 
  4427.000   27.0059     2.872     -3.71                                 KURHFS 
  4427.000   27.0059     2.872     -4.08                                 KURHFS 
  4427.000   27.0059     2.872     -4.97                                 KURHFS 
  4427.011   27.0059     2.872     -3.86                                 KURHFS 
  4427.011   27.0059     2.872     -4.13                                 KURHFS 
  4427.011   27.0059     2.872     -4.97                                 KURHFS 
  4427.019   27.0059     2.872     -4.03                                 KURHFS 
  4427.019   27.0059     2.872     -4.24                                 KURHFS 
  4427.019   27.0059     2.872     -5.13                                 KURHFS 
  4427.025   27.0059     2.872     -4.24                                 KURHFS 
  4427.025   27.0059     2.872     -4.43                                 KURHFS 
  4427.027   27.0059     2.872     -4.50                                 KURHFS 
