Nd II    4061.1      line list
  4057.966   25.0055     3.070     -2.13                                 KURHFS 
  4057.984   25.0055     3.070     -1.44                                 KURHFS 
  4058.054      26.1     7.569     -4.32                                        
  4058.060      25.1     5.344     -3.54                                        
  4058.072   27.0059     3.772     -3.44                                 KURHFS 
  4058.072   27.0059     3.772     -3.61                                 KURHFS 
  4058.083   27.0059     3.772     -3.31                                 KURHFS 
  4058.083   27.0059     3.772     -3.44                                 KURHFS 
  4058.099   27.0059     3.772     -3.31                                 KURHFS 
  4058.099   27.0059     3.772     -3.42                                 KURHFS 
  4058.099   27.0059     3.772     -3.63                                 KURHFS 
  4058.107      24.0     3.119     -5.84                                        
  4058.118   27.0059     3.772     -3.01                                 KURHFS 
  4058.118   27.0059     3.772     -3.42                                 KURHFS 
  4058.140      22.0     2.316     -0.13                                        
  4058.158   27.0059     0.513     -4.10                                 KURHFS 
  4058.162   27.0059     0.513     -3.90                                 KURHFS 
  4058.165   27.0059     0.513     -3.83                                 KURHFS 
  4058.168   27.0059     0.513     -3.84                                 KURHFS 
  4058.172   27.0059     0.513     -3.91                                 KURHFS 
  4058.175   27.0059     0.513     -4.05                                 KURHFS 
  4058.179   27.0059     0.513     -4.33                                 KURHFS 
  4058.182   27.0059     0.513     -5.35                                 KURHFS 
  4058.183   27.0059     0.513     -3.61                                 KURHFS 
  4058.183   27.0059     0.513     -3.87                                 KURHFS 
  4058.183   27.0059     0.513     -4.20                                 KURHFS 
  4058.183   27.0059     0.513     -4.65                                 KURHFS 
  4058.184   27.0059     0.513     -3.20                                 KURHFS 
  4058.184   27.0059     0.513     -3.39                                 KURHFS 
  4058.186   27.0059     0.513     -4.33                                 KURHFS 
  4058.187      92.1     0.036     -1.25                                        
  4058.190   27.0059     0.513     -4.05                                 KURHFS 
  4058.194   27.0059     0.513     -3.91                                 KURHFS 
  4058.198      26.0     4.291     -2.69                                        
  4058.198   27.0059     0.513     -3.84                                 KURHFS 
  4058.202   27.0059     0.513     -3.83                                 KURHFS 
  4058.205   27.0059     0.513     -3.90                                 KURHFS 
  4058.209   27.0059     0.513     -4.10                                 KURHFS 
  4058.217      26.0     3.209     -1.07                                        
  4058.217   27.0059     2.041     -4.59                                 KURHFS 
  4058.217   27.0059     2.041     -4.59                                 KURHFS 
  4058.217   27.0059     2.041     -4.90                                 KURHFS 
  4058.219      24.0     4.413     -3.83                                        
  4058.220   27.0059     2.041     -4.43                                 KURHFS 
  4058.220   27.0059     2.041     -4.46                                 KURHFS 
  4058.220   27.0059     2.041     -4.77                                 KURHFS 
  4058.220      64.0     0.027      0.10                                        
  4058.225   27.0059     2.041     -4.17                                 KURHFS 
  4058.225   27.0059     2.041     -4.42                                 KURHFS 
  4058.225   27.0059     2.041     -5.02                                 KURHFS 
  4058.231   27.0059     2.041     -3.96                                 KURHFS 
  4058.231   27.0059     2.041     -4.58                                 KURHFS 
  4058.231   27.0059     2.041     -5.45                                 KURHFS 
  4058.248      58.1     0.459     -1.14                                 LAWLER 
  4058.311      22.0     0.812     -5.41                                        
  4058.376      24.0     4.444     -1.38                                        
  4058.389      26.0     4.291     -2.23                                        
  4058.463      24.0     3.077     -3.58                                        
  4058.464      26.0     3.639     -4.04                                        
  4058.475      73.0     1.393     -1.34                                        
  4058.576   27.0059     2.006     -2.40                                 KURHFS 
  4058.576   27.0059     2.006     -2.42                                 KURHFS 
  4058.576   27.0059     2.006     -2.54                                 KURHFS 
  4058.616   27.0059     2.006     -2.08                                 KURHFS 
  4058.616   27.0059     2.006     -2.40                                 KURHFS 
  4058.616   27.0059     2.006     -2.88                                 KURHFS 
  4058.738   27.0059     2.041     -4.30                                 KURHFS 
  4058.741   27.0059     2.041     -4.28                                 KURHFS 
  4058.741   27.0059     2.041     -4.76                                 KURHFS 
  4058.741      28.0     4.102     -1.30                                        
  4058.744      28.1     8.387     -2.54                                        
  4058.745   27.0059     2.041     -4.28                                 KURHFS 
  4058.745   27.0059     2.041     -4.42                                 KURHFS 
  4058.751   27.0059     2.041     -3.96                                 KURHFS 
  4058.751      58.1     0.459     -1.25                                 LAWLER 
  4058.754      26.0     2.422     -2.06                                        
  4058.769      24.0     3.847      0.26                                        
  4058.770      22.0     0.835     -4.47                                        
  4058.800      59.1     0.422     -0.41                                LINOHFS 
  4058.860      62.1     0.484     -0.86                                 LAWLER 
  4058.913      20.0     2.707     -1.01                                        
  4058.914   25.0055     2.177     -1.35                                 KURHFS 
  4058.919   25.0055     2.177     -1.24                                 KURHFS 
  4058.923   25.0055     2.177     -1.78                                 KURHFS 
  4058.926      41.0     0.130      0.58                                        
  4058.927   25.0055     2.177     -1.33                                 KURHFS 
  4058.931   25.0055     2.177     -1.24                                 KURHFS 
  4058.941   25.0055     2.177     -0.87                                 KURHFS 
  4058.968      25.1     4.934     -3.65                                        
  4058.973      23.0     3.236     -3.25                               KURNOHFS 
  4059.016      26.0     4.183     -3.16                                        
  4059.018      26.1     7.874     -3.65                                        
  4059.045      26.0     4.368     -2.53                                        
  4059.100      69.1     1.086     -2.55                                 LAWLER 
  4059.160      26.0     4.291     -2.16                                        
  4059.169      24.0     3.108     -9.48                                        
  4059.219      42.0     3.396     -1.49                                        
  4059.223      24.0     2.965     -4.44                                        
  4059.240      24.1     8.085     -4.30                                        
  4059.246      24.0     4.443     -1.72                                        
  4059.252   27.0059     0.000     -6.36                                 KURHFS 
  4059.253      90.0     0.788     -0.50                                        
  4059.272   27.0059     0.000     -5.29                                 KURHFS 
  4059.272   27.0059     0.000     -6.14                                 KURHFS 
  4059.290   27.0059     0.000     -5.43                                 KURHFS 
  4059.290   27.0059     0.000     -6.06                                 KURHFS 
  4059.305   27.0059     0.000     -5.58                                 KURHFS 
  4059.307   27.0059     0.000     -6.05                                 KURHFS 
  4059.310   27.0059     0.000     -6.36                                 KURHFS 
  4059.319   27.0059     0.000     -5.74                                 KURHFS 
  4059.320   27.0059     0.000     -6.10                                 KURHFS 
  4059.323   27.0059     0.000     -6.14                                 KURHFS 
  4059.324      24.1     3.736     -6.09                                        
  4059.330   27.0059     0.000     -5.91                                 KURHFS 
  4059.332   27.0059     0.000     -6.20                                 KURHFS 
  4059.334   27.0059     0.000     -6.06                                 KURHFS 
  4059.336   25.0055     3.071     -2.25                                 KURHFS 
  4059.337   25.0055     3.071     -2.25                                 KURHFS 
  4059.339   27.0059     0.000     -6.07                                 KURHFS 
  4059.340   25.0055     3.071     -3.01                                 KURHFS 
  4059.341   27.0059     0.000     -6.42                                 KURHFS 
  4059.343   27.0059     0.000     -6.05                                 KURHFS 
  4059.345   25.0055     3.071     -1.98                                 KURHFS 
  4059.346   27.0059     0.000     -6.21                                 KURHFS 
  4059.347   25.0055     3.071     -1.98                                 KURHFS 
  4059.349   27.0059     0.000     -6.10                                 KURHFS 
  4059.351   27.0059     0.000     -6.22                                 KURHFS 
  4059.352   25.0055     3.071     -2.31                                 KURHFS 
  4059.354   27.0059     0.000     -6.20                                 KURHFS 
  4059.356   27.0059     0.000     -6.42                                 KURHFS 
  4059.359      64.1     1.725     -0.15                                        
  4059.360   25.0055     3.071     -1.88                                 KURHFS 
  4059.363   25.0055     3.071     -1.88                                 KURHFS 
  4059.371   25.0055     3.071     -1.87                                 KURHFS 
  4059.381   25.0055     3.071     -1.89                                 KURHFS 
  4059.386   25.0055     3.071     -1.89                                 KURHFS 
  4059.396   25.0055     3.071     -1.53                                 KURHFS 
  4059.408      22.0     0.812     -5.25                                        
  4059.408   25.0055     3.071     -2.05                                 KURHFS 
  4059.414   25.0055     3.071     -2.05                                 KURHFS 
  4059.427   25.0055     3.071     -1.27                                 KURHFS 
  4059.467      26.0     2.452     -5.94                                        
  4059.497      41.0     1.255     -0.49                                        
  4059.506      68.0     1.332      1.02                                        
  4059.537      20.0     2.519     -3.88                                        
  4059.546      21.0     2.606     -3.94                               KURNOHFS 
  4059.578   23.0051     1.944     -4.26                                 KURHFS 
  4059.578   23.0051     1.944     -4.52                                 KURHFS 
  4059.578   23.0051     1.944     -4.55                                 KURHFS 
  4059.582   23.0051     1.944     -4.07                                 KURHFS 
  4059.582   23.0051     1.944     -4.13                                 KURHFS 
  4059.582   23.0051     1.944     -4.52                                 KURHFS 
  4059.587   23.0051     1.944     -3.87                                 KURHFS 
  4059.587   23.0051     1.944     -3.98                                 KURHFS 
  4059.587   23.0051     1.944     -4.57                                 KURHFS 
  4059.594   23.0051     1.944     -3.68                                 KURHFS 
  4059.594   23.0051     1.944     -3.96                                 KURHFS 
  4059.594   23.0051     1.944     -4.69                                 KURHFS 
  4059.602   23.0051     1.944     -3.51                                 KURHFS 
  4059.602   23.0051     1.944     -4.01                                 KURHFS 
  4059.602   23.0051     1.944     -4.92                                 KURHFS 
  4059.605      26.0     4.175     -4.40                                        
  4059.608      42.0     2.644     -0.94                                        
  4059.612   23.0051     1.944     -3.37                                 KURHFS 
  4059.612   23.0051     1.944     -4.21                                 KURHFS 
  4059.612   23.0051     1.944     -5.33                                 KURHFS 
  4059.656      28.0     3.396     -2.51                                        
  4059.663      22.0     1.738     -4.52                                        
  4059.687      22.0     2.776     -4.12                                        
  4059.713      26.0     3.544     -1.22                                        
  4059.730      60.1     0.064     -1.89                                 LAWLER 
  4059.734      22.0     2.504     -2.96                                        
  4059.747      25.0     4.265     -3.12                                        
  4059.774      26.0     4.151     -2.32                                        
  4059.775      20.0     5.870     -3.82                                        
  4059.779      68.1     0.669     -0.81                                 LAWLER 
  4059.822      27.1     2.777     -6.20                                        
  4059.870      64.0     0.896      0.60                                        
  4059.921      24.0     4.407     -3.31                                        
  4059.950      60.1     0.204     -0.52                                 LAWLER 
  4060.076      22.0     2.295     -0.58                                        
  4060.150      26.0     2.431     -5.14                                        
  4060.186      26.0     4.217     -4.00                                        
  4060.213      20.0     2.519     -2.71                                        
  4060.220      24.0     3.085     -4.11                                        
  4060.224      24.1     8.056     -4.06                                        
  4060.262      22.0     1.052     -0.52                                        
  4060.310      41.0     0.348     -1.26                                        
  4060.346      57.0     0.511     -0.17                                        
  4060.374      26.0     4.368     -4.24                                        
  4060.382      27.0     3.684     -2.25                               KURNOHFS 
  4060.423      24.0     4.532     -3.40                                        
  4060.462      26.0     4.140     -3.92                                        
  4060.470      58.1     0.811     -0.69                                        
  4060.487      24.0     4.444     -1.56                                        
  4060.532      26.1     9.432     -3.97                                        
  4060.540      20.0     2.519     -2.59                                        
  4060.570      66.1     1.650     -0.74                                 LAWLER 
  4060.580      24.0     3.077     -2.71                                        
  4060.634      24.0     4.446     -0.51                                        
  4060.665      24.0     4.413     -2.69                                        
  4060.665      26.0     4.317     -3.91                                        
  4060.700      74.0     2.456     -0.59                                        
  4060.714      58.0     0.000     -0.53                                        
  4060.727      25.0     4.791     -4.01                                        
  4060.742      26.1     9.828     -1.62                                        
  4060.757      26.0     3.637     -2.17                                        
  4060.768   23.0051     2.136     -1.48                                 KURHFS 
  4060.768   23.0051     2.136     -1.93                                 KURHFS 
  4060.768   23.0051     2.136     -2.93                                 KURHFS 
  4060.775   23.0051     2.136     -1.36                                 KURHFS 
  4060.775   23.0051     2.136     -1.72                                 KURHFS 
  4060.775   23.0051     2.136     -2.73                                 KURHFS 
  4060.783      41.0     0.019     -1.10                                        
  4060.786   23.0051     2.136     -1.25                                 KURHFS 
  4060.786   23.0051     2.136     -1.63                                 KURHFS 
  4060.786   23.0051     2.136     -2.70                                 KURHFS 
  4060.798   23.0051     2.136     -1.13                                 KURHFS 
  4060.798   23.0051     2.136     -1.59                                 KURHFS 
  4060.798   23.0051     2.136     -2.78                                 KURHFS 
  4060.814   23.0051     2.136     -1.03                                 KURHFS 
  4060.814   23.0051     2.136     -1.61                                 KURHFS 
  4060.814   23.0051     2.136     -2.97                                 KURHFS 
  4060.832   23.0051     2.136     -0.93                                 KURHFS 
  4060.832   23.0051     2.136     -1.69                                 KURHFS 
  4060.832   23.0051     2.136     -3.36                                 KURHFS 
  4060.837      22.0     2.406     -5.91                                        
  4060.844      25.1     9.674     -3.68                                        
  4060.849      27.1     8.556     -2.09                                        
  4060.852   23.0051     2.136     -0.84                                 KURHFS 
  4060.852   23.0051     2.136     -1.91                                 KURHFS 
  4060.875   23.0051     2.136     -0.76                                 KURHFS 
  4060.906      20.0     4.621     -3.79                                        
  4061.050      62.1     0.659     -1.34                                 LAWLER 
  4061.067      27.0     3.684     -1.75                               KURNOHFS 
  4061.080      60.1     0.471      0.55                                 LAWLER 
  4061.095      26.0     4.257     -0.67                                        
  4061.196      24.0     4.532     -3.05                                        
  4061.238   25.0055     3.850     -4.54                                 KURHFS 
  4061.253      41.0     1.268     -1.22                                        
  4061.256   25.0055     3.850     -4.91                                 KURHFS 
  4061.256   25.0055     3.850     -5.00                                 KURHFS 
  4061.261      23.0     2.636     -2.77                               KURNOHFS 
  4061.269   25.0055     3.850     -4.91                                 KURHFS 
  4061.269   25.0055     3.850     -5.45                                 KURHFS 
  4061.276      27.1     7.590     -2.86                                        
  4061.278   25.0055     3.850     -5.02                                 KURHFS 
  4061.293      64.1     1.496      0.01                                        
  4061.320   25.0055     3.850     -4.24                                 KURHFS 
  4061.320   25.0055     3.850     -4.71                                 KURHFS 
  4061.322      59.1     0.633     -0.74                                        
  4061.339   25.0055     3.850     -4.61                                 KURHFS 
  4061.339   25.0055     3.850     -4.71                                 KURHFS 
  4061.339   25.0055     3.850     -4.79                                 KURHFS 
  4061.347      92.0     0.077     -1.05                                        
  4061.352   25.0055     3.850     -4.61                                 KURHFS 
  4061.352   25.0055     3.850     -4.74                                 KURHFS 
  4061.352   25.0055     3.850     -6.32                                 KURHFS 
  4061.361   25.0055     3.850     -4.74                                 KURHFS 
  4061.361   25.0055     3.850     -5.11                                 KURHFS 
  4061.377      73.0     0.749     -1.13                                        
  4061.416      58.1     0.326     -1.67                                 LAWLER 
  4061.428      21.0     2.008     -2.64                               KURNOHFS 
  4061.488      26.1     4.734     -4.80                                        
  4061.502   25.0055     3.850     -3.98                                 KURHFS 
  4061.502   25.0055     3.850     -4.67                                 KURHFS 
  4061.502   25.0055     3.850     -5.63                                 KURHFS 
  4061.515      40.0     0.519     -0.83                                        
  4061.520   25.0055     3.850     -4.20                                 KURHFS 
  4061.520   25.0055     3.850     -4.53                                 KURHFS 
  4061.520   25.0055     3.850     -5.25                                 KURHFS 
  4061.525      24.1     5.007     -4.64                                        
  4061.533   25.0055     3.850     -4.47                                 KURHFS 
  4061.533   25.0055     3.850     -4.55                                 KURHFS 
  4061.533   25.0055     3.850     -5.07                                 KURHFS 
  4061.539      41.0     0.348     -1.18                                        
  4061.542   25.0055     3.850     -4.70                                 KURHFS 
  4061.542   25.0055     3.850     -4.88                                 KURHFS 
  4061.542   25.0055     3.850     -5.03                                 KURHFS 
  4061.558   23.0051     1.892     -2.41                                 KURHFS 
  4061.558   23.0051     1.892     -2.59                                 KURHFS 
  4061.571   23.0051     1.892     -2.29                                 KURHFS 
  4061.571   23.0051     1.892     -2.41                                 KURHFS 
  4061.589   23.0051     1.892     -2.29                                 KURHFS 
  4061.589   23.0051     1.892     -2.40                                 KURHFS 
  4061.589   23.0051     1.892     -2.61                                 KURHFS 
  4061.611   23.0051     1.892     -1.99                                 KURHFS 
  4061.611   23.0051     1.892     -2.40                                 KURHFS 
  4061.635      26.1     9.693     -4.00                                        
  4061.652      25.0     5.345     -3.34                                        
  4061.672   25.0055     3.073     -2.12                                 KURHFS 
  4061.675   25.0055     3.073     -2.09                                 KURHFS 
  4061.680   25.0055     3.073     -1.83                                 KURHFS 
  4061.683   25.0055     3.073     -2.86                                 KURHFS 
  4061.687   25.0055     3.073     -1.91                                 KURHFS 
  4061.694   25.0055     3.073     -1.61                                 KURHFS 
  4061.698   25.0055     3.073     -2.79                                 KURHFS 
  4061.705   25.0055     3.073     -1.84                                 KURHFS 
  4061.712   27.0059     3.710     -2.24                                 KURHFS 
  4061.714   27.0059     3.710     -2.50                                 KURHFS 
  4061.715   25.0055     3.073     -1.43                                 KURHFS 
  4061.718   27.0059     3.710     -2.04                                 KURHFS 
  4061.720   25.0055     3.073     -2.91                                 KURHFS 
  4061.721   27.0059     3.710     -4.15                                 KURHFS 
  4061.723   27.0059     3.710     -2.24                                 KURHFS 
  4061.726   27.0059     3.710     -1.98                                 KURHFS 
  4061.729   25.0055     3.073     -1.87                                 KURHFS 
  4061.730   27.0059     3.710     -2.90                                 KURHFS 
  4061.733   27.0059     3.710     -2.04                                 KURHFS 
  4061.738   27.0059     3.710     -2.01                                 KURHFS 
  4061.741   25.0055     3.073     -1.27                                 KURHFS 
  4061.743   27.0059     3.710     -2.19                                 KURHFS 
  4061.747   25.0055     3.073     -3.26                                 KURHFS 
  4061.747   27.0059     3.710     -1.98                                 KURHFS 
  4061.752   27.0059     3.710     -2.19                                 KURHFS 
  4061.753      92.1     0.941     -0.95                                        
  4061.758   27.0059     3.710     -1.78                                 KURHFS 
  4061.759   25.0055     3.073     -2.04                                 KURHFS 
  4061.763   27.0059     3.710     -2.01                                 KURHFS 
  4061.773   25.0055     3.073     -1.13                                 KURHFS 
  4061.777   27.0059     3.710     -1.49                                 KURHFS 
  4061.782      26.1     5.952     -2.02                                        
  4061.783   27.0059     3.710     -2.19                                 KURHFS 
  4061.796      20.0     5.979     -7.05                                        
  4061.800      58.0     0.520     -0.27                                        
  4061.829      20.0     2.521     -2.71                                        
  4061.857      75.0     1.866     -1.42                                        
  4061.885      20.0     5.979     -5.01                                        
  4061.900      24.1     3.101     -4.65                                        
  4061.953      26.0     4.151     -1.01                                        
  4061.966      26.1     7.621     -4.61                                        
  4062.060      62.1     0.543     -2.15                                 LAWLER 
  4062.077      42.0     2.079     -0.36                                        
  4062.136      82.0     2.658     -0.10                                        
  4062.222      58.1     1.365      0.26                                        
  4062.275      28.0     3.737     -0.96                                        
  4062.319      62.0     0.387     -0.43                                        
  4062.398      24.0     2.870     -5.69                                        
  4062.441      26.0     2.843     -0.78                                        
  4062.507      20.0     2.521     -2.24                                        
  4062.511   23.0051     1.954     -4.78                                 KURHFS 
  4062.511   23.0051     1.954     -4.97                                 KURHFS 
  4062.517   23.0051     1.954     -4.75                                 KURHFS 
  4062.517   23.0051     1.954     -4.76                                 KURHFS 
  4062.517   23.0051     1.954     -4.97                                 KURHFS 
  4062.523      42.0     2.595     -2.40                                        
  4062.525   23.0051     1.954     -4.63                                 KURHFS 
  4062.525   23.0051     1.954     -4.65                                 KURHFS 
  4062.525   23.0051     1.954     -4.75                                 KURHFS 
  4062.536   23.0051     1.954     -4.46                                 KURHFS 
  4062.536   23.0051     1.954     -4.61                                 KURHFS 
  4062.536   23.0051     1.954     -4.65                                 KURHFS 
  4062.544      92.1     0.000     -0.98                                        
  4062.550   23.0051     1.954     -4.29                                 KURHFS 
  4062.550   23.0051     1.954     -4.61                                 KURHFS 
  4062.550   23.0051     1.954     -4.62                                 KURHFS 
  4062.567   23.0051     1.954     -4.13                                 KURHFS 
  4062.567   23.0051     1.954     -4.62                                 KURHFS 
  4062.567   23.0051     1.954     -4.70                                 KURHFS 
  4062.587   23.0051     1.954     -3.98                                 KURHFS 
  4062.587   23.0051     1.954     -4.70                                 KURHFS 
  4062.587   23.0051     1.954     -4.91                                 KURHFS 
  4062.590      64.1     1.275      0.07                                 LAWLER 
  4062.610   23.0051     1.954     -3.85                                 KURHFS 
  4062.610   23.0051     1.954     -4.91                                 KURHFS 
  4062.632   29.0065     3.814     -1.71                                 KURHFS 
  4062.633   29.0063     3.814     -1.71                                 KURHFS 
  4062.634   29.0063     3.814     -1.39                                 KURHFS 
  4062.634   29.0063     3.814     -1.76                                 KURHFS 
  4062.634   29.0065     3.814     -1.39                                 KURHFS 
  4062.634   29.0065     3.814     -1.76                                 KURHFS 
  4062.636   29.0063     3.814     -1.14                                 KURHFS 
  4062.636   29.0063     3.814     -1.64                                 KURHFS 
  4062.636   29.0063     3.814     -2.71                                 KURHFS 
  4062.636   29.0065     3.814     -1.14                                 KURHFS 
  4062.636   29.0065     3.814     -1.64                                 KURHFS 
  4062.636   29.0065     3.814     -2.71                                 KURHFS 
  4062.639   29.0063     3.814     -0.93                                 KURHFS 
  4062.639   29.0063     3.814     -1.74                                 KURHFS 
  4062.639   29.0063     3.814     -2.89                                 KURHFS 
  4062.639   29.0065     3.814     -0.93                                 KURHFS 
  4062.639   29.0065     3.814     -1.74                                 KURHFS 
  4062.639   29.0065     3.814     -2.89                                 KURHFS 
  4062.663      26.0     4.280     -4.05                                        
  4062.671   23.0051     1.892     -2.25                                 KURHFS 
  4062.683      22.0     1.872     -4.67                                        
  4062.684   23.0051     1.892     -2.23                                 KURHFS 
  4062.684   23.0051     1.892     -2.71                                 KURHFS 
  4062.697      22.0     0.818     -4.88                                        
  4062.702   23.0051     1.892     -2.23                                 KURHFS 
  4062.702   23.0051     1.892     -2.38                                 KURHFS 
  4062.710   25.0055     2.886     -3.60                                 KURHFS 
  4062.710   25.0055     2.886     -4.70                                 KURHFS 
  4062.710   25.0055     2.886     -6.11                                 KURHFS 
  4062.713   25.0055     3.132     -8.02                                 KURHFS 
  4062.714   25.0055     2.886     -3.70                                 KURHFS 
  4062.714   25.0055     2.886     -4.51                                 KURHFS 
  4062.714   25.0055     2.886     -5.78                                 KURHFS 
  4062.716   25.0055     3.132     -7.73                                 KURHFS 
  4062.716   25.0055     3.132     -7.99                                 KURHFS 
  4062.717   25.0055     2.886     -3.82                                 KURHFS 
  4062.717   25.0055     2.886     -4.47                                 KURHFS 
  4062.717   25.0055     2.886     -5.68                                 KURHFS 
  4062.720   25.0055     2.886     -3.94                                 KURHFS 
  4062.720   25.0055     2.886     -4.53                                 KURHFS 
  4062.720   25.0055     2.886     -5.81                                 KURHFS 
  4062.722   25.0055     2.886     -4.07                                 KURHFS 
  4062.722   25.0055     2.886     -4.71                                 KURHFS 
  4062.723   25.0055     2.886     -4.20                                 KURHFS 
  4062.723   25.0055     3.132     -7.51                                 KURHFS 
  4062.723   25.0055     3.132     -7.81                                 KURHFS 
  4062.723   25.0055     3.132     -8.77                                 KURHFS 
  4062.724   23.0051     1.892     -1.91                                 KURHFS 
  4062.733   25.0055     3.132     -7.33                                 KURHFS 
  4062.733   25.0055     3.132     -7.74                                 KURHFS 
  4062.733   25.0055     3.132     -8.69                                 KURHFS 
  4062.739   59.1141     0.422     -0.32                                 LI/LAW 
  4062.746   25.0055     3.132     -7.17                                 KURHFS 
  4062.746   25.0055     3.132     -7.77                                 KURHFS 
  4062.746   25.0055     3.132     -8.81                                 KURHFS 
  4062.750      24.0     4.774      0.01                                        
  4062.756      26.1     9.842     -4.38                                        
  4062.762      23.1     6.253     -1.69                                        
  4062.762   25.0055     3.132     -7.03                                 KURHFS 
  4062.762   25.0055     3.132     -7.95                                 KURHFS 
  4062.762   25.0055     3.132     -9.16                                 KURHFS 
  4062.768   59.1141     0.422     -1.74                                 LI/LAW 
  4062.775   59.1141     0.422     -0.38                                 LI/LAW 
  4062.794   59.1141     0.422     -3.51                                 LI/LAW 
  4062.801   59.1141     0.422     -1.54                                 LI/LAW 
  4062.807   59.1141     0.422     -0.45                                 LI/LAW 
  4062.814      20.0     2.930     -4.35                                        
  4062.824   59.1141     0.422     -3.20                                 LI/LAW 
  4062.830   59.1141     0.422     -1.50                                 LI/LAW 
  4062.833      26.1     9.735     -1.80                                        
  4062.834      72.0     1.302     -0.74                                        
  4062.835   59.1141     0.422     -0.52                                 LI/LAW 
  4062.839      23.1     2.759     -4.35                                        
  4062.850   59.1141     0.422     -3.14                                 LI/LAW 
  4062.852      44.0     2.485     -0.42                                        
  4062.855   59.1141     0.422     -1.55                                 LI/LAW 
  4062.860   59.1141     0.422     -0.59                                 LI/LAW 
  4062.872   59.1141     0.422     -3.32                                 LI/LAW 
  4062.876   59.1141     0.422     -1.75                                 LI/LAW 
  4062.880   59.1141     0.422     -0.66                                 LI/LAW 
  4062.903      20.0     2.930     -8.34                                        
  4062.937      58.1     0.320     -0.78                                 LAWLER 
  4062.944      68.1     0.891     -1.58                                 LAWLER 
  4062.990      44.0     1.732     -0.82                                        
  4063.006      23.1     1.554     -4.35                                        
  4063.045      58.1     0.600     -1.73                                 LAWLER 
  4063.145      24.0     4.443     -1.83                                        
  4063.152   27.0059     0.581     -4.45                                 KURHFS 
  4063.163   27.0059     0.581     -4.59                                 KURHFS 
  4063.165      27.0     3.527     -1.90                               KURNOHFS 
  4063.172   27.0059     0.581     -4.75                                 KURHFS 
  4063.181   27.0059     0.581     -4.95                                 KURHFS 
  4063.181   27.0059     0.581     -5.29                                 KURHFS 
  4063.188   27.0059     0.581     -5.09                                 KURHFS 
  4063.188   27.0059     0.581     -5.20                                 KURHFS 
  4063.193   27.0059     0.581     -5.04                                 KURHFS 
  4063.194   23.0051     1.217     -5.09                                 KURHFS 
  4063.194   27.0059     0.581     -5.59                                 KURHFS 
  4063.195   23.0051     1.217     -5.09                                 KURHFS 
  4063.195   23.0051     1.217     -5.27                                 KURHFS 
  4063.197   23.0051     1.217     -4.93                                 KURHFS 
  4063.197   23.0051     1.217     -5.39                                 KURHFS 
  4063.197   23.0051     1.217     -5.52                                 KURHFS 
  4063.197   27.0059     0.581     -5.06                                 KURHFS 
  4063.200   23.0051     1.217     -4.92                                 KURHFS 
  4063.200   23.0051     1.217     -4.95                                 KURHFS 
  4063.200   23.0051     1.217     -5.95                                 KURHFS 
  4063.200   27.0059     0.581     -5.15                                 KURHFS 
  4063.202   27.0059     0.581     -5.34                                 KURHFS 
  4063.203   23.0051     1.217     -4.67                                 KURHFS 
  4063.203   23.0051     1.217     -5.08                                 KURHFS 
  4063.206   23.0051     1.217     -4.46                                 KURHFS 
  4063.206   27.0059     0.581     -5.62                                 KURHFS 
  4063.206   27.0059     0.581     -6.40                                 KURHFS 
  4063.208   27.0059     0.581     -5.59                                 KURHFS 
  4063.209   27.0059     0.581     -5.99                                 KURHFS 
  4063.210   27.0059     0.581     -5.64                                 KURHFS 
  4063.210   27.0059     0.581     -5.77                                 KURHFS 
  4063.231   29.0063     3.814     -2.52                                 KURHFS 
  4063.231   29.0065     3.814     -2.52                                 KURHFS 
  4063.232   29.0063     3.814     -2.32                                 KURHFS 
  4063.232   29.0063     3.814     -2.52                                 KURHFS 
  4063.232   29.0063     3.814     -2.92                                 KURHFS 
  4063.232   29.0065     3.814     -2.32                                 KURHFS 
  4063.232   29.0065     3.814     -2.52                                 KURHFS 
  4063.232   29.0065     3.814     -2.92                                 KURHFS 
  4063.235   29.0063     3.814     -2.22                                 KURHFS 
  4063.235   29.0063     3.814     -2.32                                 KURHFS 
  4063.235   29.0063     3.814     -2.38                                 KURHFS 
  4063.235   29.0065     3.814     -2.22                                 KURHFS 
  4063.235   29.0065     3.814     -2.32                                 KURHFS 
  4063.235   29.0065     3.814     -2.38                                 KURHFS 
  4063.238   29.0063     3.814     -1.78                                 KURHFS 
  4063.238   29.0063     3.814     -2.38                                 KURHFS 
  4063.238   29.0065     3.814     -1.78                                 KURHFS 
  4063.238   29.0065     3.814     -2.38                                 KURHFS 
  4063.276      20.0     4.677     -4.09                                        
  4063.276      26.0     3.366     -0.75                                        
  4063.328      22.0     2.133     -2.54                                        
  4063.377   27.0059     3.277     -8.20                                 KURHFS 
  4063.377   27.0059     3.277     -8.46                                 KURHFS 
  4063.377   27.0059     3.277     -8.49                                 KURHFS 
  4063.380      64.1     0.990      0.33                                 LAWLER 
  4063.382   27.0059     3.277     -8.02                                 KURHFS 
  4063.382   27.0059     3.277     -8.07                                 KURHFS 
  4063.382   27.0059     3.277     -8.46                                 KURHFS 
  4063.389   27.0059     3.277     -7.82                                 KURHFS 
  4063.389   27.0059     3.277     -7.92                                 KURHFS 
  4063.389   27.0059     3.277     -8.51                                 KURHFS 
  4063.398   27.0059     3.295     -8.54                                 KURHFS 
  4063.398   27.0059     3.295     -8.71                                 KURHFS 
  4063.399   27.0059     3.277     -7.62                                 KURHFS 
  4063.399   27.0059     3.277     -7.90                                 KURHFS 
  4063.399   27.0059     3.277     -8.63                                 KURHFS 
  4063.401   27.0059     3.295     -8.41                                 KURHFS 
  4063.401   27.0059     3.295     -8.54                                 KURHFS 
  4063.404   27.0059     3.295     -8.41                                 KURHFS 
  4063.404   27.0059     3.295     -8.53                                 KURHFS 
  4063.404   27.0059     3.295     -8.73                                 KURHFS 
  4063.407      90.0     1.387      0.34                                        
  4063.409   27.0059     3.295     -8.11                                 KURHFS 
  4063.409   27.0059     3.295     -8.53                                 KURHFS 
  4063.411   27.0059     3.277     -7.45                                 KURHFS 
  4063.411   27.0059     3.277     -7.96                                 KURHFS 
  4063.411   27.0059     3.277     -8.86                                 KURHFS 
  4063.418      26.0     4.257     -1.71                                        
  4063.425   27.0059     3.277     -7.31                                 KURHFS 
  4063.425   27.0059     3.277     -8.15                                 KURHFS 
  4063.425   27.0059     3.277     -9.27                                 KURHFS 
  4063.437   25.0055     3.133     -6.38                                 KURHFS 
  4063.437   25.0055     3.133     -6.89                                 KURHFS 
  4063.437   25.0055     3.133     -7.99                                 KURHFS 
  4063.438      20.0     4.621     -3.30                                        
  4063.443   25.0055     3.133     -6.25                                 KURHFS 
  4063.443   25.0055     3.133     -6.71                                 KURHFS 
  4063.443   25.0055     3.133     -7.86                                 KURHFS 
  4063.452   25.0055     3.133     -6.12                                 KURHFS 
  4063.452   25.0055     3.133     -6.65                                 KURHFS 
  4063.452   25.0055     3.133     -7.96                                 KURHFS 
  4063.463   25.0055     3.133     -6.00                                 KURHFS 
  4063.463   25.0055     3.133     -6.69                                 KURHFS 
  4063.463   25.0055     3.133     -8.29                                 KURHFS 
  4063.476   25.0055     3.133     -5.88                                 KURHFS 
  4063.476   25.0055     3.133     -6.88                                 KURHFS 
  4063.491   25.0055     3.133     -5.78                                 KURHFS 
  4063.511   25.0055     2.162     -2.16                                 KURHFS 
  4063.512   25.0055     2.162     -1.90                                 KURHFS 
  4063.513   25.0055     2.162     -2.16                                 KURHFS 
  4063.513   25.0055     2.162     -2.92                                 KURHFS 
  4063.515   25.0055     2.162     -1.79                                 KURHFS 
  4063.517   25.0055     2.162     -2.22                                 KURHFS 
  4063.518   25.0055     2.162     -1.90                                 KURHFS 
  4063.521   25.0055     2.162     -1.80                                 KURHFS 
  4063.523   25.0055     2.162     -1.78                                 KURHFS 
  4063.524   25.0055     2.162     -1.79                                 KURHFS 
  4063.528   25.0055     2.162     -1.96                                 KURHFS 
  4063.530   25.0055     2.162     -1.45                                 KURHFS 
  4063.532   25.0055     2.162     -1.80                                 KURHFS 
  4063.540   25.0055     2.162     -1.18                                 KURHFS 
  4063.540      62.1     0.040     -0.79                                 LAWLER 
  4063.542   25.0055     2.162     -1.96                                 KURHFS 
  4063.568      42.0     2.497     -2.45                                        
  4063.577       6.0     7.475     -3.78                                        
  4063.590      64.1     0.499     -0.77                                 LAWLER 
  4063.594      26.0     1.556      0.07                                        
  4063.606   23.0051     1.948     -4.18                                 KURHFS 
  4063.609   23.0051     1.948     -3.89                                 KURHFS 
  4063.609   23.0051     1.948     -4.15                                 KURHFS 
  4063.614   23.0051     1.948     -3.71                                 KURHFS 
  4063.614   23.0051     1.948     -4.15                                 KURHFS 
  4063.614   23.0051     1.948     -4.20                                 KURHFS 
  4063.621   23.0051     1.948     -3.62                                 KURHFS 
  4063.621   23.0051     1.948     -3.76                                 KURHFS 
  4063.621   23.0051     1.948     -4.33                                 KURHFS 
  4063.631   23.0051     1.948     -3.51                                 KURHFS 
  4063.631   23.0051     1.948     -3.59                                 KURHFS 
  4063.631   23.0051     1.948     -4.55                                 KURHFS 
  4063.637      26.0     4.100     -0.80                                        
  4063.643   23.0051     1.948     -3.31                                 KURHFS 
  4063.643   23.0051     1.948     -3.65                                 KURHFS 
  4063.643   23.0051     1.948     -4.96                                 KURHFS 
  4063.658   23.0051     1.948     -3.14                                 KURHFS 
  4063.658   23.0051     1.948     -3.84                                 KURHFS 
  4063.675   23.0051     1.948     -3.00                                 KURHFS 
  4063.733      25.0     4.243     -1.76                                        
  4063.821   25.0055     3.133     -7.37                                 KURHFS 
  4063.821   25.0055     3.133     -7.63                                 KURHFS 
  4063.826   25.0055     3.133     -7.31                                 KURHFS 
  4063.826   25.0055     3.133     -7.43                                 KURHFS 
  4063.826   25.0055     3.133     -7.63                                 KURHFS 
  4063.833   25.0055     3.133     -7.13                                 KURHFS 
  4063.833   25.0055     3.133     -7.37                                 KURHFS 
  4063.833   25.0055     3.133     -7.43                                 KURHFS 
  4063.843   25.0055     3.133     -6.94                                 KURHFS 
  4063.843   25.0055     3.133     -7.37                                 KURHFS 
  4063.843   25.0055     3.133     -7.40                                 KURHFS 
  4063.848      25.0     4.682     -0.65                                        
  4063.855   25.0055     3.133     -6.76                                 KURHFS 
  4063.855   25.0055     3.133     -7.40                                 KURHFS 
  4063.855   25.0055     3.133     -7.58                                 KURHFS 
  4063.869   25.0055     3.133     -6.59                                 KURHFS 
  4063.869   25.0055     3.133     -7.58                                 KURHFS 
  4063.883      20.0     4.677     -3.63                                        
  4063.903      42.0     2.075     -2.24                                        
  4063.920      58.1     0.464     -1.08                                 LAWLER 
  4063.921   23.0051     2.113     -0.62                                 KURHFS 
  4063.921   23.0051     2.113     -0.91                                 KURHFS 
  4063.921   23.0051     2.113     -1.11                                 KURHFS 
  4063.921   23.0051     2.113     -1.11                                 KURHFS 
  4063.921   23.0051     2.113     -1.14                                 KURHFS 
  4063.921   23.0051     2.113     -1.14                                 KURHFS 
  4063.921   23.0051     2.113     -1.17                                 KURHFS 
  4063.921   23.0051     2.113     -1.17                                 KURHFS 
  4063.921   23.0051     2.113     -1.32                                 KURHFS 
  4063.921   23.0051     2.113     -1.32                                 KURHFS 
  4063.921   23.0051     2.113     -1.32                                 KURHFS 
  4063.921   23.0051     2.113     -1.37                                 KURHFS 
  4063.921   23.0051     2.113     -1.37                                 KURHFS 
  4063.921   23.0051     2.113     -1.62                                 KURHFS 
  4063.921   23.0051     2.113     -2.04                                 KURHFS 
  4063.921   23.0051     2.113     -3.28                                 KURHFS 
  4063.947      23.1     5.471     -3.67                                        
