Sm II    4433.9       line list
  4430.003      26.0     3.879     -2.60                                        
  4430.016      22.0     2.406     -0.53                                        
  4430.019      26.0     4.909     -2.66                                        
  4430.164      25.0     3.768     -6.11                               KURNOHFS 
  4430.189      26.0     3.015     -1.97                                        
  4430.212      70.0     3.034     -0.09                                        
  4430.249      22.0     2.115     -3.69                                        
  4430.262      22.0     3.145     -2.81                                        
  4430.306      22.0     2.101     -3.70                                        
  4430.356      26.0     4.545     -3.60                                        
  4430.360      22.0     3.177     -2.46                                        
  4430.364      22.0     1.442     -0.83                                        
  4430.365   23.0051     1.847     -3.90                                 KURHFS 
  4430.365   23.0051     1.847     -4.18                                 KURHFS 
  4430.365   23.0051     1.847     -4.18                                 KURHFS 
  4430.365   23.0051     1.847     -5.20                                 KURHFS 
  4430.366   23.0051     1.847     -3.70                                 KURHFS 
  4430.366   23.0051     1.847     -3.76                                 KURHFS 
  4430.366   23.0051     1.847     -3.76                                 KURHFS 
  4430.366   23.0051     1.847     -3.90                                 KURHFS 
  4430.366   23.0051     1.847     -4.06                                 KURHFS 
  4430.366   23.0051     1.847     -4.50                                 KURHFS 
  4430.367   23.0051     1.847     -3.69                                 KURHFS 
  4430.367   23.0051     1.847     -3.70                                 KURHFS 
  4430.367   23.0051     1.847     -3.73                                 KURHFS 
  4430.368   23.0051     1.847     -3.46                                 KURHFS 
  4430.368   23.0051     1.847     -3.69                                 KURHFS 
  4430.368   23.0051     1.847     -3.76                                 KURHFS 
  4430.370   23.0051     1.847     -3.24                                 KURHFS 
  4430.370   23.0051     1.847     -3.76                                 KURHFS 
  4430.370   23.0051     1.847     -3.96                                 KURHFS 
  4430.371   23.0051     1.847     -3.06                                 KURHFS 
  4430.371   23.0051     1.847     -3.96                                 KURHFS 
  4430.385      24.0     2.913     -1.53                                        
  4430.408      73.0     1.516     -1.36                                        
  4430.429      24.1     5.489     -2.32                                        
  4430.461   23.0051     1.892     -1.89                                 KURHFS 
  4430.461   23.0051     1.892     -2.07                                 KURHFS 
  4430.469      24.0     3.553     -0.66                                        
  4430.475      14.0     4.950     -1.81                                        
  4430.476   23.0051     1.892     -1.77                                 KURHFS 
  4430.476   23.0051     1.892     -1.89                                 KURHFS 
  4430.497   23.0051     1.892     -1.77                                 KURHFS 
  4430.497   23.0051     1.892     -1.88                                 KURHFS 
  4430.497   23.0051     1.892     -2.09                                 KURHFS 
  4430.514      21.0     2.606     -1.74                               KURNOHFS 
  4430.516      24.0     3.008     -4.78                                        
  4430.524   23.0051     1.892     -1.47                                 KURHFS 
  4430.524   23.0051     1.892     -1.88                                 KURHFS 
  4430.600      20.0     4.621     -3.47                                        
  4430.614      26.0     2.221     -1.66                                        
  4430.629      64.0     0.000     -0.22                                        
  4430.643      24.0     4.529     -2.96                                        
  4430.760      26.0     4.604     -3.88                                        
  4430.777      24.0     3.886     -2.77                                        
  4430.838      25.0     3.768     -6.09                               KURNOHFS 
  4430.862   23.0051     2.377     -5.53                                 KURHFS 
  4430.867      42.0     3.697     -1.03                                        
  4430.869   23.0051     2.377     -5.85                                 KURHFS 
  4430.869   23.0051     2.377     -5.99                                 KURHFS 
  4430.875   23.0051     2.377     -5.85                                 KURHFS 
  4430.875   23.0051     2.377     -6.33                                 KURHFS 
  4430.879   23.0051     2.377     -5.87                                 KURHFS 
  4430.886      24.0     4.398     -1.66                                        
  4430.905      25.1     7.376     -4.00                                        
  4430.920      22.0     2.295     -5.76                                        
  4430.953      24.0     4.614     -1.23                                        
  4430.997      66.1     2.298     -0.11                                        
  4431.029      28.0     4.164     -1.07                                        
  4431.070      20.0     6.030     -2.83                                        
  4431.073      73.0     0.696     -2.17                                        
  4431.085      26.0     3.571     -5.53                                        
  4431.115      20.0     6.030     -2.52                                        
  4431.225      21.0     1.849     -6.39                               KURNOHFS 
  4431.244      23.2     7.844     -6.13                                        
  4431.245      24.0     3.432     -3.80                                        
  4431.277      22.0     2.229     -0.81                                        
  4431.303      24.0     3.836     -2.35                                        
  4431.335   21.1045     0.605     -4.22                                 KURHFS 
  4431.339   21.1045     0.605     -3.22                                 KURHFS 
  4431.343   21.1045     0.605     -2.48                                 KURHFS 
  4431.344   21.1045     0.605     -3.80                                 KURHFS 
  4431.348   21.1045     0.605     -3.04                                 KURHFS 
  4431.352   21.1045     0.605     -2.65                                 KURHFS 
  4431.352   21.1045     0.605     -3.57                                 KURHFS 
  4431.355   21.1045     0.605     -3.01                                 KURHFS 
  4431.358   21.1045     0.605     -2.86                                 KURHFS 
  4431.359   21.1045     0.605     -3.42                                 KURHFS 
  4431.361   21.1045     0.605     -3.06                                 KURHFS 
  4431.364   21.1045     0.605     -3.13                                 KURHFS 
  4431.364   21.1045     0.605     -3.33                                 KURHFS 
  4431.365   21.1045     0.605     -3.25                                 KURHFS 
  4431.367   21.1045     0.605     -3.55                                 KURHFS 
  4431.370      27.0     2.716     -3.91                               KURNOHFS 
  4431.373      26.0     4.577     -3.75                                        
  4431.394      23.1     5.772     -2.99                                        
  4431.435      16.0     6.855     -1.90                                        
  4431.476      40.0     1.349     -0.47                                        
  4431.510      23.1     3.756     -6.49                                        
  4431.519      21.0     3.081     -2.58                               KURNOHFS 
  4431.552      26.1     7.700     -4.62                                        
  4431.568   27.0059     2.875     -2.05                                 KURHFS 
  4431.568   27.0059     2.875     -2.95                                 KURHFS 
  4431.583      26.0     4.635     -3.40                                        
  4431.587   27.0059     2.875     -2.23                                 KURHFS 
  4431.587   27.0059     2.875     -2.75                                 KURHFS 
  4431.587   27.0059     2.875     -2.95                                 KURHFS 
  4431.604   27.0059     2.875     -2.45                                 KURHFS 
  4431.604   27.0059     2.875     -2.68                                 KURHFS 
  4431.604   27.0059     2.875     -2.75                                 KURHFS 
  4431.605      26.1     7.934     -1.77                                        
  4431.618   27.0059     2.875     -2.68                                 KURHFS 
  4431.618   27.0059     2.875     -2.69                                 KURHFS 
  4431.618   27.0059     2.875     -2.72                                 KURHFS 
  4431.629   27.0059     2.875     -2.69                                 KURHFS 
  4431.629   27.0059     2.875     -2.75                                 KURHFS 
  4431.629   27.0059     2.875     -3.05                                 KURHFS 
  4431.637   27.0059     2.875     -2.75                                 KURHFS 
  4431.637   27.0059     2.875     -2.89                                 KURHFS 
  4431.637   27.0059     2.875     -3.50                                 KURHFS 
  4431.642   27.0059     2.875     -2.89                                 KURHFS 
  4431.642   27.0059     2.875     -3.17                                 KURHFS 
  4431.642   27.0059     2.875     -4.19                                 KURHFS 
  4431.645   27.0059     2.875     -3.17                                 KURHFS 
  4431.690      25.0     3.769     -7.61                               KURNOHFS 
  4431.691      14.0     4.926     -2.61                                        
  4431.710      25.0     3.769     -5.56                               KURNOHFS 
  4431.732      25.0     3.769     -7.78                               KURNOHFS 
  4431.757      64.0     0.985     -0.33                                        
  4431.767      20.0     6.031     -4.35                                        
  4431.891      56.0     1.520      0.03                                        
  4431.955   23.0051     1.944     -3.19                                 KURHFS 
  4431.955   23.0051     1.944     -3.45                                 KURHFS 
  4431.955   23.0051     1.944     -3.48                                 KURHFS 
  4431.959   23.0051     1.944     -3.01                                 KURHFS 
  4431.959   23.0051     1.944     -3.06                                 KURHFS 
  4431.959   23.0051     1.944     -3.45                                 KURHFS 
  4431.965   23.0051     1.944     -2.81                                 KURHFS 
  4431.965   23.0051     1.944     -2.92                                 KURHFS 
  4431.965   23.0051     1.944     -3.50                                 KURHFS 
  4431.971      25.0     4.357     -3.04                                        
  4431.973   23.0051     1.944     -2.61                                 KURHFS 
  4431.973   23.0051     1.944     -2.89                                 KURHFS 
  4431.973   23.0051     1.944     -3.62                                 KURHFS 
  4431.983   23.0051     1.944     -2.44                                 KURHFS 
  4431.983   23.0051     1.944     -2.95                                 KURHFS 
  4431.983   23.0051     1.944     -3.85                                 KURHFS 
  4431.995   23.0051     1.944     -2.30                                 KURHFS 
  4431.995   23.0051     1.944     -3.14                                 KURHFS 
  4431.995   23.0051     1.944     -4.26                                 KURHFS 
  4432.045      26.0     4.368     -3.07                                        
  4432.047      22.0     2.266     -1.30                                        
  4432.107      23.0     2.682     -3.99                               KURNOHFS 
  4432.109      22.1     1.236     -2.10                                        
  4432.129      26.0     4.073     -3.65                                        
  4432.155      20.0     4.760     -3.68                                        
  4432.166      24.0     2.870     -0.80                                        
  4432.224      68.0     0.862     -0.63                                        
  4432.252      90.0     0.788     -1.34                                        
  4432.290      60.1     0.742     -1.25                                 LAWLER 
  4432.384      25.0     3.769     -5.52                               KURNOHFS 
  4432.384      25.0     3.769     -8.86                               KURNOHFS 
  4432.384      25.0     3.769     -9.18                               KURNOHFS 
  4432.409      26.0     4.648     -3.84                                        
  4432.417      76.0     1.656     -1.58                                        
  4432.431      25.0     4.357     -1.65                                        
  4432.568      26.0     3.571     -1.60                                        
  4432.569      27.1     7.903     -3.23                                        
  4432.591      22.0     2.406     -0.57                                        
  4432.661   23.0051     1.954     -3.61                                 KURHFS 
  4432.661   23.0051     1.954     -3.80                                 KURHFS 
  4432.663      68.1     2.048     -1.25                                 LAWLER 
  4432.667      23.1     6.253     -3.78                                        
  4432.668   23.0051     1.954     -3.58                                 KURHFS 
  4432.668   23.0051     1.954     -3.59                                 KURHFS 
  4432.668   23.0051     1.954     -3.80                                 KURHFS 
  4432.678   23.0051     1.954     -3.45                                 KURHFS 
  4432.678   23.0051     1.954     -3.48                                 KURHFS 
  4432.678   23.0051     1.954     -3.58                                 KURHFS 
  4432.691   23.0051     1.954     -3.29                                 KURHFS 
  4432.691   23.0051     1.954     -3.44                                 KURHFS 
  4432.691   23.0051     1.954     -3.48                                 KURHFS 
  4432.708   23.0051     1.954     -3.12                                 KURHFS 
  4432.708   23.0051     1.954     -3.44                                 KURHFS 
  4432.708   23.0051     1.954     -3.45                                 KURHFS 
  4432.715      58.1     1.455     -0.49                                        
  4432.728   23.0051     1.954     -2.96                                 KURHFS 
  4432.728   23.0051     1.954     -3.45                                 KURHFS 
  4432.728   23.0051     1.954     -3.52                                 KURHFS 
  4432.752   23.0051     1.954     -2.81                                 KURHFS 
  4432.752   23.0051     1.954     -3.52                                 KURHFS 
  4432.752   23.0051     1.954     -3.74                                 KURHFS 
  4432.758      24.0     5.251      0.34                                        
  4432.779   23.0051     1.954     -2.67                                 KURHFS 
  4432.779   23.0051     1.954     -3.74                                 KURHFS 
  4432.804      26.0     3.015     -2.96                                        
  4432.870   23.0051     1.080     -3.08                                 KURHFS 
  4432.870   23.0051     1.080     -3.99                                 KURHFS 
  4432.874      42.0     2.289     -2.38                                        
  4432.878   23.0051     1.080     -3.27                                 KURHFS 
  4432.878   23.0051     1.080     -3.78                                 KURHFS 
  4432.878   23.0051     1.080     -3.99                                 KURHFS 
  4432.884   23.0051     1.080     -3.49                                 KURHFS 
  4432.884   23.0051     1.080     -3.72                                 KURHFS 
  4432.884   23.0051     1.080     -3.78                                 KURHFS 
  4432.889   23.0051     1.080     -3.72                                 KURHFS 
  4432.889   23.0051     1.080     -3.73                                 KURHFS 
  4432.889   23.0051     1.080     -3.75                                 KURHFS 
  4432.889      25.0     3.769     -7.79                               KURNOHFS 
  4432.893   23.0051     1.080     -3.73                                 KURHFS 
  4432.893   23.0051     1.080     -3.79                                 KURHFS 
  4432.893   23.0051     1.080     -4.08                                 KURHFS 
  4432.897   23.0051     1.080     -3.79                                 KURHFS 
  4432.897   23.0051     1.080     -3.93                                 KURHFS 
  4432.897   23.0051     1.080     -4.53                                 KURHFS 
  4432.899   23.0051     1.080     -3.93                                 KURHFS 
  4432.899   23.0051     1.080     -4.21                                 KURHFS 
  4432.899   23.0051     1.080     -5.23                                 KURHFS 
  4432.900   23.0051     1.080     -4.21                                 KURHFS 
  4432.909      25.0     3.769     -6.33                               KURNOHFS 
  4432.912      26.0     2.725     -6.83                                        
  4432.912      58.1     0.655     -1.20                                 LAWLER 
  4432.939   57.1139     0.244     -2.57                                 LAWLER 
  4432.940   57.1139     0.244     -3.50                                 LAWLER 
  4432.941   57.1139     0.244     -4.72                                 LAWLER 
  4432.947   57.1139     0.244     -2.69                                 LAWLER 
  4432.948   57.1139     0.244     -3.30                                 LAWLER 
  4432.948   57.1139     0.244     -4.31                                 LAWLER 
  4432.954   57.1139     0.244     -2.83                                 LAWLER 
  4432.954   57.1139     0.244     -3.23                                 LAWLER 
  4432.955   57.1139     0.244     -4.10                                 LAWLER 
  4432.959   57.1139     0.244     -2.99                                 LAWLER 
  4432.960   57.1139     0.244     -3.23                                 LAWLER 
  4432.960   57.1139     0.244     -3.99                                 LAWLER 
  4432.963   57.1139     0.244     -3.17                                 LAWLER 
  4432.963      90.1     1.140     -0.91                                        
  4432.964      27.1     3.405     -3.10                                        
  4432.964   57.1139     0.244     -3.30                                 LAWLER 
  4432.964   57.1139     0.244     -3.97                                 LAWLER 
  4432.967   57.1139     0.244     -3.40                                 LAWLER 
  4432.967   57.1139     0.244     -3.42                                 LAWLER 
  4432.967   57.1139     0.244     -4.08                                 LAWLER 
  4432.968   57.1139     0.244     -3.75                                 LAWLER 
  4432.969   57.1139     0.244     -3.60                                 LAWLER 
  4432.985      73.0     1.907     -1.21                                        
  4432.991      20.0     4.677     -4.48                                        
  4433.005      22.0     1.979     -8.06                                        
  4433.066      62.0     0.036     -0.71                                        
  4433.218      26.0     3.651     -0.70                                        
  4433.260   27.0059     4.055     -4.95                                 KURHFS 
  4433.266   27.0059     4.055     -4.67                                 KURHFS 
  4433.266   27.0059     4.055     -4.92                                 KURHFS 
  4433.272      26.0     3.015     -3.08                                        
  4433.278      21.1     6.903     -3.83                                        
  4433.278   27.0059     4.055     -4.48                                 KURHFS 
  4433.278   27.0059     4.055     -4.92                                 KURHFS 
  4433.278   27.0059     4.055     -4.97                                 KURHFS 
  4433.293      26.1     7.798     -4.34                                        
  4433.296   27.0059     4.055     -4.39                                 KURHFS 
  4433.296   27.0059     4.055     -4.54                                 KURHFS 
  4433.296   27.0059     4.055     -5.10                                 KURHFS 
  4433.318      45.0     1.997     -1.18                                        
  4433.320   27.0059     4.055     -4.28                                 KURHFS 
  4433.320   27.0059     4.055     -4.37                                 KURHFS 
  4433.320   27.0059     4.055     -5.32                                 KURHFS 
  4433.350   27.0059     4.055     -4.08                                 KURHFS 
  4433.350   27.0059     4.055     -4.42                                 KURHFS 
  4433.350   27.0059     4.055     -5.73                                 KURHFS 
  4433.386   27.0059     4.055     -3.92                                 KURHFS 
  4433.386   27.0059     4.055     -4.62                                 KURHFS 
  4433.394      26.0     3.015     -4.13                                        
  4433.428      24.0     3.887     -2.96                                        
  4433.428      24.0     5.235     -1.53                                        
  4433.429   27.0059     4.055     -3.78                                 KURHFS 
  4433.482      26.0     4.545     -2.63                                        
  4433.489      20.0     6.003     -2.67                                        
  4433.510      42.1     3.055     -1.00                                        
  4433.520      24.1     5.867     -3.54                                        
  4433.522      21.0     3.099     -3.15                               KURNOHFS 
  4433.565      22.0     2.394     -0.50                                        
  4433.583      25.0     3.769     -6.42                               KURNOHFS 
  4433.583      25.0     3.769     -8.38                               KURNOHFS 
  4433.583      25.0     3.769     -8.56                               KURNOHFS 
  4433.637      64.1     1.317     -1.08                                        
  4433.677      25.0     4.723     -1.67                                        
  4433.712      20.0     4.677     -2.96                                        
  4433.738      58.1     0.899     -1.36                                 LAWLER 
  4433.773      20.0     2.930     -3.07                                        
  4433.782      26.0     3.600     -1.27                                        
  4433.817      28.0     4.232     -1.99                                        
  4433.831      24.0     3.102     -2.44                                        
  4433.872      24.0     4.571     -3.66                                        
  4433.887      92.1     1.040     -1.19                                        
  4433.890      62.1     0.434     -0.19                                 LAWLER 
  4433.953      24.0     3.011     -2.21                                        
  4433.965      22.0     1.429     -0.85                                        
  4434.018      22.0     1.872     -0.32                                        
  4434.067      25.1     6.568     -1.51                                        
  4434.069      24.0     4.571     -2.36                                        
  4434.083      22.0     2.343     -3.58                                        
  4434.153      25.1     6.128     -6.12                                        
  4434.198      25.0     4.824     -1.45                                        
  4434.320      62.1     0.378     -0.07                                 LAWLER 
  4434.368      22.0     2.394     -0.61                                        
  4434.426      24.0     4.532     -4.19                                        
  4434.461      24.0     4.413     -4.41                                        
  4434.531      92.1     0.217     -1.80                                        
  4434.542   23.0051     1.929     -1.83                                 KURHFS 
  4434.542   23.0051     1.929     -2.09                                 KURHFS 
  4434.542   23.0051     1.929     -2.12                                 KURHFS 
  4434.551   23.0051     1.929     -1.64                                 KURHFS 
  4434.551   23.0051     1.929     -1.70                                 KURHFS 
  4434.551   23.0051     1.929     -2.09                                 KURHFS 
  4434.564   23.0051     1.866     -5.25                                 KURHFS 
  4434.564   23.0051     1.866     -6.06                                 KURHFS 
  4434.564   23.0051     1.929     -1.44                                 KURHFS 
  4434.564   23.0051     1.929     -1.55                                 KURHFS 
  4434.564   23.0051     1.929     -2.14                                 KURHFS 
  4434.576   23.0051     1.866     -5.22                                 KURHFS 
  4434.576   23.0051     1.866     -5.84                                 KURHFS 
  4434.576   23.0051     1.866     -6.06                                 KURHFS 
  4434.582   23.0051     1.929     -1.25                                 KURHFS 
  4434.582   23.0051     1.929     -1.53                                 KURHFS 
  4434.582   23.0051     1.929     -2.26                                 KURHFS 
  4434.591   23.0051     1.866     -5.16                                 KURHFS 
  4434.591   23.0051     1.866     -5.74                                 KURHFS 
  4434.591   23.0051     1.866     -5.84                                 KURHFS 
  4434.604   23.0051     1.929     -1.08                                 KURHFS 
  4434.604   23.0051     1.929     -1.58                                 KURHFS 
  4434.604   23.0051     1.929     -2.48                                 KURHFS 
  4434.608   23.0051     1.866     -5.08                                 KURHFS 
  4434.608   23.0051     1.866     -5.71                                 KURHFS 
  4434.608   23.0051     1.866     -5.74                                 KURHFS 
  4434.629   23.0051     1.866     -5.00                                 KURHFS 
  4434.629   23.0051     1.866     -5.71                                 KURHFS 
  4434.629   23.0051     1.866     -5.73                                 KURHFS 
  4434.631   23.0051     1.929     -0.94                                 KURHFS 
  4434.631   23.0051     1.929     -1.78                                 KURHFS 
  4434.631   23.0051     1.929     -2.89                                 KURHFS 
  4434.652   23.0051     1.866     -4.91                                 KURHFS 
  4434.652   23.0051     1.866     -5.73                                 KURHFS 
  4434.652   23.0051     1.866     -5.82                                 KURHFS 
  4434.677      14.0     4.916     -3.23                                        
  4434.678   23.0051     1.866     -4.82                                 KURHFS 
  4434.678   23.0051     1.866     -5.82                                 KURHFS 
  4434.678   23.0051     1.866     -6.04                                 KURHFS 
  4434.708   23.0051     1.866     -4.73                                 KURHFS 
  4434.708   23.0051     1.866     -6.04                                 KURHFS 
  4434.752      24.0     3.011     -2.47                                        
  4434.791      23.0     2.676     -1.81                               KURNOHFS 
  4434.810      63.1     3.358      0.39                                        
  4434.924      67.0     1.868      0.37                                        
  4434.948      42.0     2.075     -0.18                                        
  4434.952      25.0     4.791     -1.31                                        
  4434.957      20.0     1.884     -0.03                                        
  4434.979      26.0     4.298     -2.18                                        
  4435.050      24.0     3.119     -9.57                                        
  4435.149      26.0     0.087     -4.38                                        
  4435.178      23.0     1.871     -2.75                               KURNOHFS 
  4435.218      26.1     7.647     -2.52                                        
  4435.322      27.1     5.085     -2.42                                        
  4435.336      28.0     3.655     -2.27                                        
  4435.373      23.0     1.375     -2.73                               KURNOHFS 
  4435.457   63.1151     0.207     -0.70                                 LAWLER 
  4435.465   63.1151     0.207     -1.71                                 LAWLER 
  4435.472   63.1151     0.207     -3.03                                 LAWLER 
  4435.495      26.1     7.702     -4.68                                        
  4435.525   63.1151     0.207     -0.82                                 LAWLER 
  4435.533   63.1151     0.207     -1.52                                 LAWLER 
  4435.539   63.1151     0.207     -2.69                                 LAWLER 
  4435.540      42.0     2.834     -2.02                                        
  4435.540   63.1153     0.207     -0.70                                 LAWLER 
  4435.541   63.1153     0.207     -1.71                                 LAWLER 
  4435.544   63.1153     0.207     -3.03                                 LAWLER 
  4435.568   63.1153     0.207     -0.82                                 LAWLER 
  4435.571   63.1153     0.207     -1.52                                 LAWLER 
  4435.575   63.1153     0.207     -2.69                                 LAWLER 
  4435.582   63.1151     0.207     -0.95                                 LAWLER 
  4435.589   63.1151     0.207     -1.49                                 LAWLER 
  4435.593   63.1153     0.207     -0.95                                 LAWLER 
  4435.594   63.1151     0.207     -2.58                                 LAWLER 
  4435.597   63.1153     0.207     -1.49                                 LAWLER 
  4435.600   63.1153     0.207     -2.58                                 LAWLER 
  4435.614   63.1153     0.207     -1.09                                 LAWLER 
  4435.618   63.1153     0.207     -1.55                                 LAWLER 
  4435.621   63.1153     0.207     -2.69                                 LAWLER 
  4435.627   63.1151     0.207     -1.09                                 LAWLER 
  4435.630   63.1153     0.207     -1.26                                 LAWLER 
  4435.633   63.1151     0.207     -1.55                                 LAWLER 
  4435.633   63.1153     0.207     -1.73                                 LAWLER 
  4435.637   63.1151     0.207     -2.69                                 LAWLER 
  4435.640   63.1153     0.207     -1.43                                 LAWLER 
  4435.660   63.1151     0.207     -1.26                                 LAWLER 
  4435.664   63.1151     0.207     -1.73                                 LAWLER 
  4435.679      20.0     1.884     -0.50                                        
  4435.681   63.1151     0.207     -1.43                                 LAWLER 
  4435.741      25.1     5.468     -2.58                                        
  4435.749      23.1     5.784     -2.63                                        
  4435.818      23.1     7.957     -4.08                                        
  4435.826   57.1139     0.000     -4.04                                 LAWLER 
  4435.828   57.1139     0.000     -3.74                                 LAWLER 
  4435.829   57.1139     0.000     -3.82                                 LAWLER 
  4435.830   57.1139     0.000     -3.62                                 LAWLER 
  4435.832   57.1139     0.000     -3.56                                 LAWLER 
  4435.834   57.1139     0.000     -3.91                                 LAWLER 
  4435.836   57.1139     0.000     -3.35                                 LAWLER 
  4435.839   57.1139     0.000     -3.50                                 LAWLER 
  4435.842   57.1139     0.000     -4.06                                 LAWLER 
  4435.844   57.1139     0.000     -3.14                                 LAWLER 
  4435.848   57.1139     0.000     -3.53                                 LAWLER 
  4435.851   57.1139     0.000     -4.29                                 LAWLER 
  4435.854   57.1139     0.000     -2.97                                 LAWLER 
  4435.859   57.1139     0.000     -3.71                                 LAWLER 
  4435.862   57.1139     0.000     -4.71                                 LAWLER 
  4435.889      26.0     4.280     -4.42                                        
  4435.922      22.0     2.406     -2.61                                        
  4435.999      24.1     6.863     -4.51                                        
