La II     4123.2           line list
  4121.270      27.1     5.051     -2.91                                        
  4121.287      20.0     5.951     -4.46                                        
  4121.311      27.0     0.922     -0.32                                        
  4121.330      20.0     5.574     -2.01                                        
  4121.333      20.0     5.045     -3.11                                        
  4121.340      62.1     0.378     -0.92                                 LAWLER 
  4121.449      40.0     0.542     -0.75                                        
  4121.488      24.0     4.201     -1.35                                        
  4121.540      62.1     0.040     -1.66                                 LAWLER 
  4121.568      20.0     5.951     -3.87                                        
  4121.591      58.1     0.608     -1.11                                 LAWLER 
  4121.602      75.0     2.533     -0.21                                        
  4121.635      22.0     1.066     -1.65                                        
  4121.663 106.00113     1.034     -5.59               3.470               Plez 
  4121.683      45.0     0.965     -0.82                                        
  4121.690      29.0     5.773     -1.54                                        
  4121.727      25.0     4.255     -3.93                                        
  4121.772      83.0     2.684     -0.40                                        
  4121.777      23.0     2.129     -0.84                                        
  4121.799 106.00113     1.034     -8.83               3.470               Plez 
  4121.802      26.0     2.829     -1.30                                        
  4121.810      20.0     5.916     -3.38                                        
  4121.815      24.0     2.980     -0.99                                        
  4121.834      23.0     2.377     -3.64                                        
  4121.906      27.0     0.224     -7.86                                        
  4121.931      60.1     1.751      0.14                                        
  4121.952 106.00113     1.034     -5.52               3.470               Plez 
  4121.972      23.0     2.579     -1.26                                        
  4121.980      28.0     3.655     -2.26                                        
  4122.001      26.0     3.271     -8.57                                        
  4122.006      26.0     3.544     -1.77                                        
  4122.013      74.0     2.351     -0.65                                        
  4122.086      20.0     5.792     -5.28                                        
  4122.145      22.0     2.660     -0.41                                        
  4122.158      24.0     2.708     -3.25                                        
  4122.271      27.0     2.698     -1.57                                        
  4122.327      23.0     2.267     -1.21                                        
  4122.340      66.1     0.920     -2.17                                 LAWLER 
  4122.349      42.1     4.552     -1.00                                        
  4122.351      23.1     4.732     -3.50                                        
  4122.361      25.0     4.357     -0.88                                        
  4122.397      42.0     2.678     -1.93                                        
  4122.490      62.1     0.248     -1.25                                 LAWLER 
  4122.516      26.0     2.843     -1.43                                        
  4122.538      25.1     5.832     -6.00                                        
  4122.597      20.0     5.917     -6.25                                        
  4122.636      26.0     2.938     -7.71                                        
  4122.650      26.0     3.571     -4.13                                        
  4122.661      27.0     3.729     -4.17                                        
  4122.668      26.1     2.581     -3.38                                        
  4122.683      22.0     2.675     -1.02                                        
  4122.763      25.0     4.341     -0.93                                        
  4122.780      23.0     1.050     -3.82                                        
  4122.802      41.0     1.393     -0.64                                        
  4122.892      24.0     3.319     -1.83                                        
  4122.931      21.0     1.983     -1.88                                        
  4122.988      24.0     3.446     -3.37                                        
  4123.057      74.0     1.915     -1.08                                        
  4123.060      44.0     1.138     -1.41                                        
  4123.176      23.0     1.944     -0.29                                        
  4123.202   57.1139     0.321     -0.47                                 LAWLER 
  4123.212   57.1139     0.321     -0.64                                 LAWLER 
  4123.212   57.1139     0.321     -1.21                                 LAWLER 
  4123.220   57.1139     0.321     -0.85                                 LAWLER 
  4123.220   57.1139     0.321     -1.03                                 LAWLER 
  4123.220   57.1139     0.321     -2.21                                 LAWLER 
  4123.220      58.1     0.721     -0.49                                 LAWLER 
  4123.227   57.1139     0.321     -1.00                                 LAWLER 
  4123.227   57.1139     0.321     -1.12                                 LAWLER 
  4123.227   57.1139     0.321     -1.79                                 LAWLER 
  4123.232   57.1139     0.321     -1.05                                 LAWLER 
  4123.232   57.1139     0.321     -1.56                                 LAWLER 
  4123.233   57.1139     0.321     -1.54                                 LAWLER 
  4123.234      23.0     3.284     -4.19                                        
  4123.236   57.1139     0.321     -1.24                                 LAWLER 
  4123.236   57.1139     0.321     -1.41                                 LAWLER 
  4123.237      27.1     5.051     -2.57                                        
  4123.238   57.1139     0.321     -1.32                                 LAWLER 
  4123.239      23.1     3.325     -4.79                                        
  4123.240      58.1     0.634     -0.66                                BIEMONT 
  4123.271      29.0     5.417     -1.32                                        
  4123.281      25.0     4.350     -0.86                                        
  4123.286      20.0     4.621     -5.04                                        
  4123.287      22.0     2.776      0.09                                        
  4123.339      22.0     2.576     -3.96                                        
  4123.370      23.0     2.682     -5.36                                        
  4123.380      22.0     2.295     -1.91                                        
  4123.382      24.0     2.998     -0.87                                        
  4123.490      58.1     0.957      0.16                                BIEMONT 
  4123.512      23.0     0.267     -0.29                                        
  4123.531      90.1     1.066     -1.22                                        
  4123.550      25.0     4.682     -1.84                                        
  4123.560      22.0     2.675     -1.16                                        
  4123.567      25.0     3.370     -1.41                                        
  4123.647      42.0     2.513     -1.22                                        
  4123.664 106.00113     1.208     -8.10               3.470               Plez 
  4123.677      24.0     3.836     -2.51                                        
  4123.728      26.0     2.988     -1.86                                        
  4123.739 106.00112     0.987     -7.45               3.470               Plez 
  4123.765      26.0     2.607     -2.39                                        
  4123.768      23.0     2.357     -5.82                                        
  4123.783      28.0     4.150     -1.24                                        
  4123.803      44.0     2.006     -0.84                                        
  4123.805      41.0     0.019     -0.03                                        
  4123.836 106.00113     0.640     -1.75               3.470               Plez 
  4123.869      58.1     0.857      0.39                                 LAWLER 
  4123.880      60.1     0.380     -0.51                                 LAWLER 
  4123.892      27.0     3.626     -1.83                                        
  4123.929      24.0     4.532     -1.10                                        
  4123.940      26.0     4.227     -1.69                                        
  4123.950      62.1     0.484     -0.69                                 LAWLER 
  4123.989 106.00112     0.897     -4.34               3.470               Plez 
  4124.018      27.0     2.868     -4.52                                        
  4124.038 106.00113     1.208     -8.10               3.470               Plez 
  4124.041      22.0     2.290     -1.34                                        
  4124.060      23.0     1.217     -1.03                                        
  4124.062 106.00113     0.640     -4.93               3.470               Plez 
  4124.144      26.0     4.442     -4.43                                        
  4124.377      28.0     4.161     -3.44                                        
  4124.385 106.00113     0.897     -4.34               3.470               Plez 
  4124.389      22.0     2.486     -7.10                                        
  4124.390      24.0     3.320     -1.99                                        
  4124.418      24.0     3.836     -1.23                                        
  4124.488      26.0     3.639     -2.24                                        
  4124.532      23.0     2.553     -5.02                                        
  4124.542      42.0     3.075     -0.78                                        
  4124.569      24.0     2.985     -2.40                                        
  4124.588      23.0     1.871     -3.54                                        
  4124.598      23.0     1.948     -2.33                                        
  4124.603      76.0     1.410     -1.46                                        
  4124.630      66.1     0.920     -0.66                                 LAWLER 
  4124.690      21.0     1.994     -4.08                                        
  4124.724      71.0     0.926      0.39                                        
  4124.728      92.1     0.217     -1.12                                        
  4124.757      68.0     0.624     -0.30                                        
  4124.787      26.1     2.542     -4.20                                        
  4124.787      58.1     0.683     -0.10                                 LAWLER 
  4124.904      23.0     2.581     -4.95                                        
  4124.906      24.0     4.093     -2.42                                        
  4124.907      39.1     0.408     -1.50                                BIEMONT 
  4124.918      23.0     2.579     -2.64                                        
  4124.981      21.0     1.985     -1.86                                        
  4125.017 106.00112     1.034     -5.59               3.470               Plez 
  4125.100      25.0     4.243     -2.02                                        
  4125.136      21.0     1.985     -1.26                                        
  4125.178      74.0     2.036     -0.69                                        
