CH       4315       line list
  4290.066 106.00113     0.726    -1.812                3.47                    
  4290.068 106.00112     0.728    -1.812                3.47                    
  4290.219      22.1      1.17    -0.927                                        
  4290.318      26.0      3.42    -2.695                                        
  4290.353      22.1      2.06    -1.533                                        
  4290.378      26.0      2.99    -1.656                                        
  4290.453 106.00112     2.760    -0.780                3.47                    
  4290.863      26.0      2.83    -2.497                                        
  4290.916 106.00112     0.578    -1.161                3.47                    
  4290.929      22.0      0.81    -0.409                                        
  4290.961 106.00112     0.578    -1.137                3.47                    
  4290.998 106.00113     0.575    -1.161                3.47                    
  4291.000 106.00112     0.642    -1.114                3.47                    
  4291.042 106.00113     0.575    -1.137                3.47                    
  4291.065 106.00113     0.638    -1.114                3.47                    
  4291.066      22.0      2.27     0.085                                        
  4291.092 106.00112     0.357    -1.955                3.47                    
  4291.116 106.00112     0.642    -1.137                3.47                    
  4291.119 106.00112     0.019    -1.907                3.47                    
  4291.146 106.00113     0.356    -1.955                3.47                    
  4291.176 106.00112     0.357    -1.955                3.47                    
  4291.180 106.00113     0.638    -1.137                3.47                    
  4291.206 106.00112     0.019    -1.907                3.47                    
  4291.215 106.00113     0.019    -1.907                3.47                    
  4291.228 106.00113     0.356    -1.955                3.47                    
  4291.251      20.0      2.93    -1.373                                        
  4291.302 106.00113     0.019    -1.907                3.47                    
  4291.336 106.00112     2.281    -1.290                3.47                    
  4291.427      26.0      2.73    -3.068                                        
  4291.448 106.00112     2.281    -1.277                3.47                    
  4291.463      26.0      0.05    -3.991                                        
  4291.473      26.0      1.56    -3.777                                        
  4291.814      23.0      2.14     0.477                                        
  4291.941      24.0      3.42    -0.629                                        
  4291.976 106.00112     0.357    -1.845                3.47                    
  4292.025 106.00113     0.356    -1.845                3.47                    
  4292.035 106.00112     0.020    -1.793                3.47                    
  4292.055 106.00112     0.357    -1.845                3.47                    
  4292.069      28.0      4.09    -1.041                                        
  4292.103 106.00113     0.356    -1.845                3.47                    
  4292.115 106.00112     0.020    -1.793                3.47                    
  4292.116      26.0      2.18    -3.484                                        
  4292.126 106.00113     0.019    -1.793                3.47                    
  4292.164      26.0      2.59    -3.713                                        
  4292.205 106.00113     0.019    -1.793                3.47                    
  4292.284      26.0      2.20    -2.868                                        
  4292.341      28.0      3.90    -1.156                                        
  4292.641      22.0      1.05    -1.558                                        
  4293.024 106.00112     0.580    -1.137                3.47                    
  4293.079 106.00112     0.519    -1.185                3.47                    
  4293.082 106.00113     0.576    -1.137                3.47                    
  4293.120 106.00112     0.580    -1.161                3.47                    
  4293.137 106.00112     0.519    -1.161                3.47                    
  4293.152 106.00113     0.516    -1.185                3.47                    
  4293.178 106.00113     0.576    -1.161                3.47                    
  4293.209 106.00113     0.516    -1.161                3.47                    
  4293.546      24.0      2.91    -1.096                                        
  4294.010 106.00113     2.750    -0.780                3.47                    
  4294.038      26.0      2.56    -2.329                                        
  4294.099      22.1      1.08    -0.925                                        
  4294.120 106.00113     2.750    -0.770                3.47                    
  4294.124      26.0      1.49    -1.520                                        
  4294.143 106.00113     0.706    -1.924                3.47                    
  4294.162 106.00112     0.708    -1.924                3.47                    
  4294.177      60.1      0.93    -0.730                                        
  4294.225 106.00113     3.074    -1.078                3.47                    
  4294.343 106.00113     0.706    -1.924                3.47                    
  4294.364 106.00112     0.708    -1.924                3.47                    
  4294.638 106.00113     0.707    -1.851                3.47                    
  4294.640 106.00113     3.074    -1.088                3.47                    
  4294.659 106.00112     0.709    -1.851                3.47                    
  4294.767      21.1      0.61    -1.261                                        
  4294.821 106.00113     0.706    -1.851                3.47                    
  4294.844 106.00112     0.709    -1.851                3.47                    
  4294.983 106.00112     2.763    -0.780                3.47                    
  4295.007 106.00112     0.520    -1.161                3.47                    
  4295.058 106.00113     0.517    -1.161                3.47                    
  4295.082 106.00112     0.520    -1.185                3.47                    
  4295.103 106.00112     2.763    -0.770                3.47                    
  4295.133 106.00113     0.517    -1.185                3.47                    
  4295.183 106.00112     0.463    -1.213                3.47                    
  4295.246 106.00113     0.460    -1.213                3.47                    
  4295.255 106.00112     0.463    -1.186                3.47                    
  4295.318 106.00113     0.460    -1.186                3.47                    
  4295.730 106.00113     2.851    -0.759                3.47                    
  4295.731      24.0      2.71    -0.816                                        
  4295.751      22.0      0.81    -0.382                                        
  4295.881      28.0      3.84    -0.661                                        
  4296.054      57.1      0.77    -0.580                                        
  4296.063      64.1      0.50    -0.763                                        
  4296.098      23.0      2.13     0.385                                        
  4296.192 106.00112     0.347    -2.038                3.47                    
  4296.218 106.00113     0.346    -2.038                3.47                    
  4296.234 106.00112     0.347    -2.038                3.47                    
  4296.259 106.00113     0.346    -2.038                3.47                    
  4296.443 106.00113     1.284    -1.068                3.47                    
  4296.489 106.00113     1.284    -1.085                3.47                    
  4296.547 106.00113     1.358    -1.050                3.47                    
  4296.572      26.1      2.70    -3.198                                        
  4296.585 106.00113     1.212    -1.085                3.47                    
  4296.605 106.00113     2.852    -0.770                3.47                    
  4296.606 106.00112     0.008    -1.987                3.47                    
  4296.606 106.00112     1.290    -1.068                3.47                    
  4296.606 106.00113     1.358    -1.067                3.47                    
  4296.618 106.00113     1.212    -1.103                3.47                    
  4296.650 106.00112     0.008    -1.987                3.47                    
  4296.652 106.00112     1.290    -1.085                3.47                    
  4296.670 106.00113     0.008    -1.987                3.47                    
  4296.681      58.1      0.52     0.061                                        
  4296.714 106.00113     0.008    -1.987                3.47                    
  4296.721 106.00112     1.218    -1.085                3.47                    
  4296.742 106.00112     1.364    -1.050                3.47                    
  4296.754 106.00112     1.218    -1.103                3.47                    
  4296.779      58.1      0.86    -0.155                                        
  4296.801 106.00112     1.364    -1.067                3.47                    
  4296.868 106.00112     2.865    -0.759                3.47                    
  4296.934 106.00113     1.143    -1.104                3.47                    
  4296.937 106.00112     0.464    -1.186                3.47                    
  4296.937 106.00113     1.434    -1.033                3.47                    
  4296.956 106.00113     1.143    -1.123                3.47                    
  4296.981 106.00113     0.461    -1.186                3.47                    
  4296.989 106.00112     0.464    -1.213                3.47                    
  4297.010 106.00113     1.434    -1.050                3.47                    
  4297.031      24.0      2.71    -1.280                                        
  4297.032 106.00113     0.461    -1.213                3.47                    
  4297.049 106.00112     1.148    -1.104                3.47                    
  4297.071 106.00112     1.148    -1.123                3.47                    
  4297.170 106.00112     1.440    -1.033                3.47                    
  4297.214 106.00112     0.409    -1.241                3.47                    
  4297.243 106.00112     1.440    -1.050                3.47                    
  4297.268 106.00113     0.407    -1.241                3.47                    
  4297.302 106.00112     0.410    -1.213                3.47                    
  4297.344      60.1      0.20    -1.540                                        
  4297.356 106.00113     0.407    -1.213                3.47                    
  4297.431 106.00112     3.088    -1.078                3.47                    
  4297.459 106.00113     1.076    -1.123                3.47                    
  4297.470 106.00113     1.076    -1.144                3.47                    
  4297.493 106.00112     0.347    -1.883                3.47                    
  4297.497 106.00113     2.361    -1.266                3.47                    
  4297.512 106.00113     0.346    -1.883                3.47                    
  4297.533 106.00112     0.347    -1.883                3.47                    
  4297.551 106.00113     0.346    -1.883                3.47                    
  4297.556 106.00112     1.081    -1.123                3.47                    
  4297.567 106.00112     1.081    -1.144                3.47                    
  4297.658 106.00113     1.512    -1.018                3.47                    
  4297.743 106.00113     1.512    -1.033                3.47                    
  4297.744      24.0      3.85     0.218                                        
  4297.759 106.00112     2.865    -0.770                3.47                    
  4297.766      59.1      0.00    -0.454                                        
  4297.784      60.1      0.38    -0.780                                        
  4297.852 106.00112     3.088    -1.088                3.47                    
  4297.937 106.00112     1.519    -1.018                3.47                    
  4297.959 106.00112     0.009    -1.833                3.47                    
  4298.000 106.00112     0.009    -1.833                3.47                    
  4298.016 106.00113     0.009    -1.833                3.47                    
  4298.021 106.00112     1.519    -1.033                3.47                    
  4298.037      26.0      3.05    -1.537                                        
  4298.056 106.00113     0.009    -1.833                3.47                    
  4298.119 106.00113     2.360    -1.278                3.47                    
  4298.127 106.00113     1.012    -1.165                3.47                    
  4298.128 106.00113     1.012    -1.144                3.47                    
  4298.201      26.0      3.11    -2.302                                        
  4298.210 106.00112     1.016    -1.165                3.47                    
  4298.211 106.00112     1.016    -1.144                3.47                    
  4298.354 106.00113     3.071    -1.078                3.47                    
  4298.507      28.0      3.84    -1.388                                        
  4298.621 106.00113     3.071    -1.088                3.47                    
  4298.664      22.0      0.82    -0.100                                        
  4298.698      26.0      3.37    -2.779                                        
  4298.757 106.00113     1.592    -1.002                3.47                    
  4298.760      28.0      0.42    -4.651                                        
  4298.804 106.00112     0.411    -1.213                3.47                    
  4298.829 106.00112     0.411    -1.241                3.47                    
  4298.840 106.00113     0.408    -1.213                3.47                    
  4298.854 106.00113     1.592    -1.018                3.47                    
  4298.866 106.00113     0.408    -1.241                3.47                    
  4298.900 106.00113     0.950    -1.188                3.47                    
  4298.902 106.00113     0.690    -1.979                3.47                    
  4298.914 106.00113     0.950    -1.165                3.47                    
  4298.943 106.00112     0.692    -1.979                3.47                    
  4298.972 106.00112     0.954    -1.188                3.47                    
  4298.986 106.00112     0.954    -1.165                3.47                    
  4298.988      20.0      1.89    -0.514                                        
  4298.988      20.0      1.89    -0.412                                        
  4299.036 106.00113     0.690    -1.979                3.47                    
  4299.079 106.00112     0.692    -1.979                3.47                    
  4299.088 106.00112     1.599    -1.002                3.47                    
  4299.161 106.00112     0.359    -1.272                3.47                    
  4299.186 106.00112     1.599    -1.018                3.47                    
  4299.206 106.00113     0.357    -1.272                3.47                    
  4299.228      22.0      1.75     0.002                                        
  4299.234      26.0      2.43    -0.458                                        
  4299.241      26.0      3.27    -1.750                                        
  4299.270 106.00112     0.359    -1.241                3.47                    
  4299.314 106.00113     0.357    -1.241                3.47                    
  4299.357      58.1      0.17    -0.683                                        
  4299.525 106.00113     1.214    -1.085                3.47                    
  4299.526 106.00113     0.690    -1.889                3.47                    
  4299.571 106.00112     0.692    -1.889                3.47                    
  4299.574 106.00113     1.286    -1.068                3.47                    
  4299.587 106.00112     2.371    -1.266                3.47                    
  4299.628      26.0      3.02    -2.113                                        
  4299.633      22.0      0.83    -1.868                                        
  4299.649 106.00113     0.690    -1.889                3.47                    
  4299.683 106.00113     1.145    -1.104                3.47                    
  4299.683 106.00113     1.214    -1.103                3.47                    
  4299.692      60.1      0.18    -1.480                                        
  4299.693 106.00112     1.220    -1.085                3.47                    
  4299.695 106.00112     0.692    -1.889                3.47                    
  4299.707      24.0      2.90    -0.959                                        
  4299.750 106.00113     1.286    -1.085                3.47                    
  4299.764 106.00113     0.891    -1.211                3.47                    
  4299.769 106.00112     1.292    -1.068                3.47                    
  4299.790 106.00113     0.891    -1.188                3.47                    
  4299.824 106.00113     1.145    -1.123                3.47                    
  4299.827 106.00112     0.895    -1.211                3.47                    
  4299.827 106.00112     1.150    -1.104                3.47                    
  4299.852 106.00112     1.220    -1.103                3.47                    
  4299.853 106.00112     0.895    -1.188                3.47                    
  4299.865 106.00113     1.360    -1.050                3.47                    
  4299.947 106.00112     1.292    -1.085                3.47                    
  4299.970 106.00112     1.150    -1.123                3.47                    
  4300.015 106.00113     1.078    -1.123                3.47                    
  4300.049      22.1      1.18    -0.396                                        
  4300.058 106.00113     1.360    -1.067                3.47                    
  4300.095 106.00112     1.366    -1.050                3.47                    
  4300.140 106.00112     1.083    -1.123                3.47                    
  4300.140 106.00113     1.078    -1.144                3.47                    
  4300.221 106.00112     2.371    -1.278                3.47                    
  4300.265 106.00112     1.083    -1.144                3.47                    
  4300.286 106.00113     1.674    -0.987                3.47                    
  4300.288 106.00112     1.366    -1.067                3.47                    
  4300.328      58.1      0.45    -0.300                                        
  4300.396 106.00113     1.674    -1.002                3.47                    
  4300.434      57.1      0.00    -1.750                                        
  4300.439 106.00113     1.436    -1.033                3.47                    
  4300.493 106.00113     1.013    -1.144                3.47                    
  4300.498      24.0      3.44    -0.527                                        
  4300.556      22.0      0.83     0.138                                        
  4300.592 106.00112     0.360    -1.272                3.47                    
  4300.598 106.00112     0.360    -1.241                3.47                    
  4300.599 106.00113     1.013    -1.165                3.47                    
  4300.602 106.00112     1.018    -1.144                3.47                    
  4300.621 106.00113     0.358    -1.272                3.47                    
  4300.627 106.00113     0.358    -1.241                3.47                    
  4300.648 106.00113     1.436    -1.050                3.47                    
  4300.679 106.00112     1.682    -0.987                3.47                    
  4300.693 106.00113     0.834    -1.237                3.47                    
  4300.707 106.00112     1.443    -1.033                3.47                    
  4300.709 106.00112     1.018    -1.165                3.47                    
  4300.733 106.00113     0.834    -1.212                3.47                    
  4300.751 106.00112     0.838    -1.237                3.47                    
  4300.791 106.00112     0.838    -1.212                3.47                    
  4300.791 106.00112     1.682    -1.002                3.47                    
  4300.825      26.0      3.98    -1.432                                        
  4300.912 106.00113     2.854    -0.770                3.47                    
  4300.918 106.00112     1.443    -1.050                3.47                    
  4301.016 106.00112     0.312    -1.305                3.47                    
  4301.051 106.00113     0.310    -1.305                3.47                    
  4301.081      22.0      0.84     0.341                                        
  4301.082 106.00113     2.855    -0.759                3.47                    
  4301.088 106.00113     0.951    -1.165                3.47                    
  4301.146 106.00112     0.312    -1.272                3.47                    
  4301.175 106.00113     0.951    -1.188                3.47                    
  4301.177      24.0      3.45    -0.425                                        
  4301.181 106.00113     0.310    -1.272                3.47                    
  4301.185 106.00112     0.956    -1.165                3.47                    
  4301.272 106.00112     0.956    -1.188                3.47                    
  4301.338 106.00113     1.514    -1.018                3.47                    
  4301.561 106.00113     1.514    -1.033                3.47                    
  4301.562 106.00112     3.085    -1.078                3.47                    
  4301.596      68.1      0.00    -1.487                                        
  4301.653 106.00112     1.521    -1.018                3.47                    
  4301.668 106.00113     0.780    -1.264                3.47                    
  4301.721 106.00112     0.784    -1.264                3.47                    
  4301.723 106.00113     0.780    -1.237                3.47                    
  4301.776 106.00112     0.784    -1.237                3.47                    
  4301.777 106.00113     0.892    -1.188                3.47                    
  4301.828 106.00112     3.085    -1.088                3.47                    
  4301.844 106.00113     0.892    -1.211                3.47                    
  4301.863 106.00112     0.896    -1.188                3.47                    
  4301.878 106.00112     1.521    -1.033                3.47                    
  4301.914      22.1      1.16    -1.236                                        
  4301.931 106.00112     0.896    -1.211                3.47                    
  4302.058 106.00112     2.868    -0.770                3.47                    
  4302.109 106.00113     0.339    -2.162                3.47                    
  4302.117 106.00112     0.340    -2.162                3.47                    
  4302.123 106.00113     0.339    -2.162                3.47                    
  4302.131 106.00112     0.340    -2.162                3.47                    
  4302.185      26.0      3.05    -1.819                                        
  4302.238 106.00113     2.358    -1.278                3.47                    
  4302.239 106.00112     2.868    -0.759                3.47                    
  4302.271 106.00112     0.313    -1.305                3.47                    
  4302.292 106.00113     0.311    -1.305                3.47                    
  4302.302 106.00113     1.757    -0.975                3.47                    
  4302.309 106.00112     0.313    -1.272                3.47                    
  4302.330 106.00113     0.311    -1.272                3.47                    
  4302.396 106.00113     2.357    -1.266                3.47                    
  4302.409 106.00113     0.339    -1.907                3.47                    
  4302.418 106.00112     0.340    -1.907                3.47                    
  4302.422 106.00113     0.339    -1.907                3.47                    
  4302.425 106.00113     1.757    -0.987                3.47                    
  4302.431 106.00112     0.340    -1.907                3.47                    
  4302.528      20.0      1.90     0.183                                        
  4302.528      20.0      1.90     0.275                                        
  4302.537 106.00113     0.835    -1.212                3.47                    
  4302.583 106.00113     0.835    -1.237                3.47                    
  4302.608 106.00113     1.594    -1.002                3.47                    
  4302.615 106.00112     0.839    -1.212                3.47                    
  4302.661 106.00112     0.839    -1.237                3.47                    
  4302.667 106.00113     0.729    -1.292                3.47                    
  4302.718 106.00112     0.732    -1.292                3.47                    
  4302.740 106.00113     0.729    -1.264                3.47                    
  4302.765 106.00112     0.268    -1.340                3.47                    
  4302.768 106.00112     1.766    -0.975                3.47                    
  4302.791 106.00112     0.733    -1.264                3.47                    
  4302.791 106.00113     0.266    -1.340                3.47                    
  4302.845 106.00113     1.594    -1.018                3.47                    
  4302.892 106.00112     1.766    -0.987                3.47                    
  4302.905 106.00112     0.002    -2.111                3.47                    
  4302.920 106.00112     0.002    -2.111                3.47                    
  4302.926 106.00112     0.268    -1.305                3.47                    
  4302.933 106.00113     0.002    -2.111                3.47                    
  4302.948 106.00113     0.002    -2.111                3.47                    
  4302.952 106.00113     0.266    -1.305                3.47                    
  4302.977 106.00112     1.602    -1.002                3.47                    
  4303.176      26.1      2.70    -2.443                                        
  4303.216 106.00112     1.602    -1.018                3.47                    
  4303.217 106.00112     0.002    -1.857                3.47                    
  4303.229      27.0      0.22    -3.912                                        
  4303.230 106.00112     0.002    -1.857                3.47                    
  4303.243 106.00113     0.002    -1.857                3.47                    
  4303.256 106.00113     0.002    -1.857                3.47                    
  4303.348 106.00113     0.781    -1.237                3.47                    
  4303.371 106.00113     0.781    -1.264                3.47                    
  4303.420 106.00112     0.785    -1.237                3.47                    
  4303.443 106.00112     0.785    -1.264                3.47                    
  4303.571      60.1      0.00     0.140                                        
  4303.641 106.00113     0.677    -2.044                3.47                    
  4303.675 106.00113     0.681    -1.322                3.47                    
  4303.706 106.00112     0.679    -2.044                3.47                    
  4303.722 106.00113     0.677    -2.044                3.47                    
  4303.724 106.00112     0.684    -1.322                3.47                    
  4303.767 106.00113     0.681    -1.292                3.47                    
  4303.788 106.00112     0.679    -2.044                3.47                    
  4303.817 106.00112     0.684    -1.292                3.47                    
  4303.852 106.00112     0.269    -1.340                3.47                    
  4303.866 106.00113     0.267    -1.340                3.47                    
  4303.932 106.00112     0.269    -1.305                3.47                    
  4303.945 106.00113     0.267    -1.305                3.47                    
  4303.968 106.00113     2.957    -0.750                3.47                    
  4304.190 106.00113     0.730    -1.292                3.47                    
  4304.192 106.00113     0.730    -1.264                3.47                    
  4304.258 106.00112     0.733    -1.292                3.47                    
  4304.259 106.00112     0.734    -1.264                3.47                    
  4304.301 106.00113     1.676    -0.987                3.47                    
  4304.369 106.00112     2.368    -1.278                3.47                    
  4304.404 106.00112     0.227    -1.379                3.47                    
  4304.422 106.00113     0.226    -1.379                3.47                    
  4304.475 106.00113     0.678    -1.932                3.47                    
  4304.536 106.00112     2.368    -1.266                3.47                    
  4304.540      26.0      2.95    -2.399                                        
  4304.544 106.00112     0.680    -1.932                3.47                    
  4304.549 106.00113     0.678    -1.932                3.47                    
  4304.550 106.00113     1.676    -1.002                3.47                    
  4304.599 106.00112     0.227    -1.341                3.47                    
  4304.616 106.00113     0.226    -1.341                3.47                    
  4304.619 106.00112     0.679    -1.932                3.47                    
  4304.673 106.00113     0.636    -1.356                3.47                    
  4304.717      58.1      0.74    -0.724                                        
  4304.722 106.00112     0.639    -1.356                3.47                    
  4304.732 106.00112     1.684    -0.987                3.47                    
  4304.790 106.00113     0.636    -1.323                3.47                    
  4304.839 106.00112     0.639    -1.323                3.47                    
  4304.868 106.00113     1.843    -0.959                3.47                    
  4304.869      26.0      3.30    -2.083                                        
  4304.935 106.00113     2.957    -0.759                3.47                    
  4304.983 106.00112     1.684    -1.002                3.47                    
  4305.003 106.00113     1.843    -0.975                3.47                    
  4305.023 106.00113     0.682    -1.322                3.47                    
  4305.052 106.00113     0.682    -1.292                3.47                    
  4305.088 106.00112     0.685    -1.322                3.47                    
  4305.117 106.00112     0.685    -1.292                3.47                    
  4305.134      26.0      2.73    -3.310                                        
  4305.140      58.1      0.86    -0.158                                        
  4305.205      26.0      3.55    -2.193                                        
  4305.308 106.00112     2.971    -0.750                3.47                    
  4305.332 106.00112     0.227    -1.379                3.47                    
  4305.340 106.00113     0.226    -1.379                3.47                    
  4305.416 106.00112     1.851    -0.959                3.47                    
  4305.451      26.0      3.02    -1.208                                        
  4305.453      24.0      2.89    -1.059                                        
  4305.457 106.00112     0.228    -1.341                3.47                    
  4305.464 106.00113     0.226    -1.341                3.47                    
  4305.528      26.0      4.31    -1.975                                        
  4305.553 106.00112     1.851    -0.975                3.47                    
  4305.649 106.00113     0.594    -1.391                3.47                    
  4305.699 106.00112     0.596    -1.391                3.47                    
  4305.714      21.1      0.60    -1.208                                        
  4305.746      59.1      0.05    -0.268                                        
  4305.794 106.00113     0.594    -1.357                3.47                    
  4305.844 106.00112     0.596    -1.357                3.47                    
  4305.855 106.00113     0.637    -1.356                3.47                    
  4305.910      22.0      0.85     0.516                                        
  4305.916 106.00113     0.637    -1.323                3.47                    
  4305.918 106.00112     0.639    -1.356                3.47                    
  4305.925 106.00112     0.189    -1.423                3.47                    
  4305.935 106.00113     0.188    -1.423                3.47                    
  4305.978 106.00112     0.639    -1.323                3.47                    
  4306.057      26.0      3.40    -2.997                                        
  4306.157 106.00112     0.189    -1.381                3.47                    
  4306.165 106.00113     0.188    -1.381                3.47                    
  4306.215      23.0      0.02    -1.786                                        
  4306.293 106.00112     2.971    -0.759                3.47                    
  4306.471 106.00113     1.760    -0.975                3.47                    
  4306.580      26.0      3.43    -2.218                                        
  4306.590 106.00113     0.555    -1.431                3.47                    
  4306.640 106.00112     0.557    -1.431                3.47                    
  4306.673 106.00113     0.594    -1.391                3.47                    
  4306.706 106.00112     0.190    -1.423                3.47                    
  4306.707 106.00113     0.189    -1.423                3.47                    
  4306.726      58.1      0.52    -0.232                                        
  4306.731 106.00113     1.760    -0.987                3.47                    
  4306.734 106.00112     0.597    -1.391                3.47                    
  4306.766 106.00113     0.555    -1.393                3.47                    
  4306.769 106.00113     0.595    -1.357                3.47                    
  4306.818 106.00112     0.557    -1.393                3.47                    
  4306.830 106.00112     0.597    -1.357                3.47                    
  4306.877 106.00113     0.189    -1.381                3.47                    
  4306.878 106.00112     0.190    -1.381                3.47                    
  4306.975 106.00112     1.768    -0.975                3.47                    
  4307.176      23.0      0.00    -1.918                                        
  4307.237 106.00112     1.769    -0.987                3.47                    
  4307.270      28.0      4.15    -1.113                                        
  4307.322 106.00112     0.155    -1.470                3.47                    
  4307.324 106.00113     0.154    -1.470                3.47                    
  4307.464 106.00113     0.555    -1.431                3.47                    
  4307.484 106.00113     0.519    -1.474                3.47                    
  4307.524 106.00112     0.557    -1.431                3.47                    
  4307.536 106.00112     0.521    -1.474                3.47                    
  4307.596 106.00112     0.155    -1.425                3.47                    
  4307.596 106.00113     0.154    -1.425                3.47                    
  4307.599 106.00113     0.555    -1.393                3.47                    
  4307.660 106.00112     0.558    -1.393                3.47                    
  4307.697 106.00113     0.519    -1.432                3.47                    
  4307.744      20.0      1.89    -0.390                                        
  4307.744      20.0      1.89    -0.256                                        
  4307.750 106.00112     0.521    -1.432                3.47                    
  4307.771      60.1      0.38    -0.910                                        
  4307.863      22.1      1.17    -1.070                                        
  4307.960 106.00113     0.154    -1.470                3.47                    
  4307.966 106.00112     0.155    -1.470                3.47                    
  4308.048 106.00113     1.930    -0.947                3.47                    
  4308.183 106.00113     0.154    -1.425                3.47                    
  4308.189 106.00112     0.155    -1.425                3.47                    
  4308.199 106.00113     1.930    -0.959                3.47                    
  4308.218 106.00113     0.519    -1.474                3.47                    
  4308.266 106.00113     0.667    -2.126                3.47                    
  4308.279 106.00112     0.521    -1.474                3.47                    
  4308.307 106.00113     0.667    -2.126                3.47                    
  4308.317 106.00113     0.486    -1.521                3.47                    
  4308.354 106.00112     0.669    -2.126                3.47                    
  4308.370 106.00112     0.487    -1.521                3.47                    
  4308.395 106.00112     0.669    -2.126                3.47                    
  4308.396 106.00113     0.519    -1.432                3.47                    
  4308.458 106.00112     0.521    -1.432                3.47                    
  4308.464      22.0      1.07    -1.078                                        
  4308.506      26.0      2.45    -3.317                                        
  4308.529      26.0      2.22    -4.120                                        
  4308.578 106.00113     0.486    -1.475                3.47                    
  4308.581 106.00113     0.123    -1.524                3.47                    
  4308.586 106.00112     0.124    -1.524                3.47                    
  4308.628      66.1      0.00    -1.118                                        
  4308.633 106.00112     0.488    -1.475                3.47                    
  4308.692 106.00112     1.939    -0.947                3.47                    
  4308.844 106.00112     1.939    -0.959                3.47                    
  4308.904 106.00113     0.123    -1.474                3.47                    
  4308.911 106.00112     0.124    -1.474                3.47                    
  4308.923 106.00113     0.486    -1.521                3.47                    
  4308.973 106.00113     2.960    -0.759                3.47                    
  4308.983 106.00112     0.488    -1.521                3.47                    
  4309.007      62.1      0.18    -1.035                                        
  4309.031      26.0      3.63    -1.213                                        
  4309.090 106.00113     0.456    -1.575                3.47                    
  4309.093 106.00113     0.123    -1.524                3.47                    
  4309.105 106.00112     0.124    -1.524                3.47                    
  4309.146 106.00112     0.458    -1.575                3.47                    
  4309.155 106.00113     0.486    -1.475                3.47                    
  4309.180 106.00113     1.846    -0.959                3.47                    
  4309.209 106.00113     2.960    -0.750                3.47                    
  4309.217 106.00112     0.488    -1.475                3.47                    
  4309.369      26.0      2.95    -1.606                                        
  4309.376 106.00113     0.123    -1.474                3.47                    
  4309.389 106.00112     0.124    -1.474                3.47                    
  4309.393 106.00113     0.456    -1.524                3.47                    
  4309.449 106.00113     1.846    -0.975                3.47                    
  4309.451 106.00112     0.458    -1.524                3.47                    
  4309.455      26.0      3.11    -1.579                                        
  4309.497 106.00113     0.668    -1.971                3.47                    
  4309.534 106.00113     0.668    -1.971                3.47                    
  4309.578 106.00113     0.456    -1.575                3.47                    
  4309.593 106.00112     0.670    -1.971                3.47                    
  4309.630 106.00112     0.670    -1.971                3.47                    
  4309.631      39.1      0.18    -0.750                                        
  4309.639 106.00112     0.458    -1.575                3.47                    
  4309.698 106.00113     0.095    -1.587                3.47                    
  4309.710 106.00112     0.096    -1.587                3.47                    
  4309.735      58.1      0.46    -0.585                                        
  4309.767 106.00112     1.854    -0.959                3.47                    
  4309.781 106.00113     0.429    -1.638                3.47                    
  4309.800      23.0      0.04    -1.890                                        
  4309.839 106.00112     0.431    -1.638                3.47                    
  4309.858 106.00113     0.456    -1.524                3.47                    
  4309.921 106.00112     0.458    -1.524                3.47                    
  4310.038 106.00112     1.854    -0.975                3.47                    
  4310.085 106.00113     0.096    -1.529                3.47                    
  4310.099 106.00112     0.096    -1.529                3.47                    
  4310.100 106.00113     0.096    -1.587                3.47                    
  4310.116 106.00112     0.096    -1.587                3.47                    
  4310.147 106.00113     0.430    -1.580                3.47                    
  4310.163 106.00113     0.430    -1.638                3.47                    
  4310.206 106.00112     0.431    -1.580                3.47                    
  4310.225 106.00112     0.431    -1.638                3.47                    
  4310.315 106.00112     2.974    -0.759                3.47                    
  4310.344      22.0      1.05    -1.593                                        
  4310.371      26.0      3.93    -1.863                                        
  4310.385 106.00113     0.406    -1.712                3.47                    
  4310.445 106.00112     0.407    -1.712                3.47                    
  4310.454 106.00113     0.096    -1.529                3.47                    
  4310.473 106.00112     0.096    -1.529                3.47                    
  4310.497      60.1      0.20    -0.800                                        
  4310.510 106.00113     0.430    -1.580                3.47                    
  4310.542      26.0      3.64    -2.686                                        
  4310.564 106.00112     2.974    -0.750                3.47                    
  4310.574 106.00112     0.431    -1.580                3.47                    
  4310.670 106.00113     0.071    -1.662                3.47                    
  4310.673 106.00113     0.406    -1.712                3.47                    
  4310.687 106.00112     0.072    -1.662                3.47                    
  4310.696      58.1      0.50    -0.965                                        
  4310.736 106.00112     0.408    -1.712                3.47                    
  4310.830 106.00113     0.406    -1.644                3.47                    
  4310.889 106.00113     0.386    -1.801                3.47                    
  4310.892 106.00112     0.408    -1.644                3.47                    
  4310.950 106.00112     0.387    -1.801                3.47                    
  4310.973 106.00113     0.071    -1.662                3.47                    
  4310.994 106.00112     0.072    -1.662                3.47                    
  4311.096 106.00113     0.386    -1.801                3.47                    
  4311.104 106.00113     0.406    -1.644                3.47                    
  4311.138 106.00113     0.071    -1.593                3.47                    
  4311.159 106.00112     0.072    -1.593                3.47                    
  4311.159 106.00112     0.387    -1.801                3.47                    
  4311.169 106.00112     0.408    -1.644                3.47                    
  4311.277 106.00113     0.369    -1.921                3.47                    
  4311.339 106.00112     0.370    -1.921                3.47                    
  4311.415 106.00113     0.369    -1.921                3.47                    
  4311.416 106.00113     0.072    -1.593                3.47                    
  4311.440 106.00112     0.072    -1.593                3.47                    
  4311.442 106.00113     0.386    -1.721                3.47                    
  4311.478 106.00112     0.370    -1.921                3.47                    
  4311.485 106.00113     0.050    -1.752                3.47                    
  4311.494 106.00113     0.346    -2.384                3.47                    
  4311.506 106.00112     0.388    -1.721                3.47                    
  4311.507 106.00112     0.051    -1.752                3.47                    
  4311.513 106.00113     0.356    -2.087                3.47                    
  4311.535 106.00113     0.346    -2.384                3.47                    
  4311.555 106.00112     0.347    -2.384                3.47                    
  4311.576 106.00112     0.357    -2.087                3.47                    
  4311.596 106.00113     0.356    -2.087                3.47                    
  4311.598 106.00112     0.347    -2.384                3.47                    
  4311.639 106.00113     0.386    -1.721                3.47                    
  4311.660 106.00112     0.357    -2.087                3.47                    
  4311.702 106.00113     0.050    -1.752                3.47                    
  4311.705 106.00112     0.388    -1.721                3.47                    
  4311.727 106.00112     0.051    -1.752                3.47                    
  4311.917 106.00113     2.018    -0.932                3.47                    
  4311.983 106.00113     0.370    -1.821                3.47                    
  4312.049 106.00112     0.371    -1.821                3.47                    
  4312.063 106.00113     0.051    -1.672                3.47                    
  4312.084 106.00113     2.018    -0.947                3.47                    
  4312.089 106.00112     0.051    -1.672                3.47                    
  4312.114 106.00113     0.370    -1.821                3.47                    
  4312.122 106.00113     2.448    -1.255                3.47                    
  4312.129 106.00113     0.033    -1.870                3.47                    
  4312.155 106.00112     0.033    -1.870                3.47                    
  4312.182 106.00112     0.371    -1.821                3.47                    
  4312.262 106.00113     0.051    -1.672                3.47                    
  4312.274 106.00113     0.033    -1.870                3.47                    
  4312.291 106.00112     0.051    -1.672                3.47                    
  4312.302 106.00112     0.033    -1.870                3.47                    
  4312.461 106.00113     0.356    -1.955                3.47                    
  4312.491 106.00113     1.933    -0.947                3.47                    
  4312.529 106.00112     0.357    -1.955                3.47                    
  4312.540 106.00113     0.356    -1.955                3.47                    
  4312.551      25.0      2.94    -1.239                                        
  4312.564 106.00113     0.019    -2.036                3.47                    
  4312.592 106.00112     0.019    -2.036                3.47                    
  4312.609 106.00112     0.357    -1.955                3.47                    
  4312.651 106.00113     0.019    -2.036                3.47                    
  4312.671 106.00112     2.028    -0.932                3.47                    
  4312.681 106.00112     0.019    -2.036                3.47                    
  4312.687 106.00113     0.008    -2.333                3.47                    
  4312.717 106.00112     0.008    -2.333                3.47                    
  4312.731 106.00113     0.008    -2.333                3.47                    
  4312.761 106.00112     0.008    -2.333                3.47                    
  4312.769 106.00113     1.933    -0.959                3.47                    
  4312.830 106.00113     2.448    -1.267                3.47                    
  4312.840 106.00112     2.028    -0.947                3.47                    
  4312.862 106.00113     0.033    -1.770                3.47                    
  4312.864      22.1      1.18    -1.071                                        
  4312.892 106.00112     0.033    -1.770                3.47                    
  4312.905 106.00113     0.346    -2.192                3.47                    
  4312.944 106.00113     0.346    -2.192                3.47                    
  4312.975 106.00112     0.347    -2.192                3.47                    
  4312.995 106.00113     0.033    -1.770                3.47                    
  4313.015 106.00112     0.347    -2.192                3.47                    
  4313.027 106.00112     0.034    -1.770                3.47                    
  4313.043      26.0      2.76    -3.258                                        
  4313.174 106.00112     1.942    -0.947                3.47                    
  4313.454 106.00112     1.942    -0.959                3.47                    
  4313.522 106.00113     3.063    -0.740                3.47                    
  4313.549 106.00113     0.019    -1.907                3.47                    
  4313.583 106.00112     0.020    -1.907                3.47                    
  4313.629 106.00113     0.019    -1.907                3.47                    
  4313.664 106.00112     0.020    -1.907                3.47                    
  4313.738 106.00113     0.661    -2.250                3.47                    
  4313.752 106.00113     0.661    -2.250                3.47                    
  4313.856 106.00112     0.663    -2.250                3.47                    
  4313.870 106.00112     0.663    -2.250                3.47                    
  4314.028 106.00113     0.661    -1.996                3.47                    
  4314.040 106.00113     0.661    -1.996                3.47                    
  4314.083      21.1      0.62    -0.050                                        
  4314.147 106.00112     0.663    -1.996                3.47                    
  4314.148 106.00113     0.009    -2.141                3.47                    
  4314.160 106.00112     0.663    -1.996                3.47                    
  4314.186 106.00112     0.009    -2.141                3.47                    
  4314.189 106.00113     0.009    -2.141                3.47                    
  4314.227 106.00112     0.009    -2.141                3.47                    
  4314.310      26.1      2.68    -3.477                                        
  4314.506      60.1      0.00    -0.920                                        
  4314.578 106.00112     2.459    -1.255                3.47                    
  4314.588 106.00113     3.063    -0.750                3.47                    
  4314.730      22.0      0.82    -1.633                                        
  4314.804      22.0      0.84    -1.254                                        
  4314.975      22.1      1.16    -1.116                                        
  4315.084      26.0      2.20    -1.065                                        
  4315.089 106.00112     3.077    -0.740                3.47                    
  4315.299 106.00112     2.458    -1.267                3.47                    
  4315.305 106.00113     3.175    -1.069                3.47                    
  4315.758 106.00113     3.175    -1.079                3.47                    
  4315.952      26.0      2.43    -3.683                                        
  4316.047      64.1      0.66    -0.626                                        
  4316.175 106.00112     3.078    -0.750                3.47                    
  4316.477 106.00113     2.021    -0.932                3.47                    
  4316.555 106.00113     2.108    -0.921                3.47                    
  4316.738 106.00113     2.108    -0.932                3.47                    
  4316.764 106.00113     2.022    -0.947                3.47                    
  4316.799      22.1      2.05    -1.614                                        
  4316.974 106.00113     2.445    -1.267                3.47                    
  4317.049      26.0      3.55    -2.388                                        
  4317.193 106.00113     2.445    -1.255                3.47                    
  4317.270 106.00112     2.031    -0.932                3.47                    
  4317.299      40.1      0.71    -1.380                                        
  4317.435 106.00112     2.118    -0.921                3.47                    
  4317.559 106.00112     2.031    -0.947                3.47                    
  4317.619 106.00112     2.118    -0.932                3.47                    
  4318.307 106.00113     3.066    -0.750                3.47                    
  4318.619 106.00113     3.066    -0.740                3.47                    
  4318.631      22.0      2.26     0.406                                        
  4318.652      20.0      1.90    -0.295                                        
  4318.652      20.0      1.90    -0.208                                        
  4318.927      62.1      0.28    -0.613                                        
  4319.014 106.00112     3.189    -1.069                3.47                    
  4319.238 106.00113     3.172    -1.069                3.47                    
  4319.441      26.0      2.61    -3.337                                        
  4319.471 106.00112     2.456    -1.267                3.47                    
  4319.474 106.00112     3.189    -1.079                3.47                    
  4319.494 106.00113     3.172    -1.079                3.47                    
  4319.636      24.0      2.89    -1.102                                        
  4319.699 106.00112     2.455    -1.255                3.47                    
  4319.869 106.00112     3.080    -0.750                3.47                    
  4320.194 106.00112     3.081    -0.740                3.47                    
  4320.362      26.0      3.40    -2.290                                        
  4320.485      26.0      3.42    -2.227                                        
  4320.719      58.1      0.46    -0.432                                        
  4320.732      21.1      0.61    -0.212                                        
  4320.960      22.1      1.17    -1.823                                        
  4321.096      64.1      0.60    -0.528                                        
  4321.217 106.00113     2.112    -0.921                3.47                    
  4321.510 106.00113     2.112    -0.932                3.47                    
  4321.614      24.0      3.12    -0.925                                        
  4321.655      22.0      2.24     0.195                                        
  4322.048 106.00113     2.200    -0.907                3.47                    
  4322.135 106.00112     2.121    -0.921                3.47                    
  4322.248 106.00113     2.200    -0.921                3.47                    
  4322.429 106.00112     2.122    -0.932                3.47                    
  4322.503      57.1      0.17    -1.120                                        
  4322.795 106.00113     0.834    -1.561                3.47                    
  4322.802      26.0      2.83    -3.410                                        
  4322.802 106.00113     0.868    -1.519                3.47                    
  4322.827 106.00113     0.802    -1.609                3.47                    
  4322.828 106.00113     0.667    -2.472                3.47                    
  4322.866 106.00113     0.906    -1.479                3.47                    
  4322.869 106.00113     0.667    -2.472                3.47                    
  4322.887 106.00113     0.773    -1.664                3.47                    
  4322.903      26.0      4.59    -1.487                                        
  4322.942 106.00112     3.186    -1.069                3.47                    
  4322.959 106.00113     0.748    -1.726                3.47                    
  4322.976 106.00113     0.868    -1.480                3.47                    
  4322.998 106.00112     0.669    -2.472                3.47                    
  4322.999 106.00112     0.836    -1.561                3.47                    
  4323.004 106.00113     0.946    -1.444                3.47                    
  4323.006 106.00113     0.906    -1.444                3.47                    
  4323.007 106.00113     0.834    -1.520                3.47                    
  4323.015 106.00112     0.871    -1.519                3.47                    
  4323.024 106.00112     0.805    -1.609                3.47                    
  4323.032 106.00113     0.725    -1.799                3.47                    
  4323.039 106.00112     0.669    -2.472                3.47                    
  4323.053 106.00113     0.677    -2.175                3.47                    
  4323.071 106.00112     2.210    -0.907                3.47                    
  4323.078 106.00112     0.776    -1.664                3.47                    
  4323.085 106.00113     0.802    -1.564                3.47                    
  4323.088 106.00113     0.706    -1.889                3.47                    
  4323.090 106.00112     0.909    -1.479                3.47                    
  4323.106 106.00113     0.690    -2.007                3.47                    
  4323.117 106.00113     0.947    -1.411                3.47                    
  4323.135 106.00113     0.677    -2.175                3.47                    
  4323.145 106.00112     0.750    -1.726                3.47                    
  4323.190 106.00112     0.871    -1.480                3.47                    
  4323.194 106.00113     0.774    -1.613                3.47                    
  4323.197 106.00112     3.186    -1.079                3.47                    
  4323.213 106.00112     0.837    -1.520                3.47                    
  4323.214 106.00112     0.728    -1.799                3.47                    
  4323.226 106.00112     0.679    -2.175                3.47                    
  4323.231 106.00112     0.909    -1.444                3.47                    
  4323.239 106.00113     0.990    -1.410                3.47                    
  4323.240 106.00112     0.950    -1.444                3.47                    
  4323.242 106.00113     0.690    -2.007                3.47                    
  4323.266 106.00112     0.708    -1.889                3.47                    
  4323.273 106.00112     2.210    -0.921                3.47                    
  4323.281 106.00112     0.692    -2.007                3.47                    
  4323.283 106.00112     0.805    -1.564                3.47                    
  4323.290      62.1      0.10    -1.294                                        
  4323.291 106.00113     0.706    -1.889                3.47                    
  4323.309 106.00112     0.679    -2.175                3.47                    
  4323.314 106.00113     0.726    -1.799                3.47                    
  4323.324 106.00113     0.748    -1.668                3.47                    
  4323.327 106.00113     0.990    -1.380                3.47                    
  4323.334 106.00113     0.748    -1.726                3.47                    
  4323.354 106.00112     0.950    -1.411                3.47                    
  4323.365 106.00113     0.774    -1.664                3.47                    
  4323.387 106.00112     0.776    -1.613                3.47                    
  4323.406      22.0      1.07    -1.471                                        
  4323.419 106.00112     0.692    -2.007                3.47                    
  4323.420 106.00113     0.802    -1.609                3.47                    
  4323.467 106.00113     0.726    -1.733                3.47                    
  4323.472 106.00112     0.708    -1.889                3.47                    
  4323.491 106.00112     0.994    -1.410                3.47                    
  4323.499 106.00112     0.728    -1.799                3.47                    
  4323.512 106.00112     0.750    -1.668                3.47                    
  4323.513 106.00113     0.834    -1.561                3.47                    
  4323.524 106.00112     0.750    -1.726                3.47                    
  4323.562 106.00112     0.776    -1.664                3.47                    
  4323.580 106.00112     0.994    -1.380                3.47                    
  4323.595 106.00113     1.036    -1.380                3.47                    
  4323.618 106.00113     0.706    -1.810                3.47                    
  4323.624 106.00112     0.805    -1.609                3.47                    
  4323.631 106.00113     0.803    -1.564                3.47                    
  4323.633 106.00113     0.774    -1.613                3.47                    
  4323.651 106.00112     0.728    -1.733                3.47                    
  4323.656 106.00113     0.869    -1.519                3.47                    
  4323.660 106.00113     1.036    -1.352                3.47                    
  4323.667 106.00113     0.748    -1.668                3.47                    
  4323.671 106.00113     0.834    -1.520                3.47                    
  4323.725 106.00113     0.726    -1.733                3.47                    
  4323.726 106.00112     0.837    -1.561                3.47                    
  4323.767 106.00113     0.869    -1.480                3.47                    
  4323.778 106.00113     0.690    -1.907                3.47                    
  4323.799 106.00112     0.709    -1.810                3.47                    
  4323.803 106.00113     0.707    -1.810                3.47                    
  4323.831 106.00112     0.776    -1.613                3.47                    
  4323.836 106.00112     0.805    -1.564                3.47                    
  4323.860 106.00112     0.751    -1.668                3.47                    
  4323.865 106.00112     1.040    -1.380                3.47                    
  4323.865 106.00113     0.907    -1.479                3.47                    
  4323.879 106.00112     0.872    -1.519                3.47                    
  4323.884 106.00112     0.837    -1.520                3.47                    
  4323.902 106.00113     0.690    -1.907                3.47                    
  4323.912 106.00112     0.728    -1.733                3.47                    
  4323.931 106.00112     1.040    -1.352                3.47                    
  4323.935 106.00113     0.907    -1.444                3.47                    
  4323.953 106.00113     0.678    -2.044                3.47                    
  4323.957 106.00112     0.692    -1.907                3.47                    
  4323.986 106.00112     0.709    -1.810                3.47                    
  4323.991 106.00112     0.872    -1.480                3.47                    
  4324.027 106.00113     0.678    -2.044                3.47                    
  4324.083 106.00112     0.692    -1.907                3.47                    
  4324.097 106.00113     1.085    -1.352                3.47                    
  4324.100 106.00112     0.910    -1.479                3.47                    
  4324.130 106.00112     0.679    -2.044                3.47                    
  4324.142 106.00113     1.085    -1.325                3.47                    
  4324.156 106.00113     0.947    -1.444                3.47                    
  4324.166 106.00113     0.668    -2.280                3.47                    
  4324.171 106.00112     0.910    -1.444                3.47                    
  4324.193 106.00113     0.947    -1.411                3.47                    
  4324.203 106.00113     0.668    -2.280                3.47                    
  4324.206 106.00112     0.680    -2.044                3.47                    
  4324.343 106.00112     0.670    -2.280                3.47                    
  4324.381 106.00112     0.670    -2.280                3.47                    
  4324.389 106.00112     1.089    -1.352                3.47                    
  4324.406 106.00112     0.951    -1.444                3.47                    
  4324.434 106.00112     1.089    -1.325                3.47                    
  4324.443 106.00112     0.951    -1.411                3.47                    
  4324.519 106.00113     3.169    -0.730                3.47                    
  4324.552 106.00113     0.991    -1.410                3.47                    
  4324.559 106.00113     0.991    -1.380                3.47                    
  4324.779 106.00113     1.137    -1.324                3.47                    
  4324.785      58.1      0.96    -0.514                                        
  4324.802 106.00113     1.137    -1.299                3.47                    
  4324.819 106.00112     0.994    -1.410                3.47                    
  4324.826 106.00112     0.994    -1.380                3.47                    
  4324.947      26.0      2.20    -3.374                                        
  4324.996      21.1      0.60    -0.392                                        
  4325.055 106.00113     1.037    -1.352                3.47                    
  4325.058      24.0      2.97    -0.436                                        
  4325.075 106.00113     1.037    -1.380                3.47                    
  4325.096 106.00112     1.141    -1.324                3.47                    
  4325.119 106.00112     1.141    -1.299                3.47                    
  4325.134      22.0      2.25     0.343                                        
  4325.342 106.00112     1.041    -1.352                3.47                    
  4325.362 106.00112     1.041    -1.380                3.47                    
  4325.593      28.0      3.31    -1.074                                        
  4325.671 106.00113     1.191    -1.299                3.47                    
  4325.673 106.00113     1.191    -1.276                3.47                    
  4325.694 106.00113     3.170    -0.740                3.47                    
  4325.709 106.00113     1.086    -1.325                3.47                    
  4325.739      26.0      0.00    -4.815                                        
  4325.752 106.00113     1.086    -1.352                3.47                    
  4325.758      60.1      0.47     0.010                                        
  4325.943      26.0      3.27    -1.017                                        
  4326.019 106.00112     1.090    -1.325                3.47                    
  4326.019 106.00112     1.196    -1.299                3.47                    
  4326.020 106.00112     1.196    -1.276                3.47                    
  4326.062 106.00112     1.090    -1.352                3.47                    
  4326.342 106.00112     3.184    -0.730                3.47                    
  4326.354      22.0      0.83    -1.191                                        
  4326.547 106.00113     1.138    -1.299                3.47                    
  4326.611 106.00113     1.138    -1.324                3.47                    
  4326.752      26.0      2.95    -1.729                                        
  4326.793 106.00113     2.203    -0.907                3.47                    
  4326.794 106.00113     1.248    -1.253                3.47                    
  4326.812 106.00113     1.248    -1.276                3.47                    
  4326.884 106.00112     1.142    -1.299                3.47                    
  4326.898 106.00113     0.356    -3.038                3.47                    
  4326.949 106.00112     1.142    -1.324                3.47                    
  4326.962      22.0      0.81    -1.752                                        
  4326.982 106.00113     0.356    -3.038                3.47                    
  4327.049 106.00112     0.357    -3.038                3.47                    
  4327.092 106.00113     2.203    -0.921                3.47                    
  4327.094      26.0      3.55    -0.869                                        
  4327.134 106.00112     0.357    -3.038                3.47                    
  4327.151      64.1      0.35    -0.370                                        
  4327.177 106.00112     1.253    -1.253                3.47                    
  4327.194 106.00112     1.253    -1.276                3.47                    
  4327.539 106.00112     3.185    -0.740                3.47                    
  4327.603 106.00113     1.192    -1.276                3.47                    
  4327.686 106.00113     1.192    -1.299                3.47                    
  4327.780      26.0      3.70    -2.609                                        
  4327.854 106.00112     2.213    -0.907                3.47                    
  4327.905      26.0      3.30    -2.362                                        
  4327.932      60.1      0.56    -0.340                                        
  4327.962 106.00113     0.356    -2.883                3.47                    
  4327.972 106.00112     1.197    -1.276                3.47                    
  4328.041 106.00113     0.356    -2.883                3.47                    
  4328.055 106.00112     1.197    -1.299                3.47                    
  4328.119 106.00112     0.357    -2.883                3.47                    
  4328.154 106.00112     2.213    -0.921                3.47                    
  4328.200 106.00112     0.357    -2.883                3.47                    
  4328.206 106.00113     1.307    -1.231                3.47                    
  4328.242 106.00113     1.307    -1.253                3.47                    
  4328.489 106.00113     2.293    -0.896                3.47                    
  4328.630 106.00112     1.313    -1.231                3.47                    
  4328.666 106.00112     1.313    -1.253                3.47                    
  4328.700 106.00113     0.019    -2.987                3.47                    
  4328.709 106.00113     2.293    -0.907                3.47                    
  4328.788 106.00113     0.019    -2.987                3.47                    
  4328.824 106.00112     0.019    -2.987                3.47                    
  4328.913 106.00112     0.019    -2.987                3.47                    
  4328.914 106.00113     1.249    -1.253                3.47                    
  4329.003 106.00113     2.537    -1.244                3.47                    
  4329.010 106.00113     1.249    -1.276                3.47                    
  4329.019      62.1      0.18    -0.732                                        
  4329.033      26.0      4.19    -1.863                                        
  4329.041 106.00113     3.172    -0.740                3.47                    
  4329.321 106.00112     1.254    -1.253                3.47                    
  4329.417 106.00112     1.254    -1.276                3.47                    
  4329.434 106.00113     3.173    -0.730                3.47                    
  4329.675 106.00112     2.303    -0.896                3.47                    
  4329.798 106.00113     0.019    -2.833                3.47                    
  4329.806 106.00113     2.537    -1.256                3.47                    
  4329.879 106.00113     0.019    -2.833                3.47                    
  4329.898 106.00112     2.303    -0.907                3.47                    
  4329.929 106.00112     0.020    -2.833                3.47                    
  4329.955 106.00113     1.369    -1.211                3.47                    
  4330.010 106.00112     0.020    -2.833                3.47                    
  4330.011 106.00113     1.369    -1.231                3.47                    
  4330.026      23.0      0.00    -1.357                                        
  4330.245      22.1      2.05    -1.401                                        
  4330.426 106.00112     1.375    -1.211                3.47                    
  4330.441      58.1      0.32    -0.828                                        
  4330.483 106.00112     1.375    -1.231                3.47                    
  4330.522 106.00113     1.309    -1.231                3.47                    
  4330.627 106.00113     1.309    -1.253                3.47                    
  4330.695      22.1      1.18    -2.006                                        
  4330.701      28.0      3.80    -1.479                                        
  4330.803      26.0      3.02    -1.860                                        
  4330.849 106.00112     3.187    -0.740                3.47                    
  4330.953      26.0      3.27    -2.240                                        
  4330.972 106.00112     1.314    -1.231                3.47                    
