Pr II    4222.9      line list
  4218.996      23.0     2.573     -3.11                               KURNOHFS 
  4219.018      42.0     3.736     -0.94                                        
  4219.031 106.00113     1.483     -5.04               3.470               Plez 
  4219.032      24.0     3.090     -2.63                                        
  4219.079 607.01214     3.840     -1.10               7.650                    
  4219.105      24.0     3.665     -4.21                                        
  4219.112      26.0     3.366     -2.54                                        
  4219.128   23.0051     1.929     -5.71                                 KURHFS 
  4219.136   23.0051     1.929     -5.71                                 KURHFS 
  4219.136   23.0051     1.929     -5.89                                 KURHFS 
  4219.148   23.0051     1.929     -5.55                                 KURHFS 
  4219.148   23.0051     1.929     -6.01                                 KURHFS 
  4219.148   23.0051     1.929     -6.14                                 KURHFS 
  4219.165   23.0051     1.929     -5.54                                 KURHFS 
  4219.165   23.0051     1.929     -5.58                                 KURHFS 
  4219.165   23.0051     1.929     -6.57                                 KURHFS 
  4219.185   23.0051     1.929     -5.29                                 KURHFS 
  4219.185   23.0051     1.929     -5.70                                 KURHFS 
  4219.204      24.0     4.529     -1.46                                        
  4219.209   23.0051     1.929     -5.08                                 KURHFS 
  4219.214 607.01214     3.061     -1.34               7.650                    
  4219.230      60.1     0.380     -2.29                                 LAWLER 
  4219.241 106.00113     0.411     -1.33               3.470               Plez 
  4219.263 106.00113     0.411     -1.30               3.470               Plez 
  4219.266 607.01214     3.061     -1.37               7.650                    
  4219.278 607.01214     3.061     -3.81               7.650                    
  4219.285 607.01214     3.337     -0.67               7.650                    
  4219.287 607.01214     3.386     -0.71               7.650                    
  4219.304 607.01214     3.840     -1.10               7.650                    
  4219.307      62.0     0.036     -1.40                                        
  4219.330      26.0     4.291     -4.30                                        
  4219.348      28.0     3.541     -3.82                                        
  4219.360      26.0     3.571      0.12                                        
  4219.375      74.0     0.771     -1.80                                        
  4219.392      42.0     2.289     -1.85                                        
  4219.414      26.0     2.988     -1.90                                        
  4219.437      25.1     5.986     -5.69                                        
  4219.455   23.0051     0.286     -4.43                                 KURHFS 
  4219.457   23.0051     0.286     -4.15                                 KURHFS 
  4219.457   23.0051     0.286     -4.40                                 KURHFS 
  4219.462   23.0051     0.286     -3.96                                 KURHFS 
  4219.462   23.0051     0.286     -4.40                                 KURHFS 
  4219.462   23.0051     0.286     -4.45                                 KURHFS 
  4219.468   23.0051     0.286     -3.87                                 KURHFS 
  4219.468   23.0051     0.286     -4.01                                 KURHFS 
  4219.468   23.0051     0.286     -4.58                                 KURHFS 
  4219.469      25.0     4.357     -4.29                                        
  4219.471      24.0     2.985     -3.01                                        
  4219.478   23.0051     0.286     -3.76                                 KURHFS 
  4219.478   23.0051     0.286     -3.85                                 KURHFS 
  4219.478   23.0051     0.286     -4.80                                 KURHFS 
  4219.478 607.01214     3.366     -4.23               7.650                    
  4219.489   23.0051     0.286     -3.56                                 KURHFS 
  4219.489   23.0051     0.286     -3.90                                 KURHFS 
  4219.489   23.0051     0.286     -5.21                                 KURHFS 
  4219.501 607.01214     3.366     -1.16               7.650                    
  4219.503   23.0051     0.286     -3.40                                 KURHFS 
  4219.503   23.0051     0.286     -4.09                                 KURHFS 
  4219.509 607.01214     3.386     -0.71               7.650                    
  4219.518   23.0051     0.286     -3.25                                 KURHFS 
  4219.526 607.01214     3.337     -0.68               7.650                    
  4219.560      60.1     0.380     -1.60                                 LAWLER 
  4219.564      26.0     3.926     -3.18                                        
  4219.572 106.00112     1.483     -5.04               3.470               Plez 
  4219.572 607.01214     3.386     -4.60               7.650                    
  4219.591      26.0     3.544     -3.01                                        
  4219.602 607.01214     3.366     -1.18               7.650                    
  4219.606      22.1     4.891     -1.12                                        
  4219.609      24.0     3.008     -2.73                                        
  4219.615 607.01214     3.337     -4.80               7.650                    
  4219.638 607.01214     3.935     -4.82               7.650                    
  4219.663      21.0     2.008     -2.14                               KURNOHFS 
  4219.704      21.0     1.983     -1.02                               KURNOHFS 
  4219.723      26.0     3.651     -4.80                                        
  4219.737 607.01214     3.936     -0.59               7.650                    
  4219.749 607.01214     3.775     -1.49               7.650                    
  4219.882      25.0     4.682     -2.49                                        
  4219.952      21.0     2.109     -2.62                               KURNOHFS 
  4219.952      26.0     4.412     -2.33                                        
  4219.954 607.01214     3.774     -1.49               7.650                    
  4219.963      92.0     0.530     -0.73                                        
  4219.982      42.0     3.209     -1.68                                        
  4219.996      25.0     5.108     -3.31                                        
  4220.009 106.00113     1.432     -5.00               3.470               Plez 
  4220.022 607.01214     3.935     -0.59               7.650                    
  4220.035      20.0     4.765     -3.17                                        
  4220.049      26.0     3.926     -1.66                                        
  4220.065      90.0     0.689     -1.07                                        
  4220.071      20.1     7.509     -1.91                                        
  4220.073      23.1     1.674     -2.67                                        
  4220.090      65.1     0.771     -0.87                               LAWNOHFS 
  4220.127      24.0     3.419     -3.39                                        
  4220.150      62.1     0.434     -1.17                                 LAWLER 
  4220.239 607.01214     3.104     -3.99               7.650                    
  4220.250      60.1     0.320     -0.80                                 LAWLER 
  4220.257 607.01214     3.104     -1.17               7.650                    
  4220.267      27.0     2.872     -2.07                               KURNOHFS 
  4220.329 607.01214     3.104     -1.19               7.650                    
  4220.333      28.0     3.838     -3.85                                        
  4220.341      26.0     3.069     -1.29                                        
  4220.346 106.00113     1.080     -7.54               3.470               Plez 
  4220.392      22.0     3.125     -3.20                                        
  4220.435      27.0     3.407     -3.18                               KURNOHFS 
  4220.443      24.0     2.965     -1.77                                        
  4220.486 106.00112     1.432     -5.00               3.470               Plez 
  4220.526      21.0     4.187     -1.77                                        
  4220.550      62.1     0.040     -2.29                                 LAWLER 
  4220.609      25.0     4.191     -0.78                                        
  4220.628      39.0     1.852      0.28                                        
  4220.631      40.0     0.622     -1.72                                        
  4220.660      62.1     0.543     -0.44                                 LAWLER 
  4220.681      44.0     1.732     -0.45                                        
  4220.690      62.1     0.184     -2.29                                 LAWLER 
  4220.693 607.01214     3.295     -0.68               7.650                    
  4220.739      20.0     5.987     -4.87                                        
  4220.744 607.01214     3.799     -4.56               7.650                    
  4220.793      20.0     4.776     -6.09                                        
  4220.800      77.0     3.266     -0.85                                        
  4220.805 607.01214     3.799     -0.69               7.650                    
  4220.926 607.01214     3.295     -0.69               7.650                    
  4220.987      68.0     0.862      0.05                                        
  4221.005 607.01214     3.295     -4.72               7.650                    
  4221.027   27.0059     3.809     -1.76                                 KURHFS 
  4221.033      23.0     2.581     -0.80                               KURNOHFS 
  4221.043 607.01214     3.799     -0.69               7.650                    
  4221.055      23.0     2.503     -8.00                               KURNOHFS 
  4221.059   27.0059     3.809     -2.23                                 KURHFS 
  4221.074      75.0     1.435     -0.80                                        
  4221.079   27.0059     3.809     -2.08                                 KURHFS 
  4221.100   27.0059     3.809     -2.08                                 KURHFS 
  4221.114      66.0     0.512      0.84                                        
  4221.120   27.0059     3.809     -2.56                                 KURHFS 
  4221.130      60.1     0.559     -1.01                                 LAWLER 
  4221.131   27.0059     3.809     -2.10                                 KURHFS 
  4221.169      58.1     0.875     -0.99                                        
  4221.197      25.0     3.376     -3.48                               KURNOHFS 
  4221.205 607.01214     3.540     -0.72               7.650                    
  4221.246   27.0059     3.565     -4.99                                 KURHFS 
  4221.247   27.0059     3.565     -4.58                                 KURHFS 
  4221.249   27.0059     3.565     -4.36                                 KURHFS 
  4221.251 106.00112     0.096     -3.88               3.470               Plez 
  4221.251   27.0059     3.565     -4.23                                 KURHFS 
  4221.254   27.0059     3.565     -4.18                                 KURHFS 
  4221.257   27.0059     3.565     -4.21                                 KURHFS 
  4221.261   27.0059     3.565     -3.93                                 KURHFS 
  4221.262   27.0059     3.565     -3.74                                 KURHFS 
  4221.263   27.0059     3.565     -3.65                                 KURHFS 
  4221.265   27.0059     3.565     -3.62                                 KURHFS 
  4221.267   27.0059     3.565     -3.68                                 KURHFS 
  4221.269   27.0059     3.565     -3.88                                 KURHFS 
  4221.269   27.0059     3.565     -4.18                                 KURHFS 
  4221.274   27.0059     3.565     -3.79                                 KURHFS 
  4221.279   27.0059     3.565     -3.54                                 KURHFS 
  4221.284   27.0059     3.565     -3.34                                 KURHFS 
  4221.288      23.1     6.104     -3.97                                        
  4221.290   27.0059     3.565     -3.18                                 KURHFS 
  4221.296   27.0059     3.565     -3.04                                 KURHFS 
  4221.377      24.0     4.093     -2.74                                        
  4221.393      26.0     4.442     -2.61                                        
  4221.396      26.1     6.133     -3.07                                        
  4221.454 607.01214     3.540     -0.72               7.650                    
  4221.456 106.00112     0.784     -1.34               3.470               Plez 
  4221.489      22.0     2.576     -5.80                                        
  4221.490 106.00112     0.784     -1.31               3.470               Plez 
  4221.536 106.00113     0.096     -3.88               3.470               Plez 
  4221.536 106.00113     0.784     -3.47               3.470               Plez 
  4221.555      24.0     3.077     -4.99                                        
  4221.557 106.00112     0.784     -3.47               3.470               Plez 
  4221.566 607.01214     3.540     -5.01               7.650                    
  4221.567      24.0     3.847     -0.35                                        
  4221.604 106.00112     0.096     -3.88               3.470               Plez 
  4221.613 106.00113     1.430     -5.00               3.470               Plez 
  4221.682      28.0     3.304     -2.10                                        
  4221.716 607.01214     3.602     -4.42               7.650                    
  4221.722      26.1     6.133     -3.79                                        
  4221.742 607.01214     3.602     -1.25               7.650                    
  4221.789      28.0     3.838     -2.67                                        
  4221.801      20.0     4.677     -4.68                                        
  4221.811      22.0     1.995     -4.81                                        
  4221.823      26.1     7.687     -4.61                                        
  4221.825      25.0     4.682     -1.38                                        
  4221.838 607.01214     3.714     -4.67               7.650                    
  4221.850 106.00113     0.784     -1.34               3.470               Plez 
  4221.852      21.0     1.985     -1.03                               KURNOHFS 
  4221.860      62.1     0.659     -1.80                                 LAWLER 
  4221.863 607.01214     3.602     -1.27               7.650                    
  4221.866      20.0     4.760     -5.17                                        
  4221.889 106.00113     0.096     -3.88               3.470               Plez 
  4221.894 106.00113     0.784     -1.31               3.470               Plez 
  4221.913 607.01214     3.714     -0.64               7.650                    
  4221.918      20.0     6.022     -4.57                                        
  4221.935      24.0     2.985     -3.02                                        
  4221.996      24.1     5.658     -1.93                                        
  4222.018 607.01214     3.405     -0.69               7.650                    
  4222.034      66.1     0.538     -1.68                                        
  4222.050      74.0     1.867     -0.86                                        
  4222.091 106.00112     1.430     -5.00               3.470               Plez 
  4222.137   23.0051     2.136     -3.33                                 KURHFS 
  4222.137   23.0051     2.136     -3.90                                 KURHFS 
  4222.145   23.0051     2.136     -3.31                                 KURHFS 
  4222.145   23.0051     2.136     -3.68                                 KURHFS 
  4222.145   23.0051     2.136     -3.90                                 KURHFS 
  4222.148      25.1     5.988     -3.81                                        
  4222.156   23.0051     2.136     -3.23                                 KURHFS 
  4222.156   23.0051     2.136     -3.59                                 KURHFS 
  4222.156   23.0051     2.136     -3.68                                 KURHFS 
  4222.169 607.01214     3.714     -0.64               7.650                    
  4222.170   23.0051     2.136     -3.12                                 KURHFS 
  4222.170   23.0051     2.136     -3.55                                 KURHFS 
  4222.170   23.0051     2.136     -3.59                                 KURHFS 
  4222.186   23.0051     2.136     -3.01                                 KURHFS 
  4222.186   23.0051     2.136     -3.55                                 KURHFS 
  4222.186   23.0051     2.136     -3.57                                 KURHFS 
  4222.206   23.0051     2.136     -2.90                                 KURHFS 
  4222.206   23.0051     2.136     -3.57                                 KURHFS 
  4222.206   23.0051     2.136     -3.65                                 KURHFS 
  4222.210      66.0     1.141      0.61                                        
  4222.213      26.0     2.448     -0.97                                        
  4222.222   27.0059     3.102     -3.44                                 KURHFS 
  4222.222   27.0059     3.102     -3.44                                 KURHFS 
  4222.222   27.0059     3.102     -3.74                                 KURHFS 
  4222.228   23.0051     2.136     -2.78                                 KURHFS 
  4222.228   23.0051     2.136     -3.65                                 KURHFS 
  4222.228   23.0051     2.136     -3.87                                 KURHFS 
  4222.232   27.0059     3.102     -3.28                                 KURHFS 
  4222.232   27.0059     3.102     -3.31                                 KURHFS 
  4222.232   27.0059     3.102     -3.62                                 KURHFS 
  4222.247   27.0059     3.102     -3.02                                 KURHFS 
  4222.247   27.0059     3.102     -3.27                                 KURHFS 
  4222.247   27.0059     3.102     -3.87                                 KURHFS 
  4222.252   23.0051     2.136     -2.68                                 KURHFS 
  4222.252   23.0051     2.136     -3.87                                 KURHFS 
  4222.263 607.01214     3.405     -0.69               7.650                    
  4222.264   27.0059     3.102     -2.81                                 KURHFS 
  4222.264   27.0059     3.102     -3.43                                 KURHFS 
  4222.264   27.0059     3.102     -4.30                                 KURHFS 
  4222.276      22.0     1.459     -3.35                                        
  4222.293   23.0051     1.929     -2.56                                 KURHFS 
  4222.301   23.0051     1.929     -2.56                                 KURHFS 
  4222.301   23.0051     1.929     -2.73                                 KURHFS 
  4222.313   23.0051     1.929     -2.39                                 KURHFS 
  4222.313   23.0051     1.929     -2.86                                 KURHFS 
  4222.313   23.0051     1.929     -2.98                                 KURHFS 
  4222.319      23.1     6.517     -4.57                                        
  4222.329   23.0051     1.929     -2.38                                 KURHFS 
  4222.329   23.0051     1.929     -2.42                                 KURHFS 
  4222.329   23.0051     1.929     -3.41                                 KURHFS 
  4222.345      26.0     2.586     -8.22                                        
  4222.350   23.0051     1.929     -2.14                                 KURHFS 
  4222.350   23.0051     1.929     -2.55                                 KURHFS 
  4222.363 607.01214     3.405     -4.90               7.650                    
  4222.368      92.0     0.471     -0.09                                        
  4222.374   23.0051     1.929     -1.92                                 KURHFS 
  4222.381      40.1     1.207     -0.90                                        
  4222.382   23.0051     2.284     -5.75                                 KURHFS 
  4222.382   23.0051     2.284     -5.82                                 KURHFS 
  4222.382   23.0051     2.284     -6.45                                 KURHFS 
  4222.388   23.0051     2.284     -5.55                                 KURHFS 
  4222.388   23.0051     2.284     -5.55                                 KURHFS 
  4222.388   23.0051     2.284     -6.29                                 KURHFS 
  4222.397   23.0051     2.284     -5.35                                 KURHFS 
  4222.397   23.0051     2.284     -5.45                                 KURHFS 
  4222.397   23.0051     2.284     -6.29                                 KURHFS 
  4222.409   23.0051     2.284     -5.18                                 KURHFS 
  4222.409   23.0051     2.284     -5.40                                 KURHFS 
  4222.409   23.0051     2.284     -6.39                                 KURHFS 
  4222.409   27.0059     3.629     -5.57                                 KURHFS 
  4222.409      42.0     2.289     -1.80                                        
  4222.413   27.0059     3.629     -5.28                                 KURHFS 
  4222.413   27.0059     3.629     -5.54                                 KURHFS 
  4222.422   27.0059     3.629     -5.10                                 KURHFS 
  4222.422   27.0059     3.629     -5.54                                 KURHFS 
  4222.422   27.0059     3.629     -5.59                                 KURHFS 
  4222.424   23.0051     2.284     -5.03                                 KURHFS 
  4222.424   23.0051     2.284     -5.41                                 KURHFS 
  4222.424   23.0051     2.284     -6.59                                 KURHFS 
  4222.435 607.01214     3.900     -0.80               7.650                    
  4222.436   27.0059     3.629     -5.00                                 KURHFS 
  4222.436   27.0059     3.629     -5.15                                 KURHFS 
  4222.436   27.0059     3.629     -5.71                                 KURHFS 
  4222.442   23.0051     2.284     -4.90                                 KURHFS 
  4222.442   23.0051     2.284     -5.48                                 KURHFS 
  4222.442   23.0051     2.284     -6.99                                 KURHFS 
  4222.454   27.0059     3.629     -4.90                                 KURHFS 
  4222.454   27.0059     3.629     -4.98                                 KURHFS 
  4222.454   27.0059     3.629     -5.94                                 KURHFS 
  4222.456      20.0     4.677     -2.81                                        
  4222.460      23.1     6.096     -3.88                                        
  4222.463   23.0051     2.284     -4.79                                 KURHFS 
  4222.463   23.0051     2.284     -5.69                                 KURHFS 
  4222.471 607.01214     3.056     -1.37               7.650                    
  4222.476   27.0059     3.629     -4.70                                 KURHFS 
  4222.476   27.0059     3.629     -5.04                                 KURHFS 
  4222.476   27.0059     3.629     -6.35                                 KURHFS 
  4222.487   23.0051     2.284     -4.68                                 KURHFS 
  4222.503   27.0059     3.629     -4.53                                 KURHFS 
  4222.503   27.0059     3.629     -5.23                                 KURHFS 
  4222.519 607.01214     3.056     -1.41               7.650                    
  4222.530 607.01214     3.056     -3.77               7.650                    
  4222.534   27.0059     3.629     -4.39                                 KURHFS 
  4222.566      26.0     3.299     -7.20                                        
  4222.574      23.0     2.330     -1.67                               KURNOHFS 
  4222.596 607.01214     3.663     -0.78               7.650                    
  4222.597      58.1     0.122     -0.15                                 LAWLER 
  4222.602      23.1     5.791     -3.62                                        
  4222.620      20.0     4.621     -1.36                                        
  4222.648 607.01214     3.900     -0.81               7.650                    
  4222.673      69.0     1.087     -0.15                                        
  4222.674      41.0     1.156     -1.39                                        
  4222.693 607.01214     3.900     -4.46               7.650                    
  4222.694 607.01214     3.766     -0.90               7.650                    
  4222.711      23.0     3.236     -4.73                               KURNOHFS 
  4222.727      24.0     3.011     -0.98                                        
  4222.733      22.0     2.266     -4.41                                        
  4222.801 607.01214     3.826     -4.65               7.650                    
  4222.828 607.01214     3.826     -1.42               7.650                    
  4222.829      24.0     4.437     -3.55                                        
  4222.843 607.01214     3.663     -0.79               7.650                    
  4222.861   59.1141     0.055     -0.77                                 IV/LAW 
  4222.861   59.1141     0.055     -0.81                                 LI/LAW 
  4222.879   59.1141     0.055     -0.69                                 IV/LAW 
  4222.879   59.1141     0.055     -0.72                                 LI/LAW 
  4222.901   59.1141     0.055     -1.68                                 IV/LAW 
  4222.901   59.1141     0.055     -1.72                                 LI/LAW 
  4222.903   59.1141     0.055     -0.60                                 IV/LAW 
  4222.903   59.1141     0.055     -0.64                                 LI/LAW 
  4222.930   59.1141     0.055     -1.48                                 IV/LAW 
  4222.930   59.1141     0.055     -1.52                                 LI/LAW 
  4222.933 607.01214     3.766     -0.90               7.650                    
  4222.934   59.1141     0.055     -0.52                                 IV/LAW 
  4222.934   59.1141     0.055     -0.56                                 LI/LAW 
  4222.952   59.1141     0.055     -3.09                                 IV/LAW 
  4222.952   59.1141     0.055     -3.13                                 LI/LAW 
  4222.960      42.0     3.196     -1.17                                        
  4222.963   23.0051     2.314     -2.28                                 KURHFS 
  4222.963 607.01214     3.826     -1.43               7.650                    
  4222.964   23.0051     2.314     -2.20                                 KURHFS 
  4222.964   23.0051     2.314     -3.00                                 KURHFS 
  4222.965   59.1141     0.055     -1.43                                 IV/LAW 
  4222.965   59.1141     0.055     -1.47                                 LI/LAW 
  4222.966   23.0051     2.314     -2.11                                 KURHFS 
  4222.966   23.0051     2.314     -2.79                                 KURHFS 
  4222.966   23.0051     2.314     -4.22                                 KURHFS 
  4222.967 607.01214     3.663     -5.14               7.650                    
  4222.968   23.0051     2.314     -2.03                                 KURHFS 
  4222.968   23.0051     2.314     -2.69                                 KURHFS 
  4222.968   23.0051     2.314     -3.98                                 KURHFS 
  4222.970   23.0051     2.314     -1.95                                 KURHFS 
  4222.970   23.0051     2.314     -2.66                                 KURHFS 
  4222.970   23.0051     2.314     -3.94                                 KURHFS 
  4222.971   59.1141     0.055     -0.44                                 IV/LAW 
  4222.971   59.1141     0.055     -0.48                                 LI/LAW 
  4222.972   23.0051     2.314     -1.87                                 KURHFS 
  4222.972   23.0051     2.314     -2.68                                 KURHFS 
  4222.972   23.0051     2.314     -4.00                                 KURHFS 
  4222.976   23.0051     2.314     -1.79                                 KURHFS 
  4222.976   23.0051     2.314     -2.77                                 KURHFS 
  4222.976   23.0051     2.314     -4.19                                 KURHFS 
  4222.979   23.0051     2.314     -1.72                                 KURHFS 
  4222.979   23.0051     2.314     -2.99                                 KURHFS 
  4222.979   23.0051     2.314     -4.57                                 KURHFS 
  4222.992   59.1141     0.055     -2.93                                 IV/LAW 
  4222.992   59.1141     0.055     -2.96                                 LI/LAW 
  4223.007   59.1141     0.055     -1.48                                 IV/LAW 
  4223.007   59.1141     0.055     -1.51                                 LI/LAW 
  4223.015   59.1141     0.055     -0.37                                 IV/LAW 
  4223.015   59.1141     0.055     -0.40                                 LI/LAW 
  4223.017      64.1     1.526     -0.80                                        
  4223.018 607.01214     3.306     -0.69               7.650                    
  4223.039   59.1141     0.055     -3.00                                 IV/LAW 
  4223.039   59.1141     0.055     -3.03                                 LI/LAW 
  4223.040      22.0     2.316     -3.04                                        
  4223.047      22.0     1.732     -6.15                                        
  4223.055      23.0     2.503     -7.72                               KURNOHFS 
  4223.056   59.1141     0.055     -1.67                                 IV/LAW 
  4223.056   59.1141     0.055     -1.71                                 LI/LAW 
  4223.068 607.01214     3.766     -5.32               7.650                    
  4223.086 106.00112     0.786     -1.31               3.470               Plez 
  4223.093   59.1141     0.055     -3.32                                 IV/LAW 
  4223.093   59.1141     0.055     -3.35                                 LI/LAW 
  4223.104 106.00112     0.786     -1.34               3.470               Plez 
  4223.127 106.00113     0.786     -3.47               3.470               Plez 
  4223.148 106.00112     0.786     -3.47               3.470               Plez 
  4223.184      25.1     5.544     -4.05                                        
  4223.189      20.0     4.776     -3.99                                        
  4223.200      60.1     0.380     -1.27                                 LAWLER 
  4223.234      26.0     2.452     -4.02                                        
  4223.239 607.01214     3.475     -0.73               7.650                    
  4223.243      25.1     5.832     -4.52                                        
  4223.244 607.01214     3.306     -0.70               7.650                    
  4223.257      24.0     4.851     -0.56                                        
  4223.314 607.01214     3.306     -4.65               7.650                    
  4223.340      26.0     4.298     -1.88                                        
  4223.341      23.0     2.503     -5.80                               KURNOHFS 
  4223.429 607.01214     3.097     -3.96               7.650                    
  4223.437 106.00113     1.382     -4.97               3.470               Plez 
  4223.446 607.01214     3.097     -1.19               7.650                    
  4223.452      24.0     3.011     -2.00                                        
  4223.456 607.01214     3.475     -0.73               7.650                    
  4223.491 106.00113     0.786     -1.31               3.470               Plez 
  4223.494 106.00112     0.359     -1.35               3.470               Plez 
  4223.498 106.00113     0.786     -1.34               3.470               Plez 
  4223.513 607.01214     3.097     -1.22               7.650                    
  4223.513 607.01214     3.475     -4.54               7.650                    
  4223.516      27.1     5.171     -3.59                                        
  4223.538 607.01214     3.791     -1.10               7.650                    
  4223.571 106.00112     0.359     -1.32               3.470               Plez 
  4223.599 607.01214     3.992     -1.72               7.650                    
  4223.614      25.1     5.369     -4.52                                        
  4223.628 106.00112     0.359     -3.40               3.470               Plez 
  4223.684      24.0     2.542     -6.71                                        
  4223.707 106.00113     0.359     -3.40               3.470               Plez 
  4223.710      62.1     0.333     -1.27                                 LAWLER 
  4223.729      26.0     2.947     -2.91                                        
  4223.737 607.01214     3.992     -1.73               7.650                    
  4223.757      26.1     7.562     -4.68                                        
  4223.761 607.01214     3.992     -4.89               7.650                    
  4223.762 607.01214     3.791     -1.11               7.650                    
  4223.773      27.0     2.955     -2.51                               KURNOHFS 
  4223.780      28.0     3.844     -1.80                                        
  4223.860 106.00112     1.382     -4.97               3.470               Plez 
  4223.877 607.01214     3.306     -1.28               7.650                    
  4223.881      58.1     0.529     -0.92                                 LAWLER 
  4223.917      42.0     2.913     -1.95                                        
  4223.935      21.0     3.055     -4.21                               KURNOHFS 
  4223.959 607.01214     3.306     -1.30               7.650                    
  4223.971 106.00113     0.359     -1.35               3.470               Plez 
  4223.976 607.01214     3.306     -4.10               7.650                    
  4224.010      28.1     3.602     -5.08                                        
  4224.019      20.0     6.024     -3.05                                        
  4224.036      20.0     4.760     -2.31                                        
  4224.076 106.00113     0.359     -1.32               3.470               Plez 
  4224.078      24.0     3.373     -2.81                                        
  4224.087      24.1     3.855     -3.53                                        
  4224.088   23.0051     1.948     -2.31                                 KURHFS 
  4224.091   23.0051     1.948     -2.05                                 KURHFS 
  4224.091   23.0051     1.948     -2.25                                 KURHFS 
  4224.094      23.1     6.097     -3.43                                        
  4224.096   23.0051     1.948     -1.85                                 KURHFS 
  4224.096   23.0051     1.948     -2.05                                 KURHFS 
  4224.096   23.0051     1.948     -2.95                                 KURHFS 
  4224.103      23.0     3.236     -3.63                               KURNOHFS 
  4224.104   23.0051     1.948     -1.68                                 KURHFS 
  4224.104   23.0051     1.948     -1.95                                 KURHFS 
  4224.104   23.0051     1.948     -2.79                                 KURHFS 
  4224.114   23.0051     1.948     -1.53                                 KURHFS 
  4224.114   23.0051     1.948     -1.90                                 KURHFS 
  4224.114   23.0051     1.948     -2.79                                 KURHFS 
  4224.128   23.0051     1.948     -1.40                                 KURHFS 
  4224.128   23.0051     1.948     -1.91                                 KURHFS 
  4224.128   23.0051     1.948     -2.89                                 KURHFS 
  4224.144   23.0051     1.948     -1.29                                 KURHFS 
  4224.144   23.0051     1.948     -1.98                                 KURHFS 
  4224.144   23.0051     1.948     -3.09                                 KURHFS 
  4224.162   23.0051     1.948     -1.18                                 KURHFS 
  4224.162   23.0051     1.948     -2.19                                 KURHFS 
  4224.162   23.0051     1.948     -3.49                                 KURHFS 
  4224.171      26.0     3.366     -0.41                                        
  4224.193      26.0     2.938     -7.27                                        
  4224.196 607.01214     3.723     -4.61               7.650                    
  4224.203 106.00112     1.080     -7.54               3.470               Plez 
  4224.223      42.0     1.334     -3.60                                        
  4224.226      26.0     4.442     -2.42                                        
  4224.237      20.0     5.989     -2.59                                        
  4224.240      62.1     0.434     -1.81                                 LAWLER 
  4224.241      90.1     0.189     -2.43                                        
  4224.262      64.0     0.927     -0.43                                        
  4224.263 607.01214     3.723     -0.66               7.650                    
  4224.293      26.0     4.100     -1.59                                        
  4224.297      26.0     4.280     -1.72                                        
  4224.299      40.1     0.757     -1.40                                        
  4224.306      24.0     2.542     -5.58                                        
  4224.308 607.01214     3.757     -4.73               7.650                    
  4224.324      25.0     4.723     -1.61                                        
  4224.390      22.0     1.979     -4.88                                        
  4224.394 607.01214     3.757     -0.61               7.650                    
  4224.428      23.1     2.898     -4.07                                        
  4224.459 607.01214     3.303     -0.68               7.650                    
  4224.464      27.0     2.875     -3.11                               KURNOHFS 
  4224.508 607.01214     3.723     -0.67               7.650                    
  4224.511      24.0     4.609     -1.01                                        
  4224.513      26.0     3.428     -1.02                                        
  4224.515      24.0     3.085     -0.79                                        
  4224.521      23.1     1.684     -2.65                                        
  4224.521      27.1     5.042     -4.74                                        
  4224.532 607.01214     3.724     -1.49               7.650                    
  4224.560      58.1     1.140     -0.87                                        
  4224.579   23.0051     2.294     -3.99                                 KURHFS 
  4224.579   23.0051     2.294     -4.19                                 KURHFS 
  4224.580   23.0051     2.294     -3.96                                 KURHFS 
  4224.580   23.0051     2.294     -3.98                                 KURHFS 
  4224.580   23.0051     2.294     -4.19                                 KURHFS 
  4224.581   23.0051     2.294     -3.84                                 KURHFS 
  4224.581   23.0051     2.294     -3.86                                 KURHFS 
  4224.581   23.0051     2.294     -3.96                                 KURHFS 
  4224.583   23.0051     2.294     -3.67                                 KURHFS 
  4224.583   23.0051     2.294     -3.82                                 KURHFS 
  4224.583   23.0051     2.294     -3.86                                 KURHFS 
  4224.585   23.0051     2.294     -3.50                                 KURHFS 
  4224.585   23.0051     2.294     -3.82                                 KURHFS 
  4224.585   23.0051     2.294     -3.83                                 KURHFS 
  4224.587   23.0051     2.294     -3.34                                 KURHFS 
  4224.587   23.0051     2.294     -3.83                                 KURHFS 
  4224.587   23.0051     2.294     -3.91                                 KURHFS 
  4224.590   23.0051     2.294     -3.19                                 KURHFS 
  4224.590   23.0051     2.294     -3.91                                 KURHFS 
  4224.590   23.0051     2.294     -4.12                                 KURHFS 
  4224.593   23.0051     2.294     -3.06                                 KURHFS 
  4224.593   23.0051     2.294     -4.12                                 KURHFS 
  4224.627      26.0     2.756     -4.23                                        
  4224.656      26.0     4.442     -3.89                                        
  4224.661 607.01214     3.757     -0.62               7.650                    
  4224.698 607.01214     3.303     -0.69               7.650                    
  4224.736 607.01214     3.724     -1.49               7.650                    
  4224.753      42.0     2.834     -2.01                                        
  4224.753      74.0     2.965     -0.08                                        
  4224.784      22.0     2.776      0.05                                        
  4224.786 607.01214     3.303     -4.80               7.650                    
  4224.822      27.0     3.407     -3.29                               KURNOHFS 
  4224.840      60.1     0.630     -0.90                                 LAWLER 
  4224.854 106.00112     0.360     -1.35               3.470               Plez 
  4224.860      24.1     5.326     -1.73                                        
  4224.874 106.00112     0.360     -1.32               3.470               Plez 
  4224.880      24.0     2.980     -8.39                                        
  4224.885 106.00113     1.381     -4.97               3.470               Plez 
  4224.888 106.00113     1.107     -7.58               3.470               Plez 
  4224.903 106.00112     0.806     -3.99               3.470               Plez 
  4224.923      42.0     3.185     -1.77                                        
  4224.931 106.00112     0.360     -3.40               3.470               Plez 
  4224.940      23.1     1.678     -3.37                                        
  4224.961      26.0     4.140     -3.07                                        
  4225.003      25.0     3.370     -4.91                               KURNOHFS 
