Th II    4094       line list
  4092.715      58.1     0.721    -0.834
  4092.715      64.0     0.213    -0.073
  4092.723      26.1     9.729    -4.192
  4092.823      23.1     6.052    -4.009
  4092.853      27.0     2.006     -1.80                                    ADJ
  4092.898      68.0     0.624    -0.116
  4092.980 106.00112     0.408    -4.258               3.470
  4093.020      24.0     3.847     -2.50                                    ADJ
  4093.037      27.0     3.626    -0.623
  4093.037      62.1     0.434    -1.952
  4093.057      28.0     4.232     -1.30                                    ADJ
  4093.109      28.1     8.544    -3.056
  4093.116      21.0     1.994    -1.910
  4093.140      40.0     0.542    -1.590
  4093.165      72.1     0.452    -1.090
  4093.229      26.1     6.698    -3.102
  4093.266      26.0     4.175     -2.50                                    ADJ
  4093.287      58.0     0.274    -0.275
  4093.313      24.0     3.844    -2.662
  4093.347      27.0     3.684    -2.537
  4093.367      22.0     1.738    -6.166
  4093.392      90.1     0.908    -1.478
  4093.420      26.0      3.50    -8.00                                    FAKE
  4093.458      28.1     9.581    -2.445
  4093.478      23.0     2.121    -1.193
  4093.480      23.0     1.182     -1.20                                    ADJ
  4093.486      22.0     2.406    -6.812
  4093.520      24.0     2.985    -5.703
  4093.545      21.0     2.294    -2.453
  4093.545      26.0     4.309    -3.452
  4093.602      26.0     3.036    -7.985
  4093.613      58.1     1.353     -1.07                                BIEMONT
  4093.625      28.0     0.165    -5.690
  4093.636      66.0     1.055    -0.223
  4093.662      26.1     7.562    -3.378
  4093.712 106.00112     1.430    -2.928               3.470
  4093.720      64.0     0.920     0.216
  4093.788      25.1     5.811    -6.010
  4093.827 106.00112     1.430    -2.954               3.470
  4093.834      26.0     2.690    -5.703
  4093.956      21.0     4.419    -2.556
  4093.956      58.1     0.529     -1.79                                BIEMONT
  4093.965      26.0      3.50    -8.00                                    FAKE
  4093.971      20.0     6.003    -2.187
  4094.012      26.1     6.218    -4.177
  4094.030      62.1     0.333     -1.15                                 LAWLER
  4094.030      20.0     5.878    -3.202
  4094.045      25.0     5.108     -0.80                                    ADJ
  4094.093      28.0     3.696     -1.10                                    ADJ
  4094.132      23.1     6.277    -1.843
  4094.154      27.1     7.614    -2.013
  4094.181      69.0     0.000     0.134
  4094.182      22.0     2.693    -4.146
  4094.190      26.0      3.50    -8.000                                   FAKE
  4094.214      27.0     3.512    -4.010
  4094.249      23.0     2.136    -0.838
  4094.263      40.0     1.529    -0.280
  4094.311      23.0     2.129     -0.10                                    ADJ
  4094.382      23.1     2.759    -3.241
  4094.407      25.1     5.376    -2.580
  4094.407      25.0     4.191    -3.880
  4094.422      26.0     3.637     -2.10                              adj-2.10 
  4094.437      26.0     4.206    -2.102
  4094.456      25.0     4.751    -3.602
  4094.465      42.0     3.440    -1.032
  4094.475      64.1     0.522     -0.85                              Lawler   
  4094.519      22.0     2.576    -3.702
  4094.596      22.0     2.304    -3.457
  4094.605      23.1     6.037    -4.141
  4094.632      60.1     1.374     0.000
  4094.605      24.0     3.102    -1.650
  4094.635      25.0     4.191    -3.765
  4094.670      68.1     0.000     -1.85                                    ADJ
  4094.663      24.0     3.419    -4.406
  4094.697 106.00112     0.458    -1.948               3.470          adj-1.948
  4094.708      26.0     4.100     -3.00                                    ADJ
  4094.747      90.1     0.000    -0.885                              Nilsson02
  4094.778      28.1     9.405    -2.326
  4094.779      23.0     2.503    -6.348
  4094.830      26.0      3.50    -8.000                                   FAKE
  4094.866      21.0     2.000    -0.923
  4094.891      92.1     0.548    -1.491
  4094.930      20.0     2.521    -0.690       5.0
  4094.952      24.0     3.110     -2.75                                    ADJ
  4094.960      59.1     0.204    -1.261
  4094.961      24.0     3.085    -1.738
  4094.962      20.0     2.521    -1.590
  4094.996 106.00112     0.458    -1.899               3.470
  4095.033      26.0     3.639    -4.618
  4095.038      25.0     4.350    -0.651
  4095.128      24.1     8.043    -2.065
  4095.188      26.1     9.749    -3.341
  4095.239      27.0     3.729    -3.519
  4095.244      25.0     4.791    -0.013
  4095.256      58.1     0.811     -1.38                                BIEMONT
  4095.276      26.0     4.188    -1.40                               NI/C-1.40
  4095.266      20.0     5.879    -3.780
  4095.274      28.0     3.737    -3.204
  4095.280      42.0     3.387    -1.551
  4095.350      26.0      3.50    -8.00                                    FAKE
  4095.418      60.1     1.519    -0.080
  4095.474      23.0     1.063    +0.16                               NI/C+0.16
  4095.485      26.0     4.281     -1.70                                    ADJ
  4095.536      73.1     1.458    -0.920
  4095.548      41.0     1.661    -0.750
  4095.589      27.0     3.629    -3.537
  4095.603      27.0     2.716    -3.356
  4095.647      23.1     3.755    -6.400
  4095.690      74.0     2.107    -0.610
  4095.770      92.1     0.778    -0.824
  4095.786      24.0     4.528    -2.114
  4095.809      58.1     0.932     -1.50                                BIEMONT
  4095.819      23.0     2.573    -1.954
  4095.861      58.1     0.536     -1.46                                BIEMONT
  4095.896      42.0     3.154    -1.759
  4095.927      27.0     3.629    -0.420
  4095.936      22.0     2.101    -4.017
  4095.966      26.0     4.368    -3.509
 4095.9702      26.0     2.586    -1.477                              OBr-1.477
  4096.012      27.0     2.278    -5.016
  4096.012      20.0     3.907    -2.888
  4096.020      60.1     0.182     -0.74                                 LAWLER
  4096.096      66.0     1.597     0.970
  4096.107      26.0     3.637     -1.50                                    ADJ
  4096.124      60.1     0.320    -0.760
  4096.126      20.0     4.677    -4.577
  4096.147      23.0     2.682    -2.330
  4096.206      22.0     2.115    -4.016
  4096.206      24.0     2.913    -3.665
  4096.209      26.0     0.957    -4.865
  4096.207 106.00112     0.557    -1.535               3.470
  4096.212 106.00112     0.557    -1.497               3.470
  4096.308      23.0     3.252    -2.792
  4096.350      92.0     0.870     0.157
  4096.363      27.1     8.366    -3.317
  4096.466      23.0     0.040    -3.888
  4096.478      28.0     3.696     -1.80                                    ADJ
  4096.489      25.0     5.487    -3.110
  4096.570      27.1     5.051    -2.044
  4096.610      40.1     0.558    -1.565
  4096.610      27.0     3.710    -2.022
  4096.622      66.0     1.568     0.353
  4096.630      25.0     4.662    -1.300
  4096.633      26.0     3.249    -6.010
  4096.654      26.0     3.366    -2.455
  4096.660      25.0     4.357    -1.455
  4096.692      26.0     3.632    -3.557
  4096.694      60.1     0.182    -1.330
  4096.732      26.0     3.412    -3.996
