Y II     4398.0       line list
  4395.033      22.1     1.083     -0.66                                        
  4395.174      27.1     5.085     -3.12                                        
  4395.183      22.0     3.212     -2.28                                        
  4395.203      26.0     3.981     -3.36                                        
  4395.205      40.0     0.542     -1.45                                        
  4395.210   23.0051     0.267     -1.22                                 KURHFS 
  4395.210   23.0051     0.267     -1.22                                 KURHFS 
  4395.210   23.0051     0.267     -1.52                                 KURHFS 
  4395.218   23.0051     0.267     -1.06                                 KURHFS 
  4395.218   23.0051     0.267     -1.09                                 KURHFS 
  4395.218   23.0051     0.267     -1.40                                 KURHFS 
  4395.228   23.0051     0.267     -0.80                                 KURHFS 
  4395.228   23.0051     0.267     -1.05                                 KURHFS 
  4395.228   23.0051     0.267     -1.65                                 KURHFS 
  4395.241   23.0051     0.267     -0.59                                 KURHFS 
  4395.241   23.0051     0.267     -1.21                                 KURHFS 
  4395.241   23.0051     0.267     -2.08                                 KURHFS 
  4395.274      26.0     3.651     -1.83                                        
  4395.285      26.1     7.697     -3.21                                        
  4395.401      24.0     3.008     -1.94                                        
  4395.430      24.0     3.011     -3.45                                        
  4395.435      26.0     2.452     -6.06                                        
  4395.466      22.0     1.872     -1.67                                        
  4395.499      26.0     3.881     -2.05                                        
  4395.500      60.1     0.742     -1.26                                 LAWLER 
  4395.524      26.0     4.280     -3.75                                        
  4395.548      26.0     3.881     -2.90                                        
  4395.610      24.0     3.011     -3.16                                        
  4395.639      22.1     5.008     -4.38                                        
  4395.678      23.1     1.792     -6.82                                        
  4395.760      59.1     0.422     -1.36                                LINOHFS 
  4395.780      20.0     5.979     -4.86                                        
  4395.817   27.0059     2.540     -4.88                                 KURHFS 
  4395.817   27.0059     2.540     -4.88                                 KURHFS 
  4395.817   27.0059     2.540     -5.18                                 KURHFS 
  4395.840   27.0059     2.540     -4.71                                 KURHFS 
  4395.840   27.0059     2.540     -4.74                                 KURHFS 
  4395.840   27.0059     2.540     -5.05                                 KURHFS 
  4395.850      22.1     1.242     -2.17                                        
  4395.852      24.0     3.085     -3.94                                        
  4395.871   27.0059     2.540     -4.45                                 KURHFS 
  4395.871   27.0059     2.540     -4.70                                 KURHFS 
  4395.871   27.0059     2.540     -5.30                                 KURHFS 
  4395.885      20.0     5.979     -6.58                                        
  4395.910   27.0059     2.540     -4.24                                 KURHFS 
  4395.910   27.0059     2.540     -4.86                                 KURHFS 
  4395.910   27.0059     2.540     -5.73                                 KURHFS 
  4395.910      60.1     0.550     -1.44                                 LAWLER 
  4395.925      21.0     2.507     -0.85                               KURNOHFS 
  4395.956      69.0     1.892      0.08                                        
  4395.985      21.0     2.144     -2.61                               KURNOHFS 
  4395.990      26.0     4.253     -4.38                                        
  4396.164      24.0     3.446     -2.81                                        
  4396.221      23.1     7.932     -3.40                                        
  4396.299      21.0     3.170     -4.10                               KURNOHFS 
  4396.358      26.0     4.577     -2.94                                        
  4396.365      42.0     3.277    -10.00                                        
  4396.367      26.0     4.383     -3.51                                        
  4396.434   27.0059     4.061     -5.07                                 KURHFS 
  4396.434   27.0059     4.061     -5.33                                 KURHFS 
  4396.434   27.0059     4.061     -5.36                                 KURHFS 
  4396.447   27.0059     4.061     -4.88                                 KURHFS 
  4396.447   27.0059     4.061     -4.94                                 KURHFS 
  4396.447   27.0059     4.061     -5.33                                 KURHFS 
  4396.459   23.0051     2.377     -2.72                                 KURHFS 
  4396.466   23.0051     2.377     -3.04                                 KURHFS 
  4396.466   23.0051     2.377     -3.19                                 KURHFS 
  4396.467      21.0     2.507     -2.35                               KURNOHFS 
  4396.467   27.0059     4.061     -4.68                                 KURHFS 
  4396.467   27.0059     4.061     -4.79                                 KURHFS 
  4396.467   27.0059     4.061     -5.38                                 KURHFS 
  4396.472   23.0051     2.377     -3.04                                 KURHFS 
  4396.472   23.0051     2.377     -3.52                                 KURHFS 
  4396.477   23.0051     2.377     -3.06                                 KURHFS 
  4396.479      90.1     1.123     -1.46                                        
  4396.494   27.0059     4.061     -4.49                                 KURHFS 
  4396.494   27.0059     4.061     -4.77                                 KURHFS 
  4396.494   27.0059     4.061     -5.50                                 KURHFS 
  4396.496      69.0     1.087     -0.65                                        
  4396.528   27.0059     4.061     -4.32                                 KURHFS 
  4396.528   27.0059     4.061     -4.83                                 KURHFS 
  4396.528   27.0059     4.061     -5.73                                 KURHFS 
  4396.545      58.1     0.869     -0.96                                        
  4396.562      24.0     3.085     -3.03                                        
  4396.565      26.0     4.577     -4.12                                        
  4396.568   27.0059     4.061     -4.18                                 KURHFS 
  4396.568   27.0059     4.061     -5.02                                 KURHFS 
  4396.568   27.0059     4.061     -6.14                                 KURHFS 
  4396.608      21.0     3.081     -3.11                               KURNOHFS 
  4396.609      58.1     0.559     -1.39                                 LAWLER 
  4396.663      42.0     3.075     -0.57                                        
  4396.701      27.0     2.716     -2.91                               KURNOHFS 
  4396.716      20.0     6.009     -4.07                                        
  4396.803      75.0     2.023     -2.16                                        
  4396.805      23.1     6.551     -3.31                                        
  4396.907      28.0     3.539     -2.30                                        
  4396.944      27.1     5.065     -2.60                                        
  4397.035      41.0     1.499     -0.87                                        
  4397.041   25.0055     3.133     -5.67                                 KURHFS 
  4397.048   25.0055     3.133     -5.58                                 KURHFS 
  4397.048   25.0055     3.133     -6.47                                 KURHFS 
  4397.059   25.0055     3.133     -5.48                                 KURHFS 
  4397.059   25.0055     3.133     -6.28                                 KURHFS 
  4397.059   25.0055     3.133     -7.79                                 KURHFS 
  4397.071   25.0055     3.133     -5.39                                 KURHFS 
  4397.071   25.0055     3.133     -6.22                                 KURHFS 
  4397.071   25.0055     3.133     -7.63                                 KURHFS 
  4397.087   25.0055     3.133     -5.30                                 KURHFS 
  4397.087   25.0055     3.133     -6.27                                 KURHFS 
  4397.087   25.0055     3.133     -7.71                                 KURHFS 
  4397.105   25.0055     3.133     -5.22                                 KURHFS 
  4397.105   25.0055     3.133     -6.46                                 KURHFS 
  4397.105   25.0055     3.133     -8.04                                 KURHFS 
  4397.109      21.0     2.318     -2.50                               KURNOHFS 
  4397.183      58.1     0.875     -1.79                                 LAWLER 
  4397.225      27.0     4.046     -3.12                               KURNOHFS 
  4397.236      24.0     3.009     -1.06                                        
  4397.265      76.0     1.746     -1.29                                        
  4397.276      58.1     0.899     -1.30                                 LAWLER 
  4397.277      26.1     2.690     -6.30                                        
  4397.291      42.0     2.258     -1.10                                        
  4397.298      23.0     2.357     -1.08                               KURNOHFS 
  4397.343      62.0     0.101     -0.64                                        
  4397.364      21.0     2.138     -3.21                               KURNOHFS 
  4397.365   23.0051     1.847     -3.04                                 KURHFS 
  4397.365   23.0051     1.847     -3.24                                 KURHFS 
  4397.365   23.0051     1.847     -3.24                                 KURHFS 
  4397.365   23.0051     1.847     -3.44                                 KURHFS 
  4397.365   23.0051     1.847     -3.50                                 KURHFS 
  4397.365   23.0051     1.847     -4.14                                 KURHFS 
  4397.366   23.0051     1.847     -2.87                                 KURHFS 
  4397.366   23.0051     1.847     -3.14                                 KURHFS 
  4397.366   23.0051     1.847     -3.98                                 KURHFS 
  4397.367   23.0051     1.847     -2.72                                 KURHFS 
  4397.367   23.0051     1.847     -3.09                                 KURHFS 
  4397.367   23.0051     1.847     -3.98                                 KURHFS 
  4397.368   23.0051     1.847     -2.59                                 KURHFS 
  4397.368   23.0051     1.847     -3.10                                 KURHFS 
  4397.368   23.0051     1.847     -4.08                                 KURHFS 
  4397.369   23.0051     1.847     -2.48                                 KURHFS 
  4397.369   23.0051     1.847     -3.17                                 KURHFS 
  4397.369   23.0051     1.847     -4.28                                 KURHFS 
  4397.371   23.0051     1.847     -2.37                                 KURHFS 
  4397.371   23.0051     1.847     -3.38                                 KURHFS 
  4397.371   23.0051     1.847     -4.68                                 KURHFS 
  4397.417      68.0     1.332      0.02                                        
  4397.510      64.1     1.232     -0.37                                 LAWLER 
  4397.670      60.1     0.559     -1.48                                 LAWLER 
  4397.713      22.0     2.493     -0.82                                        
  4397.738      26.0     4.175     -3.70                                        
  4397.797      44.0     1.130     -1.36                                        
  4397.808   23.0051     2.357     -2.04                                 KURHFS 
  4397.808   23.0051     2.357     -2.30                                 KURHFS 
  4397.808   23.0051     2.357     -2.33                                 KURHFS 
  4397.814   23.0051     2.357     -1.86                                 KURHFS 
  4397.814   23.0051     2.357     -1.91                                 KURHFS 
  4397.814   23.0051     2.357     -2.30                                 KURHFS 
  4397.823   23.0051     2.357     -1.66                                 KURHFS 
  4397.823   23.0051     2.357     -1.76                                 KURHFS 
  4397.823   23.0051     2.357     -2.35                                 KURHFS 
  4397.835   23.0051     2.357     -1.46                                 KURHFS 
  4397.835   23.0051     2.357     -1.74                                 KURHFS 
  4397.835   23.0051     2.357     -2.48                                 KURHFS 
  4397.850   23.0051     2.357     -1.29                                 KURHFS 
  4397.850   23.0051     2.357     -1.80                                 KURHFS 
  4397.850   23.0051     2.357     -2.70                                 KURHFS 
  4397.869   23.0051     2.357     -1.15                                 KURHFS 
  4397.869   23.0051     2.357     -1.99                                 KURHFS 
  4397.869   23.0051     2.357     -3.11                                 KURHFS 
  4397.915      90.1     0.830     -1.67                                        
  4397.931      26.1     6.133     -3.65                                        
  4397.946      23.1     6.517     -2.94                                        
  4397.972      26.0     4.577     -1.14                                        
  4398.010      39.1     0.129     -1.00                                BIEMONT 
  4398.013      60.1     0.630     -1.30                                        
  4398.073      22.0     0.899     -2.99                                        
  4398.095      27.1     7.881     -1.86                                        
  4398.122      21.0     2.000     -3.05                               KURNOHFS 
  4398.135      22.0     3.137     -3.54                                        
  4398.214   25.0055     2.886    -10.20                                 KURHFS 
  4398.214   25.0055     2.886    -11.29                                 KURHFS 
  4398.214   25.0055     2.886    -12.71                                 KURHFS 
  4398.219   25.0055     2.886    -10.30                                 KURHFS 
  4398.219   25.0055     2.886    -11.10                                 KURHFS 
  4398.219   25.0055     2.886    -12.37                                 KURHFS 
  4398.223   25.0055     2.886    -10.41                                 KURHFS 
  4398.223   25.0055     2.886    -11.06                                 KURHFS 
  4398.223   25.0055     2.886    -12.27                                 KURHFS 
  4398.226   25.0055     2.886    -10.53                                 KURHFS 
  4398.226   25.0055     2.886    -11.12                                 KURHFS 
  4398.226   25.0055     2.886    -12.40                                 KURHFS 
  4398.228   25.0055     2.886    -10.66                                 KURHFS 
  4398.228   25.0055     2.886    -11.31                                 KURHFS 
  4398.230   25.0055     2.886    -10.80                                 KURHFS 
  4398.271      22.1     1.223     -2.39                                        
  4398.279      22.0     2.394     -3.31                                        
  4398.390      24.0     3.094     -3.41                                        
  4398.404      26.0     4.603     -1.93                                        
  4398.444      73.0     0.249     -1.99                                        
  4398.498      23.1     3.325     -2.39                                        
  4398.616      28.0     3.541     -1.82                                        
  4398.783      58.1     0.553     -0.76                                 LAWLER 
  4398.813      23.0     2.721     -1.64                               KURNOHFS 
  4398.855      22.0     3.125     -3.90                                        
  4399.016      24.0     5.207     -1.59                                        
  4399.094      90.1     2.514     -0.23                                        
  4399.186   27.0059     3.684     -3.11                                 KURHFS 
  4399.186   27.0059     3.684     -3.95                                 KURHFS 
  4399.186   27.0059     3.684     -5.07                                 KURHFS 
  4399.200      58.1     0.326     -0.44                                 LAWLER 
  4399.209   27.0059     3.684     -3.25                                 KURHFS 
  4399.209   27.0059     3.684     -3.76                                 KURHFS 
  4399.209   27.0059     3.684     -4.66                                 KURHFS 
  4399.228   27.0059     3.684     -3.42                                 KURHFS 
  4399.228   27.0059     3.684     -3.70                                 KURHFS 
  4399.228   27.0059     3.684     -4.44                                 KURHFS 
  4399.233      42.0     3.779     -1.06                                        
  4399.244   27.0059     3.684     -3.62                                 KURHFS 
  4399.244   27.0059     3.684     -3.73                                 KURHFS 
  4399.244   27.0059     3.684     -4.31                                 KURHFS 
  4399.255   27.0059     3.684     -3.82                                 KURHFS 
  4399.255   27.0059     3.684     -3.87                                 KURHFS 
  4399.255   27.0059     3.684     -4.26                                 KURHFS 
  4399.256      26.0     3.299     -8.32                                        
  4399.263   27.0059     3.684     -4.00                                 KURHFS 
  4399.263   27.0059     3.684     -4.26                                 KURHFS 
  4399.263   27.0059     3.684     -4.29                                 KURHFS 
  4399.268      26.0     4.431     -1.68                                        
  4399.272      26.0     2.829     -3.55                                        
  4399.396      40.1     0.971     -1.90                                        
  4399.406      26.0     4.604     -3.21                                        
  4399.413   23.0051     1.050     -3.33                                 KURHFS 
  4399.413   23.0051     1.050     -3.33                                 KURHFS 
  4399.413   23.0051     1.050     -3.45                                 KURHFS 
  4399.413   23.0051     1.050     -3.46                                 KURHFS 
  4399.413   23.0051     1.050     -3.46                                 KURHFS 
  4399.413   23.0051     1.050     -3.63                                 KURHFS 
  4399.413   23.0051     1.050     -3.65                                 KURHFS 
  4399.414   23.0051     1.050     -3.04                                 KURHFS 
  4399.414   23.0051     1.050     -3.45                                 KURHFS 
  4399.415      24.0     3.085     -3.92                                        
  4399.415      77.0     2.052     -0.92                                        
  4399.454      21.0     2.134     -2.77                               KURNOHFS 
  4399.474      58.1     0.869     -1.56                                 LAWLER 
  4399.542      58.1     0.932     -1.30                                 LAWLER 
  4399.580      66.1     1.460     -2.01                                 LAWLER 
  4399.590      44.0     1.192     -1.88                                        
  4399.593      28.0     3.844     -1.22                                        
  4399.646      23.1     6.529     -3.31                                        
  4399.715      26.0     4.217     -2.21                                        
  4399.723      69.0     2.336      0.18                                        
  4399.772      22.1     1.236     -1.27                                        
  4399.787      24.0     5.213     -1.61                                        
