Sm II    4467.3      line list
  4464.067      24.0     4.436     -2.83                                        
  4464.139      41.0     0.348     -1.61                                        
  4464.171      22.0     3.106      0.36                                        
  4464.173      58.1     1.319     -0.64                                        
  4464.219      23.0     2.372     -0.91                               KURNOHFS 
  4464.272      24.0     3.446     -2.49                                        
  4464.295      23.1     3.755     -1.45                                        
  4464.372      56.1     5.979     -3.01                                        
  4464.385   27.0059     3.565     -3.50                                 KURHFS 
  4464.389   27.0059     3.565     -3.24                                 KURHFS 
  4464.389   27.0059     3.565     -3.43                                 KURHFS 
  4464.398   27.0059     3.565     -3.03                                 KURHFS 
  4464.398   27.0059     3.565     -3.24                                 KURHFS 
  4464.398   27.0059     3.565     -4.13                                 KURHFS 
  4464.411   27.0059     3.565     -2.86                                 KURHFS 
  4464.411   27.0059     3.565     -3.13                                 KURHFS 
  4464.411   27.0059     3.565     -3.98                                 KURHFS 
  4464.429   27.0059     3.565     -2.72                                 KURHFS 
  4464.429   27.0059     3.565     -3.08                                 KURHFS 
  4464.429   27.0059     3.565     -3.98                                 KURHFS 
  4464.450      22.1     1.160     -2.08                                        
  4464.451   27.0059     3.565     -2.59                                 KURHFS 
  4464.451   27.0059     3.565     -3.09                                 KURHFS 
  4464.451   27.0059     3.565     -4.07                                 KURHFS 
  4464.477   27.0059     3.565     -2.47                                 KURHFS 
  4464.477   27.0059     3.565     -3.16                                 KURHFS 
  4464.477   27.0059     3.565     -4.28                                 KURHFS 
  4464.486      42.0     3.154     -1.79                                        
  4464.508   27.0059     3.565     -2.37                                 KURHFS 
  4464.508   27.0059     3.565     -3.37                                 KURHFS 
  4464.508   27.0059     3.565     -4.67                                 KURHFS 
  4464.574      22.0     2.316     -5.15                                        
  4464.662      24.0     3.009     -1.36                                        
  4464.670   25.0055     2.918     -0.69                                 KURHFS 
  4464.670      64.0     1.551      0.77                                        
  4464.673   25.0055     2.918     -1.46                                 KURHFS 
  4464.676   25.0055     2.918     -1.46                                 KURHFS 
  4464.679   25.0055     2.918     -0.95                                 KURHFS 
  4464.682   25.0055     2.918     -1.30                                 KURHFS 
  4464.684   25.0055     2.918     -1.30                                 KURHFS 
  4464.685      28.0     4.534     -4.37                                        
  4464.686   25.0055     2.918     -1.28                                 KURHFS 
  4464.688   25.0055     2.918     -1.30                                 KURHFS 
  4464.689   23.0051     1.948     -2.81                                 KURHFS 
  4464.690   25.0055     2.918     -1.30                                 KURHFS 
  4464.690      26.0     3.239     -2.75                                        
  4464.692   23.0051     1.948     -2.53                                 KURHFS 
  4464.692   23.0051     1.948     -2.81                                 KURHFS 
  4464.692   23.0051     1.948     -3.83                                 KURHFS 
  4464.692   25.0055     2.918     -1.73                                 KURHFS 
  4464.693   25.0055     2.918     -1.40                                 KURHFS 
  4464.694   25.0055     2.918     -1.40                                 KURHFS 
  4464.695   25.0055     2.918     -2.43                                 KURHFS 
  4464.696   25.0055     2.918     -1.66                                 KURHFS 
  4464.696      26.0     4.253     -4.20                                        
  4464.697   25.0055     2.918     -1.66                                 KURHFS 
  4464.698   23.0051     1.948     -2.39                                 KURHFS 
  4464.698   23.0051     1.948     -2.53                                 KURHFS 
  4464.698   23.0051     1.948     -3.13                                 KURHFS 
  4464.698      58.1     1.026     -0.41                                BIEMONT 
  4464.706   23.0051     1.948     -2.33                                 KURHFS 
  4464.706   23.0051     1.948     -2.39                                 KURHFS 
  4464.706   23.0051     1.948     -2.68                                 KURHFS 
  4464.718   23.0051     1.948     -2.32                                 KURHFS 
  4464.718   23.0051     1.948     -2.33                                 KURHFS 
  4464.718   23.0051     1.948     -2.35                                 KURHFS 
  4464.733   23.0051     1.948     -2.09                                 KURHFS 
  4464.733   23.0051     1.948     -2.32                                 KURHFS 
  4464.733   23.0051     1.948     -2.38                                 KURHFS 
  4464.742      22.0     2.394     -0.14                                        
  4464.751   23.0051     1.948     -1.87                                 KURHFS 
  4464.751   23.0051     1.948     -2.38                                 KURHFS 
  4464.751   23.0051     1.948     -2.59                                 KURHFS 
  4464.766      26.0     3.015     -1.78                                        
  4464.767      42.0     2.521     -1.43                                        
  4464.772   23.0051     1.948     -1.68                                 KURHFS 
  4464.772   23.0051     1.948     -2.59                                 KURHFS 
  4464.777      20.0     6.022     -5.56                                        
  4464.867      24.0     4.096     -1.64                                        
  4464.902      24.0     3.009     -1.30                                        
  4464.902      24.0     3.814     -3.12                                        
  4464.951      24.0     3.319     -4.06                                        
  4464.973      63.1     3.377      0.20                                        
  4464.974      26.0     3.639     -3.21                                        
  4464.988      26.0     4.206     -3.70                                        
  4465.060      60.1     0.000     -1.36                                 LAWLER 
  4465.079      20.0     4.760     -1.65                                        
  4465.130      24.0     3.889     -0.21                                        
  4465.138      92.1     0.284     -1.94                                        
  4465.224      22.0     2.229     -1.82                                        
  4465.268      39.1     4.130      0.00                                        
  4465.281      24.0     4.437     -2.88                                        
  4465.341      90.1     1.066     -1.04                                        
  4465.348      24.0     3.011     -0.91                                        
  4465.364      26.0     3.015     -3.71                                        
  4465.370      26.0     3.632     -2.45                                        
  4465.375      26.1     7.721     -4.61                                        
  4465.384      25.1     6.900     -7.24                                        
  4465.437      58.1     0.875     -1.16                                 LAWLER 
  4465.440   23.0051     1.929     -2.42                                 KURHFS 
  4465.440   23.0051     1.929     -2.68                                 KURHFS 
  4465.449   23.0051     1.929     -2.23                                 KURHFS 
  4465.449   23.0051     1.929     -2.42                                 KURHFS 
  4465.449   23.0051     1.929     -4.33                                 KURHFS 
  4465.463   23.0051     1.929     -2.16                                 KURHFS 
  4465.463   23.0051     1.929     -2.23                                 KURHFS 
  4465.463   23.0051     1.929     -3.09                                 KURHFS 
  4465.481   23.0051     1.929     -2.16                                 KURHFS 
  4465.481   23.0051     1.929     -2.19                                 KURHFS 
  4465.481   23.0051     1.929     -2.37                                 KURHFS 
  4465.504   23.0051     1.929     -1.97                                 KURHFS 
  4465.504   23.0051     1.929     -2.19                                 KURHFS 
  4465.504   23.0051     1.929     -2.37                                 KURHFS 
  4465.505      27.0     3.949     -3.91                               KURNOHFS 
  4465.531   23.0051     1.929     -1.68                                 KURHFS 
  4465.531   23.0051     1.929     -2.37                                 KURHFS 
  4465.531      24.0     2.542     -7.00                                        
  4465.590      60.1     0.182     -1.10                                 LAWLER 
  4465.731      24.1     6.482     -1.18                                        
  4465.805      22.0     1.738     -0.16                                        
  4465.818      27.0     3.684     -1.16                               KURNOHFS 
  4465.886      26.0     4.298     -2.33                                        
  4465.922      41.0     1.268     -1.57                                        
  4465.958      76.0     4.741      0.07                                        
  4465.976      23.0     2.676     -5.48                               KURNOHFS 
  4466.036      23.0     2.503     -1.76                               KURNOHFS 
  4466.075      24.0     2.543     -4.27                                        
  4466.129      24.0     2.543     -2.97                                        
  4466.158      24.0     3.011     -1.71                                        
  4466.160      24.0     4.571     -2.44                                        
  4466.161   27.0059     4.061     -5.76                                 KURHFS 
  4466.161   27.0059     4.061     -6.02                                 KURHFS 
  4466.175   27.0059     4.061     -5.56                                 KURHFS 
  4466.175   27.0059     4.061     -5.76                                 KURHFS 
  4466.175   27.0059     4.061     -7.67                                 KURHFS 
  4466.196   27.0059     4.061     -5.50                                 KURHFS 
  4466.196   27.0059     4.061     -5.56                                 KURHFS 
  4466.196   27.0059     4.061     -6.43                                 KURHFS 
  4466.224   27.0059     4.061     -5.50                                 KURHFS 
  4466.224   27.0059     4.061     -5.53                                 KURHFS 
  4466.224   27.0059     4.061     -5.71                                 KURHFS 
  4466.258   27.0059     4.061     -5.30                                 KURHFS 
  4466.258   27.0059     4.061     -5.53                                 KURHFS 
  4466.258   27.0059     4.061     -5.71                                 KURHFS 
  4466.300   27.0059     4.061     -5.01                                 KURHFS 
  4466.300   27.0059     4.061     -5.71                                 KURHFS 
  4466.343      74.0     1.654     -1.06                                        
  4466.381      28.0     3.703     -1.57                                        
  4466.391      72.1     2.495     -0.59                                        
  4466.421      41.0     0.142     -2.12                                        
  4466.530      64.1     0.522     -0.82                                 LAWLER 
  4466.551      26.0     2.829     -0.59                                        
  4466.573      26.0     0.110     -4.46                                        
  4466.599      64.0     0.864      0.09                                        
  4466.608      26.0     3.015     -3.90                                        
  4466.648      26.0     2.557     -4.81                                        
  4466.666      26.1     6.212     -3.58                                        
  4466.707      24.0     3.320     -4.17                                        
  4466.719      14.0     4.926     -3.25                                        
  4466.720      58.1     0.553     -1.84                                 LAWLER 
  4466.752   27.0059     4.069     -5.20                                 KURHFS 
  4466.752   27.0059     4.069     -5.26                                 KURHFS 
  4466.752   27.0059     4.069     -5.90                                 KURHFS 
  4466.757   27.0059     4.069     -5.00                                 KURHFS 
  4466.757   27.0059     4.069     -5.00                                 KURHFS 
  4466.757   27.0059     4.069     -5.74                                 KURHFS 
  4466.763   27.0059     4.069     -4.80                                 KURHFS 
  4466.763   27.0059     4.069     -4.90                                 KURHFS 
  4466.763   27.0059     4.069     -5.74                                 KURHFS 
  4466.772   27.0059     4.069     -4.63                                 KURHFS 
  4466.772   27.0059     4.069     -4.85                                 KURHFS 
  4466.772   27.0059     4.069     -5.84                                 KURHFS 
  4466.782   27.0059     4.069     -4.48                                 KURHFS 
  4466.782   27.0059     4.069     -4.86                                 KURHFS 
  4466.782   27.0059     4.069     -6.04                                 KURHFS 
  4466.789   27.0059     3.014     -2.35                                 KURHFS 
  4466.794   27.0059     4.069     -4.35                                 KURHFS 
  4466.794   27.0059     4.069     -4.93                                 KURHFS 
  4466.794   27.0059     4.069     -6.44                                 KURHFS 
  4466.795   27.0059     3.014     -2.07                                 KURHFS 
  4466.795   27.0059     3.014     -2.35                                 KURHFS 
  4466.795   27.0059     3.014     -3.37                                 KURHFS 
  4466.806   27.0059     3.014     -1.93                                 KURHFS 
  4466.806   27.0059     3.014     -2.07                                 KURHFS 
  4466.806   27.0059     3.014     -2.67                                 KURHFS 
  4466.808   27.0059     4.069     -4.24                                 KURHFS 
  4466.808   27.0059     4.069     -5.14                                 KURHFS 
  4466.817      26.0     4.603     -3.75                                        
  4466.823   27.0059     3.014     -1.86                                 KURHFS 
  4466.823   27.0059     3.014     -1.93                                 KURHFS 
  4466.823   27.0059     3.014     -2.22                                 KURHFS 
  4466.823   27.0059     4.069     -4.13                                 KURHFS 
  4466.845   27.0059     3.014     -1.86                                 KURHFS 
  4466.845   27.0059     3.014     -1.86                                 KURHFS 
  4466.845   27.0059     3.014     -1.89                                 KURHFS 
  4466.852      23.0     1.375     -1.49                               KURNOHFS 
  4466.874   27.0059     3.014     -1.63                                 KURHFS 
  4466.874   27.0059     3.014     -1.86                                 KURHFS 
  4466.874   27.0059     3.014     -1.92                                 KURHFS 
  4466.906      40.0     0.632     -1.34                                        
  4466.908   27.0059     3.014     -1.41                                 KURHFS 
  4466.908   27.0059     3.014     -1.92                                 KURHFS 
  4466.908   27.0059     3.014     -2.13                                 KURHFS 
  4466.916      23.1     6.529     -1.66                                        
  4466.938      26.0     3.926     -1.35                                        
  4466.947   27.0059     3.014     -1.22                                 KURHFS 
  4466.947   27.0059     3.014     -2.13                                 KURHFS 
  4467.004      23.0     2.682     -4.08                               KURNOHFS 
  4467.016      21.0     2.108     -2.90                               KURNOHFS 
  4467.073      58.1     0.875     -1.42                                 LAWLER 
  4467.089      23.0     2.573     -2.99                               KURNOHFS 
  4467.093      23.0     1.891     -6.72                               KURNOHFS 
  4467.113      56.0     1.674     -0.86                                        
  4467.127      20.0     6.024     -2.99                                        
  4467.162   23.0051     1.868     -7.92                                 KURHFS 
  4467.162   23.0051     1.868     -7.94                                 KURHFS 
  4467.162   23.0051     1.868     -8.06                                 KURHFS 
  4467.200   23.0051     1.868     -7.59                                 KURHFS 
  4467.200   23.0051     1.868     -7.92                                 KURHFS 
  4467.200   23.0051     1.868     -8.39                                 KURHFS 
  4467.226      64.1     1.338     -0.85                                        
  4467.227      22.0     3.303     -2.78                                        
  4467.263      44.0     2.508     -0.94                                        
  4467.290   25.0055     3.132     -7.62                                 KURHFS 
  4467.294   25.0055     3.132     -7.36                                 KURHFS 
  4467.294   25.0055     3.132     -7.62                                 KURHFS 
  4467.294   25.0055     3.132     -8.38                                 KURHFS 
  4467.302   25.0055     3.132     -7.25                                 KURHFS 
  4467.302   25.0055     3.132     -7.36                                 KURHFS 
  4467.302   25.0055     3.132     -7.68                                 KURHFS 
  4467.314   25.0055     3.132     -7.24                                 KURHFS 
  4467.314   25.0055     3.132     -7.25                                 KURHFS 
  4467.314   25.0055     3.132     -7.26                                 KURHFS 
  4467.315      24.0     3.011     -2.64                                        
  4467.330   25.0055     3.132     -6.91                                 KURHFS 
  4467.330   25.0055     3.132     -7.26                                 KURHFS 
  4467.330   25.0055     3.132     -7.42                                 KURHFS 
  4467.340      62.1     0.659      0.15                                 LAWLER 
  4467.350   25.0055     3.132     -6.64                                 KURHFS 
  4467.350   25.0055     3.132     -7.42                                 KURHFS 
  4467.377      27.1     2.983     -5.88                                        
  4467.425      26.0     4.140     -2.87                                        
  4467.495      27.0     4.144     -1.64                                        
  4467.527      58.1     1.087     -0.19                                BIEMONT 
  4467.543      75.0     3.063     -0.61                                        
  4467.556      24.0     3.011     -1.26                                        
  4467.556      58.1     0.560     -0.68                                        
  4467.605      23.0     1.802     -1.54                               KURNOHFS 
  4467.747      24.0     4.413     -2.42                                        
  4467.839      60.1     1.516     -0.37                                        
  4467.851      26.0     4.604     -3.22                                        
  4467.930      75.0     2.059     -1.18                                        
  4467.931      26.1     7.934     -2.33                                        
  4467.951      26.1     7.687     -3.99                                        
  4467.983      69.0     1.892     -0.32                                        
  4467.986      27.1     3.024     -4.82                                        
  4467.996   23.0051     1.847     -1.98                                 KURHFS 
  4467.997   23.0051     1.847     -1.51                                 KURHFS 
  4467.997   23.0051     1.847     -1.71                                 KURHFS 
  4467.997   23.0051     1.847     -1.71                                 KURHFS 
  4467.997   23.0051     1.847     -1.91                                 KURHFS 
  4467.997   23.0051     1.847     -2.61                                 KURHFS 
  4467.998   23.0051     1.847     -1.34                                 KURHFS 
  4467.998   23.0051     1.847     -1.61                                 KURHFS 
  4467.998   23.0051     1.847     -2.45                                 KURHFS 
  4467.999   23.0051     1.847     -1.19                                 KURHFS 
  4467.999   23.0051     1.847     -1.56                                 KURHFS 
  4467.999   23.0051     1.847     -2.45                                 KURHFS 
  4468.000   23.0051     1.847     -1.06                                 KURHFS 
  4468.000   23.0051     1.847     -1.57                                 KURHFS 
  4468.000   23.0051     1.847     -2.55                                 KURHFS 
  4468.001   23.0051     1.847     -0.95                                 KURHFS 
  4468.001   23.0051     1.847     -1.64                                 KURHFS 
  4468.001   23.0051     1.847     -2.75                                 KURHFS 
  4468.003   23.0051     1.847     -0.84                                 KURHFS 
  4468.003   23.0051     1.847     -1.85                                 KURHFS 
  4468.003   23.0051     1.847     -3.15                                 KURHFS 
  4468.025      58.1     0.674     -2.04                                 LAWLER 
  4468.036      24.0     3.373     -3.51                                        
  4468.081      42.0     3.396     -1.01                                        
  4468.140      66.1     0.100     -1.67                                 LAWLER 
  4468.141      22.0     3.177     -3.27                                        
  4468.200      40.0     1.395     -1.19                                        
  4468.276      42.0     2.075     -0.97                                        
  4468.333      26.0     4.309     -3.38                                        
  4468.367      24.0     3.011     -2.76                                        
  4468.434      28.0     4.150     -1.64                                        
  4468.507      22.1     1.130     -0.60                                        
  4468.562      26.0     4.257     -4.14                                        
  4468.605      25.0     4.350     -4.39                                        
  4468.619      24.0     4.528     -3.35                                        
  4468.630   25.0055     3.133     -6.93                                 KURHFS 
  4468.630   25.0055     3.133     -6.96                                 KURHFS 
  4468.630   25.0055     3.133     -7.71                                 KURHFS 
  4468.636   25.0055     3.133     -6.68                                 KURHFS 
  4468.636   25.0055     3.133     -6.76                                 KURHFS 
  4468.636   25.0055     3.133     -7.63                                 KURHFS 
  4468.645   25.0055     3.133     -6.46                                 KURHFS 
  4468.645   25.0055     3.133     -6.69                                 KURHFS 
  4468.645   25.0055     3.133     -7.76                                 KURHFS 
  4468.656   25.0055     3.133     -6.27                                 KURHFS 
  4468.656   25.0055     3.133     -6.72                                 KURHFS 
  4468.656   25.0055     3.133     -8.11                                 KURHFS 
  4468.660      59.1     0.216     -0.02                                LINOHFS 
  4468.671   25.0055     3.133     -6.11                                 KURHFS 
  4468.671   25.0055     3.133     -6.89                                 KURHFS 
  4468.688   25.0055     3.133     -5.97                                 KURHFS 
  4468.689      28.0     3.676     -3.67                                        
  4468.703      74.1     2.949     -0.79                                        
  4468.751      23.0     1.871     -0.59                               KURNOHFS 
  4468.799      40.0     0.519     -1.85                                        
  4468.813      23.1     3.325     -2.92                                        
  4468.833      26.0     4.635     -4.25                                        
  4468.871      23.1     6.291     -4.27                                        
  4468.875      22.1     5.055     -3.85                                        
  4468.911      22.0     1.995     -4.63                                        
  4468.955      57.0     0.373     -1.20                                        
  4468.999      26.0     4.604     -2.08                                        
  4469.072      24.0     3.823     -2.58                                        
  4469.085      26.1     7.701     -4.65                                        
  4469.138      22.1     1.083     -2.10                                        
  4469.250      60.1     0.742     -0.68                                 LAWLER 
  4469.310      41.0     0.656     -1.48                                        
  4469.325      92.0     0.000     -1.44                                        
  4469.376      26.0     3.651     -0.26                                        
  4469.458   23.0051     2.113     -5.95                                 KURHFS 
  4469.458   23.0051     2.113     -6.25                                 KURHFS 
  4469.458   23.0051     2.113     -6.44                                 KURHFS 
  4469.458   23.0051     2.113     -6.44                                 KURHFS 
  4469.458   23.0051     2.113     -6.47                                 KURHFS 
  4469.458   23.0051     2.113     -6.47                                 KURHFS 
  4469.458   23.0051     2.113     -6.50                                 KURHFS 
  4469.458   23.0051     2.113     -6.50                                 KURHFS 
  4469.458   23.0051     2.113     -6.65                                 KURHFS 
  4469.458   23.0051     2.113     -6.65                                 KURHFS 
  4469.458   23.0051     2.113     -6.65                                 KURHFS 
  4469.458   23.0051     2.113     -6.70                                 KURHFS 
  4469.458   23.0051     2.113     -6.70                                 KURHFS 
  4469.458   23.0051     2.113     -6.96                                 KURHFS 
  4469.458   23.0051     2.113     -7.37                                 KURHFS 
  4469.458   23.0051     2.113     -8.61                                 KURHFS 
  4469.508      58.1     0.976     -1.88                                 LAWLER 
  4469.525      90.0     1.290     -0.56                                        
  4469.540      27.0     2.955     -0.34                               KURNOHFS 
  4469.627      22.0     3.303     -3.03                                        
  4469.650      62.1     0.333     -1.61                                 LAWLER 
  4469.672   23.0051     1.852     -1.08                                 KURHFS 
  4469.676   23.0051     1.852     -0.96                                 KURHFS 
  4469.676   23.0051     1.852     -1.53                                 KURHFS 
  4469.681   23.0051     1.852     -0.84                                 KURHFS 
  4469.681   23.0051     1.852     -1.32                                 KURHFS 
  4469.681   23.0051     1.852     -2.53                                 KURHFS 
  4469.688   23.0051     1.852     -0.73                                 KURHFS 
  4469.688   23.0051     1.852     -1.22                                 KURHFS 
  4469.688   23.0051     1.852     -2.32                                 KURHFS 
  4469.689      26.0     4.555     -1.39                                        
  4469.697   23.0051     1.852     -0.62                                 KURHFS 
  4469.697   23.0051     1.852     -1.19                                 KURHFS 
  4469.697   23.0051     1.852     -2.29                                 KURHFS 
  4469.707   23.0051     1.852     -0.53                                 KURHFS 
  4469.707   23.0051     1.852     -1.20                                 KURHFS 
  4469.707   23.0051     1.852     -2.37                                 KURHFS 
  4469.710      41.0     1.522     -0.57                                        
  4469.719   23.0051     1.852     -0.44                                 KURHFS 
  4469.719   23.0051     1.852     -1.28                                 KURHFS 
  4469.719   23.0051     1.852     -2.56                                 KURHFS 
  4469.720      65.1     0.373     -1.54                               LAWNOHFS 
  4469.733   23.0051     1.852     -0.35                                 KURHFS 
  4469.733   23.0051     1.852     -1.50                                 KURHFS 
  4469.733   23.0051     1.852     -2.95                                 KURHFS 
  4469.741      24.0     2.980     -3.32                                        
  4469.840      24.0     3.373     -4.38                                        
  4469.906      25.1     6.180     -3.17                                        
  4469.909      26.0     4.648     -4.20                                        
  4469.928      23.1     6.253     -2.78                                        
  4469.988      26.0     4.603     -4.15                                        
