Zr II    4161        line list
  4159.031      58.1      1.09    0.1790                                BIEMONT 
  4159.032      25.1      5.82   -4.0840                                        
  4159.034      27.0      3.11   -5.5200                                        
  4159.154 106.00112     1.067   -1.0000               3.470                    
  4159.213 106.00112     1.067   -1.0150               3.470                    
  4159.362      27.1      5.07   -2.7409                                        
  4159.395      62.1      0.33   -1.5800                                 LAWLER 
  4159.511      62.1      0.19   -1.7905                                 LAWLER 
  4159.518      25.0      2.94   -5.1970                                        
  4159.528      22.0      3.17   -2.2080                                        
  4159.634      22.0      2.16   -0.3430                                        
  4159.679      23.0      1.71   -2.5020                                        
  4159.679      23.0      0.29   -2.9512                                        
  4159.949      25.0      5.11   -1.5830                                        
  4159.951      23.0      2.28   -1.4510                                        
  4160.042      58.1     0.822   -0.9586                                BIEMONT 
  4160.048      24.0      3.01   -3.3230                                        
  4160.076      24.0      3.82   -3.2510                                        
  4160.106      58.1      0.53   -1.6498                                BIEMONT 
  4160.171      20.0      5.98   -4.1980                                        
  4160.178      58.1      0.88   -0.8576                                BIEMONT 
  4160.264      20.0      5.98   -3.6981                                        
  4160.290      26.1      4.74   -4.4479                                        
  4160.295      23.0      1.89   -2.9401                                        
  4160.347      23.1      1.67   -4.9401                                        
  4160.368      26.0      3.00   -2.3010                                    ADJ 
  4160.392      23.0      0.27   -3.2050                                        
  4160.401      23.0      0.28   -4.1380                                        
  4160.425      25.0      4.36   -4.0030                                        
  4160.446      21.1      4.88   -5.8230                                        
  4160.446      23.1      2.90   -8.7190                                        
  4160.489      21.0      1.94   -1.4430                                        
  4160.538      24.0      4.11   -3.9539                                        
  4160.551      26.0      2.95   -3.2218                                        
  4160.570      60.1      0.56   -0.5003                                 LAWLER 
  4160.623      26.1      2.84   -5.0360                                        
  4160.630      24.0      3.01   -3.5420                                        
  4160.656      26.1      7.58   -4.5840                                        
  4160.673      27.1      3.41   -1.8280                                        
  4160.697      27.0      3.53   -4.1320                                        
  4160.777      26.0      4.21   -1.9610                                        
  4160.818      24.0      4.10   -2.1990                                        
  4160.968      20.0      4.76   -3.6680                                        
  4161.075      24.1      5.33   -2.4660                                        
  4161.085      26.0      3.37   -1.6990                                   ADJ  
  4161.120      23.0      2.36   -4.5290                                        
  4161.165      58.1      0.96   -0.5100                                BIEMONT 
  4161.167      26.0      3.04   -6.5300                                        
  4161.213      40.1      0.71   -0.72                                  BIEMONT 
  4161.269      24.1      4.94   -5.1860                                        
  4161.289      20.0      5.93   -3.7881                                        
  4161.295      22.0      2.51   -3.3430                                        
  4161.307      23.0      1.71   -3.6899                                        
  4161.307      23.0      2.61   -3.7929                                        
  4161.324      28.0      3.19   -2.6040                                        
  4161.362      24.0      3.38   -3.3230                                        
  4161.381      22.0      2.27   -2.3710                                        
  4161.428      24.0      4.46    1.0000                                        
  4161.484      26.0      3.02   -2.6990                                        
  4161.535      22.1      1.08   -1.9208                                 ADJUST 
  4161.582      24.1      4.92   -4.7560                                        
  4161.693      21.0      2.34   -0.7120                                        
  4161.736      27.0      2.33   -5.1780                                        
  4161.788      24.0      3.84   -2.0820                                        
  4161.800      38.1      2.94   -0.4711                                 NIST   
  4161.851      21.0      1.97   -0.5330                                        
  4161.858      26.1      7.77   -4.4500                                        
  4162.050      23.1      3.12   -0.3010                                   ADJ  
  4162.164      27.0      3.58   -0.6990                                        
  4162.319      23.0      1.87   -2.8611                                        
  4162.405      72.1      2.16   -0.3100                                        
  4162.461 106.00112     1.069   -1.0000               3.470                    
  4162.476      24.0      3.82   -1.3500                                        
  4162.483      27.0      2.88   -2.8649                                        
  4162.568      22.0      2.49   -2.3260                                        
  4162.589      22.0      2.70   -0.3020                                        
  4162.625      58.1      0.88   -0.2503                                BIEMONT 
  4162.670 106.00112     1.070   -1.0150               3.470                    
  4162.691      22.0      2.35   -3.2390                                        
  4162.733      64.1      0.49   -0.7201                                        
  4162.807      23.1      6.53   -3.5800                                        
  4162.918      26.0      3.02   -3.3979                                        
