Th II    4019.1      line list
  4016.636 106.00113     1.172    -7.971               3.470               Plez
  4016.697 106.00112     0.707    -1.142               3.470               Plez
  4016.998 106.00112     0.580    -7.204               3.470               Plez
  4017.082      27.0     3.729    -0.581
  4017.083      26.0     2.756    -1.992
  4017.129      24.0     3.889    -2.192
  4017.148      26.0     3.045    -0.920
  4017.165      21.0     2.318    -1.668
  4017.199      22.0     0.835    -5.670
  4017.210      26.0     3.639    -3.899
  4017.282      23.1     3.793    -1.205
  4017.298      20.0     2.930    -5.358
  4017.360      26.0     3.881    -3.392
  4017.441      28.0     3.703    -0.308
  4017.457      26.0     2.843    -3.337
  4017.463      26.0     4.206    -0.676
  4017.484      23.0     1.182    -6.433
  4017.531      22.0     2.332    -1.488
  4017.569      22.1     4.997    -2.339
  4017.572      24.1     5.326    -3.271
  4017.592      58.1     0.721    -0.656
  4017.603 106.00113     0.580    -7.204               3.470               Plez
  4017.611 106.00112     1.846    -9.783               3.470               Plez
  4017.650      27.0     3.574    -3.531
  4017.684      23.0     1.892    -1.204
  4017.709      22.0     1.429    -5.468
  4017.709      64.0     0.864     0.412
  4017.711      92.1     0.708    -0.447
  4017.763      27.0     3.663    -3.911
  4017.768      21.0     1.942    -1.672
  4017.768      22.0     2.091    -0.120
  4017.784 106.00112     1.846    -9.783               3.470               Plez
  4017.789      26.0     4.309    -3.662
  4017.795      23.0     3.096    -2.889
  4017.865 106.00113     0.341    -3.799               3.470               Plez
  4017.985      22.0     2.504    -1.044
  4018.036      26.0     4.188    -1.464
  4018.063      25.0     3.376    -3.957
  4018.105      25.0     2.113     -0.50                                    ADJ
  4018.110      23.1     6.329    -3.457
  4018.121      90.0     0.000    -1.667
  4018.160      27.0     3.574    -4.408
  4018.211      24.0     2.706    -2.658
  4018.244 106.00112     0.733    -7.272               3.470               Plez
  4018.259      76.0     1.656    -1.230
  4018.267      26.0     3.263     -1.30                                    ADJ
  4018.323      26.0     3.684    -5.681
  4018.336      25.0     4.791    -2.444
  4018.378      40.1     0.958     -1.15                                    ADJ
  4018.633 106.00112     0.341    -3.799               3.470               Plez
  4018.704 106.00113     0.733    -7.272               3.470               Plez
  4018.775      26.1      3.00     -5.58
  4018.835      60.1     0.063     -0.85                                 LAWLER
  4018.870      26.1      3.00     -5.48
  4018.916      26.1      3.00     -5.16
  4018.956 106.00113     0.463    -1.379               3.470               Plez
  4018.970      26.1      3.00     -5.77
  4018.998      25.0      4.35     -1.97
  4019.010 106.00113     0.463    -1.354               3.470               Plez
  4019.018      25.0      4.66     -0.60
  4019.043      26.0      2.61     -2.66                                    ADJ
  4019.057      58.1      1.01     -0.53                                BIEMONT
  4019.067      28.0      1.93     -3.58
  4019.100      26.0      2.20     -5.60
  4019.125      27.0      2.28     -2.48
  4019.139      90.1      0.00    -0.228                                NILSSON
  4019.143      27.0      2.28     -2.68
  4019.154      23.0      1.80     -1.07
  4019.206      26.1      3.00     -6.05
  4019.220      26.1      3.00     -6.40
  4019.272      27.0      0.58     -3.88
  4019.281      27.0      0.58     -3.87
  4019.294      27.0      0.58     -3.62
  4019.296      27.0      0.58     -3.73
  4019.315 106.00113     0.463    -6.904               3.470               Plez
  4019.322      27.0      0.58     -4.49
  4019.332      27.0      0.58     -4.44
  4019.440 106.00112     1.172    -7.971               3.470               Plez
  4019.471      58.1      0.87     -1.26                                    ADJ 
  4019.498      58.1      1.01     -1.78                                 BIEMONT
  4019.504      24.0     4.398    -2.262
  4019.556      25.0     2.886    -3.141
  4019.572 106.00112     0.734    -7.272               3.470               Plez
  4019.700      24.0     4.436    -1.379
  4019.829      62.1     0.277    -1.695
  4019.830      60.1     0.630     -0.60                                    ADJ
  4019.897      58.1      1.08     -0.50                                 BIEMONT
  4020.015 106.00112     0.463    -1.379               3.470               Plez
  4020.033 106.00113     0.734    -7.272               3.470               Plez
  4020.047      26.0     3.263    -4.519
  4020.051      60.1     1.271    -0.290
  4020.068      25.0     3.768    -1.320
  4020.081 106.00112     0.463    -6.904               3.470               Plez
  4020.084      26.0     3.940    -3.006
  4020.175 106.00112     0.463    -1.354               3.470               Plez
  4020.191 106.00113     1.382    -9.671               3.470               Plez
  4020.251      28.0     3.696    -0.936
  4020.271      26.0     4.217    -1.077
  4020.392      21.0     0.000     0.204
  4020.479 106.00113     1.382    -5.367               3.470               Plez
  4020.481 106.00113     1.382    -5.394               3.470               Plez
  4021.226 106.00112     1.219    -8.268               3.470               Plez
  4021.262 106.00113     1.219    -5.936               3.470               Plez
  4021.357 106.00112     1.219    -5.936               3.470               Plez
  4021.513 106.00113     1.219    -8.268               3.470               Plez
  4021.998 106.00113     1.090    -4.699               3.470               Plez
  4022.040 106.00113     1.090    -4.728               3.470               Plez
  4022.051 106.00112     1.090    -6.704               3.470               Plez
  4022.098 106.00112     1.090    -4.728               3.470               Plez
  4022.139 106.00112     1.090    -4.699               3.470               Plez
  4022.263 106.00113     1.090    -6.704               3.470               Plez
  4022.888 106.00112     1.382    -5.367               3.470               Plez
  4022.974 106.00112     1.382    -5.394               3.470               Plez
  4023.013 106.00112     1.382    -9.671               3.470               Plez
  4023.383      23.1      1.80     -0.60
  4023.401 106.00113     1.091    -4.699               3.470               Plez
  4023.477 106.00112     0.872    -7.754               3.470               Plez
  4023.487 106.00113     1.091    -4.728               3.470               Plez
  4023.502 106.00112     1.091    -6.704               3.470               Plez
  4023.542 106.00112     1.091    -4.699               3.470               Plez
  4023.545 106.00112     1.091    -4.728               3.470               Plez
  4023.686      21.0      0.02      0.16
  4023.714 106.00113     1.091    -6.704               3.470               Plez
  4023.740      24.0      3.89     -0.58
