Pr II    4143.1       line list
  4140.084      23.1     4.700     -1.91                                        
  4140.198      24.0     4.093     -2.71                                        
  4140.235      90.1     1.144     -0.85                                        
  4140.240      26.0     2.947     -2.84                                        
  4140.247      25.0     4.824     -1.54                                        
  4140.389   23.0051     2.262     -5.17                                 KURHFS 
  4140.389   23.0051     2.262     -5.42                                 KURHFS 
  4140.389   23.0051     2.262     -5.45                                 KURHFS 
  4140.390   23.0051     2.262     -4.98                                 KURHFS 
  4140.390   23.0051     2.262     -5.03                                 KURHFS 
  4140.390   23.0051     2.262     -5.42                                 KURHFS 
  4140.392   23.0051     2.262     -4.78                                 KURHFS 
  4140.392   23.0051     2.262     -4.89                                 KURHFS 
  4140.392   23.0051     2.262     -5.47                                 KURHFS 
  4140.395   23.0051     2.262     -4.58                                 KURHFS 
  4140.395   23.0051     2.262     -4.87                                 KURHFS 
  4140.395   23.0051     2.262     -5.60                                 KURHFS 
  4140.398   23.0051     2.262     -4.42                                 KURHFS 
  4140.398   23.0051     2.262     -4.92                                 KURHFS 
  4140.398   23.0051     2.262     -5.82                                 KURHFS 
  4140.401   23.0051     2.262     -4.28                                 KURHFS 
  4140.401   23.0051     2.262     -5.12                                 KURHFS 
  4140.401   23.0051     2.262     -6.23                                 KURHFS 
  4140.403      26.0     3.414     -1.22                                        
  4140.414      22.0     2.238     -1.09                                        
  4140.450      64.1     0.556     -1.22                                 LAWLER 
  4140.463      25.1     5.563     -2.46                                        
  4140.472      26.0     3.394     -3.10                                        
  4140.509      22.0     3.059     -2.91                                        
  4140.522      20.0     4.128     -4.49                                        
  4140.618      20.0     4.760     -2.24                                        
  4140.699      27.1     5.051     -3.26                                        
  4140.700      24.0     3.842     -1.08                                        
  4140.747      58.1     0.521     -1.19                                 LAWLER 
  4140.753      26.0     4.442     -3.14                                        
  4140.795      23.0     2.581     -6.83                               KURNOHFS 
  4140.909      24.0     4.443     -2.77                                        
  4140.959      14.0     4.129     -4.99                                        
  4141.005      64.1     1.574     -0.72                                        
  4141.056      25.0     4.255     -0.18                                        
  4141.082   59.1141     0.550     -3.52                                 LI/LAW 
  4141.101   59.1141     0.550     -1.81                                 LI/LAW 
  4141.107   59.1141     0.550     -3.33                                 LI/LAW 
  4141.118   59.1141     0.550     -0.57                                 LI/LAW 
  4141.130   59.1141     0.550     -1.61                                 LI/LAW 
  4141.137   59.1141     0.550     -3.38                                 LI/LAW 
  4141.150   59.1141     0.550     -0.52                                 LI/LAW 
  4141.163   59.1141     0.550     -1.56                                 LI/LAW 
  4141.168      27.0     3.663     -1.79                               KURNOHFS 
  4141.171   59.1141     0.550     -3.69                                 LI/LAW 
  4141.185   59.1141     0.550     -0.46                                 LI/LAW 
  4141.200   59.1141     0.550     -1.61                                 LI/LAW 
  4141.221      92.1     1.040     -0.26                                        
  4141.226   59.1141     0.550     -0.40                                 LI/LAW 
  4141.241   27.0059     0.629     -3.10                                 KURHFS 
  4141.241   27.0059     0.629     -3.35                                 KURHFS 
  4141.241   27.0059     0.629     -3.35                                 KURHFS 
  4141.241   27.0059     0.629     -3.38                                 KURHFS 
  4141.241   27.0059     0.629     -3.52                                 KURHFS 
  4141.241   27.0059     0.629     -3.52                                 KURHFS 
  4141.241   27.0059     0.629     -3.69                                 KURHFS 
  4141.241   27.0059     0.629     -3.82                                 KURHFS 
  4141.241   27.0059     0.629     -3.94                                 KURHFS 
  4141.242   27.0059     0.629     -2.88                                 KURHFS 
  4141.242   27.0059     0.629     -3.51                                 KURHFS 
  4141.242   27.0059     0.629     -4.37                                 KURHFS 
  4141.242   59.1141     0.550     -1.81                                 LI/LAW 
  4141.268   23.0051     2.284     -1.83                                 KURHFS 
  4141.271   59.1141     0.550     -0.34                                 LI/LAW 
  4141.274   23.0051     2.284     -1.71                                 KURHFS 
  4141.274   23.0051     2.284     -2.28                                 KURHFS 
  4141.283   23.0051     2.284     -1.59                                 KURHFS 
  4141.283   23.0051     2.284     -2.07                                 KURHFS 
  4141.283   23.0051     2.284     -3.28                                 KURHFS 
  4141.294   23.0051     2.284     -1.48                                 KURHFS 
  4141.294   23.0051     2.284     -1.97                                 KURHFS 
  4141.294   23.0051     2.284     -3.07                                 KURHFS 
  4141.309   23.0051     2.284     -1.38                                 KURHFS 
  4141.309   23.0051     2.284     -1.94                                 KURHFS 
  4141.309   23.0051     2.284     -3.04                                 KURHFS 
  4141.320   59.1141     0.550     -0.28                                 LI/LAW 
  4141.326   23.0051     2.284     -1.28                                 KURHFS 
  4141.326   23.0051     2.284     -1.95                                 KURHFS 
  4141.326   23.0051     2.284     -3.12                                 KURHFS 
  4141.330      20.0     4.677     -4.76                                        
  4141.346   23.0051     2.284     -1.19                                 KURHFS 
  4141.346   23.0051     2.284     -2.04                                 KURHFS 
  4141.346   23.0051     2.284     -3.32                                 KURHFS 
  4141.348      26.0     3.015     -5.25                                        
  4141.350      20.0     4.760     -1.22                                        
  4141.369   23.0051     2.284     -1.11                                 KURHFS 
  4141.369   23.0051     2.284     -2.25                                 KURHFS 
  4141.369   23.0051     2.284     -3.71                                 KURHFS 
  4141.427      23.1     5.533     -3.24                                        
  4141.506      66.1     0.103     -1.28                                        
  4141.632      90.1     2.202      0.03                                        
  4141.640   57.1139     0.403     -2.11                                 LAWLER 
  4141.649   57.1139     0.403     -2.03                                 LAWLER 
  4141.649   57.1139     0.403     -2.20                                 LAWLER 
  4141.662   57.1139     0.403     -2.35                                 LAWLER 
  4141.664   57.1139     0.403     -1.84                                 LAWLER 
  4141.665   57.1139     0.403     -2.33                                 LAWLER 
  4141.682   57.1139     0.403     -2.58                                 LAWLER 
  4141.683      26.0     2.725     -4.48                                        
  4141.684   57.1139     0.403     -1.79                                 LAWLER 
  4141.685   57.1139     0.403     -1.91                                 LAWLER 
  4141.693      25.0     4.265     -2.04                                        
  4141.703      23.0     3.313     -3.84                               KURNOHFS 
  4141.707   57.1139     0.403     -3.00                                 LAWLER 
  4141.709   57.1139     0.403     -1.82                                 LAWLER 
  4141.711   57.1139     0.403     -1.64                                 LAWLER 
  4141.741   57.1139     0.403     -2.00                                 LAWLER 
  4141.742      27.1     5.065     -3.18                                        
  4141.743   57.1139     0.403     -1.43                                 LAWLER 
  4141.780   57.1139     0.403     -1.26                                 LAWLER 
  4141.805   23.0051     0.262     -3.54                                 KURHFS 
  4141.805   23.0051     0.262     -3.57                                 KURHFS 
  4141.805   23.0051     0.262     -3.69                                 KURHFS 
  4141.822   23.0051     0.262     -3.22                                 KURHFS 
  4141.822   23.0051     0.262     -3.54                                 KURHFS 
  4141.822   23.0051     0.262     -4.02                                 KURHFS 
  4141.856      25.0     4.270     -2.68                                        
  4141.858      92.0     0.077     -1.14                                        
  4141.863      26.0     3.015     -1.90                                        
  4141.879      42.0     3.221     -1.73                                        
  4141.902      26.0     2.725     -3.64                                        
  4141.960      20.0     4.677     -4.44                                        
  4142.034      58.1     0.521     -1.55                                 LAWLER 
  4142.041      42.0     2.068     -2.25                                        
  4142.093      23.0     2.614     -2.81                               KURNOHFS 
  4142.119      20.0     4.760     -0.46                                        
  4142.151      28.0     3.895     -0.84                                        
  4142.159      42.0     3.154     -1.21                                        
  4142.173      26.0     4.280     -1.15                                        
  4142.200      24.0     4.444      0.04                                        
  4142.237      41.0     1.368     -1.05                                        
  4142.249      74.0     2.244     -0.46                                        
  4142.292      26.0     2.452     -4.25                                        
  4142.354   23.0051     2.276     -3.94                                 KURHFS 
  4142.354   23.0051     2.276     -4.13                                 KURHFS 
  4142.354   23.0051     2.276     -4.20                                 KURHFS 
  4142.355   23.0051     2.276     -3.73                                 KURHFS 
  4142.355   23.0051     2.276     -3.94                                 KURHFS 
  4142.355   23.0051     2.276     -4.83                                 KURHFS 
  4142.356   23.0051     2.276     -3.56                                 KURHFS 
  4142.356   23.0051     2.276     -3.83                                 KURHFS 
  4142.356   23.0051     2.276     -4.68                                 KURHFS 
  4142.358   23.0051     2.276     -3.42                                 KURHFS 
  4142.358   23.0051     2.276     -3.79                                 KURHFS 
  4142.358   23.0051     2.276     -4.68                                 KURHFS 
  4142.360   23.0051     2.276     -3.29                                 KURHFS 
  4142.360   23.0051     2.276     -3.79                                 KURHFS 
  4142.360   23.0051     2.276     -4.78                                 KURHFS 
  4142.363   23.0051     2.276     -3.17                                 KURHFS 
  4142.363   23.0051     2.276     -3.87                                 KURHFS 
  4142.363   23.0051     2.276     -4.98                                 KURHFS 
  4142.366   23.0051     2.276     -3.07                                 KURHFS 
  4142.366   23.0051     2.276     -4.08                                 KURHFS 
  4142.366   23.0051     2.276     -5.38                                 KURHFS 
  4142.397      58.1     0.696      0.22                                 LAWLER 
  4142.420      26.0     3.571     -3.56                                        
  4142.454      24.0     3.119     -1.90                                        
  4142.473      22.0     2.675     -0.41                                        
  4142.474      26.0     4.368     -1.88                                        
  4142.474      90.1     1.794     -0.32                                        
  4142.588      26.0     4.298     -1.02                                        
  4142.590   23.0051     0.275     -4.07                                 KURHFS 
  4142.590   23.0051     0.275     -4.32                                 KURHFS 
  4142.590      28.0     4.164     -1.66                                        
  4142.595   23.0051     0.275     -3.87                                 KURHFS 
  4142.595   23.0051     0.275     -4.07                                 KURHFS 
  4142.595   23.0051     0.275     -5.97                                 KURHFS 
  4142.601   23.0051     0.275     -3.80                                 KURHFS 
  4142.601   23.0051     0.275     -3.87                                 KURHFS 
  4142.601   23.0051     0.275     -4.73                                 KURHFS 
  4142.610      22.0     2.238     -2.32                                        
  4142.610   23.0051     0.275     -3.80                                 KURHFS 
  4142.610   23.0051     0.275     -3.83                                 KURHFS 
  4142.610   23.0051     0.275     -4.01                                 KURHFS 
  4142.620   23.0051     0.275     -3.61                                 KURHFS 
  4142.620   23.0051     0.275     -3.83                                 KURHFS 
  4142.620   23.0051     0.275     -4.01                                 KURHFS 
  4142.633   23.0051     0.275     -3.32                                 KURHFS 
  4142.633   23.0051     0.275     -4.01                                 KURHFS 
  4142.700      62.1     0.434     -1.70                                 LAWLER 
  4142.701      90.1     0.000     -1.93                                        
  4142.825      58.1     0.703     -0.49                                 LAWLER 
  4142.836      39.0     0.000      0.21                                        
  4142.857   23.0051     1.080     -2.68                                 KURHFS 
  4142.864   23.0051     1.080     -2.82                                 KURHFS 
  4142.864   23.0051     1.080     -3.52                                 KURHFS 
  4142.869   23.0051     1.080     -2.98                                 KURHFS 
  4142.869   23.0051     1.080     -3.32                                 KURHFS 
  4142.869   23.0051     1.080     -4.63                                 KURHFS 
  4142.874   23.0051     1.080     -3.18                                 KURHFS 
  4142.874   23.0051     1.080     -3.27                                 KURHFS 
  4142.874   23.0051     1.080     -4.22                                 KURHFS 
  4142.875      22.0     1.738     -2.17                                        
  4142.877   23.0051     1.080     -3.29                                 KURHFS 
  4142.877   23.0051     1.080     -3.44                                 KURHFS 
  4142.877   23.0051     1.080     -4.00                                 KURHFS 
  4142.880   23.0051     1.080     -3.38                                 KURHFS 
  4142.880   23.0051     1.080     -3.82                                 KURHFS 
  4142.880   23.0051     1.080     -3.87                                 KURHFS 
  4142.882   23.0051     1.080     -3.57                                 KURHFS 
  4142.882   23.0051     1.080     -3.82                                 KURHFS 
  4142.883   23.0051     1.080     -3.85                                 KURHFS 
  4142.914      68.1     0.636     -0.72                                 LAWLER 
  4142.920      23.1     3.970     -1.99                                        
  4142.959      28.0     4.085     -1.22                                        
  4142.963      62.0     0.387     -1.70                                        
  4143.043      22.0     2.304     -0.30                                        
  4143.043   59.1141     0.371     -0.34                                 IV/LAW 
  4143.043   59.1141     0.371     -0.35                                 LI/LAW 
  4143.066      26.1     5.952     -3.59                                        
  4143.066   59.1141     0.371     -0.29                                 IV/LAW 
  4143.066   59.1141     0.371     -0.29                                 LI/LAW 
  4143.083      20.0     4.621     -2.55                                        
  4143.088   59.1141     0.371     -1.58                                 IV/LAW 
  4143.088   59.1141     0.371     -1.59                                 LI/LAW 
  4143.094   59.1141     0.371     -0.23                                 IV/LAW 
  4143.094   59.1141     0.371     -0.23                                 LI/LAW 
  4143.100      66.1     0.590     -0.48                                 LAWLER 
  4143.119   59.1141     0.371     -1.39                                 IV/LAW 
  4143.119   59.1141     0.371     -1.39                                 LI/LAW 
  4143.127   59.1141     0.371     -0.17                                 IV/LAW 
  4143.127   59.1141     0.371     -0.17                                 LI/LAW 
  4143.141   59.1141     0.371     -3.29                                 IV/LAW 
  4143.141   59.1141     0.371     -3.30                                 LI/LAW 
  4143.155      28.0     3.477     -4.42                                        
  4143.156   59.1141     0.371     -1.33                                 IV/LAW 
  4143.156   59.1141     0.371     -1.34                                 LI/LAW 
  4143.164   59.1141     0.371     -0.11                                 IV/LAW 
  4143.164   59.1141     0.371     -0.12                                 LI/LAW 
  4143.168      22.0     2.295     -1.85                                        
  4143.181   59.1141     0.371     -3.10                                 IV/LAW 
  4143.181   59.1141     0.371     -3.10                                 LI/LAW 
  4143.196      41.0     0.019     -1.12                                        
  4143.197   59.1141     0.371     -1.38                                 IV/LAW 
  4143.197   59.1141     0.371     -1.39                                 LI/LAW 
  4143.207   59.1141     0.371     -0.06                                 IV/LAW 
  4143.207   59.1141     0.371     -0.06                                 LI/LAW 
  4143.225   59.1141     0.371     -3.15                                 IV/LAW 
  4143.225   59.1141     0.371     -3.16                                 LI/LAW 
  4143.239      24.0     4.204     -2.55                                        
  4143.243   59.1141     0.371     -1.58                                 IV/LAW 
  4143.243   59.1141     0.371     -1.59                                 LI/LAW 
  4143.275   59.1141     0.371     -3.46                                 IV/LAW 
  4143.275   59.1141     0.371     -3.46                                 LI/LAW 
  4143.277      22.0     2.290     -0.62                                        
  4143.344      24.0     4.204     -3.19                                        
  4143.396      24.0     3.823     -3.05                                        
  4143.415      26.0     3.045     -0.20                                        
  4143.423      27.1     5.085     -3.79                                        
  4143.497      26.0     3.366     -1.60                                        
  4143.583      27.0     3.620     -2.91                               KURNOHFS 
  4143.693      23.0     1.891     -3.27                               KURNOHFS 
  4143.726      24.0     4.096     -1.64                                        
  4143.744      22.0     2.101     -5.19                                        
  4143.814      24.0     2.706     -4.54                                        
  4143.826      26.0     2.856     -1.27                                        
  4143.860      24.0     4.529     -2.75                                        
  4143.868      26.0     1.556     -0.45                                        
  4143.894      23.0     2.606     -2.56                               KURNOHFS 
  4143.902      22.0     2.425     -5.60                                        
  4143.957      24.0     2.985     -3.19                                        
  4144.005      22.0     2.248     -1.93                                        
  4144.007      24.0     3.844     -0.81                                        
  4144.066      24.0     4.102     -1.28                                        
  4144.079      26.0     4.309     -1.91                                        
  4144.122      23.0     2.357     -4.84                               KURNOHFS 
  4144.162      44.0     1.002     -0.33                                        
  4144.249      64.0     0.920     -0.57                                        
  4144.273      26.0     4.100     -2.67                                        
  4144.362      58.1     0.736     -1.15                                 LAWLER 
  4144.363      75.0     2.147     -0.91                                        
  4144.372   65.1159     0.126     -0.80                                 LAWLER 
  4144.402   65.1159     0.126     -0.86                                 LAWLER 
  4144.403   65.1159     0.126     -2.50                                 LAWLER 
  4144.416      22.0     2.504     -5.27                                        
  4144.425   65.1159     0.126     -2.38                                 LAWLER 
  4144.426   65.1159     0.126     -4.64                                 LAWLER 
  4144.428   65.1159     0.126     -0.91                                 LAWLER 
  4144.442   65.1159     0.126     -4.58                                 LAWLER 
  4144.446   65.1159     0.126     -2.50                                 LAWLER 
  4144.453   65.1159     0.126     -0.97                                 LAWLER 
  4144.492      58.1     0.477     -0.34                                 LAWLER 
  4144.540      60.1     0.204     -0.98                                 LAWLER 
  4144.552      24.0     4.446     -1.26                                        
  4144.558      23.0     2.372     -4.50                               KURNOHFS 
  4144.572      22.0     1.429     -4.65                                        
  4144.574   23.0051     2.357     -6.17                                 KURHFS 
  4144.574   23.0051     2.357     -6.42                                 KURHFS 
  4144.574   23.0051     2.357     -6.45                                 KURHFS 
  4144.580   23.0051     2.357     -5.98                                 KURHFS 
  4144.580   23.0051     2.357     -6.03                                 KURHFS 
  4144.580   23.0051     2.357     -6.42                                 KURHFS 
  4144.588   23.0051     2.357     -5.78                                 KURHFS 
  4144.588   23.0051     2.357     -5.89                                 KURHFS 
  4144.588   23.0051     2.357     -6.47                                 KURHFS 
  4144.588      27.1     3.007     -5.71                                        
  4144.599   23.0051     2.357     -5.58                                 KURHFS 
  4144.599   23.0051     2.357     -5.86                                 KURHFS 
  4144.599   23.0051     2.357     -6.60                                 KURHFS 
  4144.612   23.0051     2.357     -5.42                                 KURHFS 
  4144.612   23.0051     2.357     -5.92                                 KURHFS 
  4144.612   23.0051     2.357     -6.82                                 KURHFS 
  4144.629   23.0051     2.357     -5.27                                 KURHFS 
  4144.629   23.0051     2.357     -6.11                                 KURHFS 
  4144.629   23.0051     2.357     -7.23                                 KURHFS 
  4144.695      92.1     0.284     -1.50                                        
  4144.766      22.0     2.486     -3.96                                        
  4144.806   23.0051     2.377     -4.31                                 KURHFS 
  4144.806   23.0051     2.377     -4.72                                 KURHFS 
  4144.812   23.0051     2.377     -4.61                                 KURHFS 
  4144.812   23.0051     2.377     -4.72                                 KURHFS 
  4144.812   23.0051     2.377     -4.92                                 KURHFS 
  4144.818   23.0051     2.377     -4.61                                 KURHFS 
  4144.818   23.0051     2.377     -4.73                                 KURHFS 
  4144.821   23.0051     2.377     -4.73                                 KURHFS 
  4144.821   23.0051     2.377     -4.91                                 KURHFS 
  4144.828      24.0     4.529     -1.24                                        
  4144.847      58.1     0.807     -0.93                                 LAWLER 
  4144.853      24.0     2.913     -3.75                                        
  4144.916      26.0     4.431     -3.19                                        
  4144.996      58.1     0.696      0.10                                 LAWLER 
  4145.021      24.0     2.707     -3.58                                        
  4145.034      22.0     0.899     -2.36                                        
  4145.039      24.0     3.885     -3.64                                        
  4145.072   27.0059     3.772     -6.02                                 KURHFS 
  4145.075   27.0059     3.772     -5.72                                 KURHFS 
  4145.077   27.0059     3.772     -5.72                                 KURHFS 
  4145.080   27.0059     3.772     -5.58                                 KURHFS 
  4145.084   27.0059     3.772     -5.56                                 KURHFS 
  4145.087   27.0059     3.772     -5.90                                 KURHFS 
  4145.091   27.0059     3.772     -5.30                                 KURHFS 
  4145.096   27.0059     3.772     -5.55                                 KURHFS 
  4145.100   27.0059     3.772     -6.15                                 KURHFS 
  4145.105   27.0059     3.772     -5.09                                 KURHFS 
  4145.111   27.0059     3.772     -5.71                                 KURHFS 
  4145.116   27.0059     3.772     -6.58                                 KURHFS 
  4145.136      27.1     3.483     -2.04                                        
  4145.157      74.0     1.654     -0.95                                        
  4145.164      24.0     2.913     -4.44                                        
  4145.183      22.0     1.442     -4.59                                        
  4145.200      26.0     2.690     -2.80                                        
  4145.225      62.0     0.498     -0.35                                        
  4145.295      28.0     4.263     -1.81                                        
  4145.300      24.0     2.985     -3.76                                        
  4145.479   23.0051     2.284     -2.50                                 KURHFS 
  4145.479   23.0051     2.284     -2.69                                 KURHFS 
  4145.480      25.1     5.414     -3.81                                        
  4145.485   23.0051     2.284     -2.47                                 KURHFS 
  4145.485   23.0051     2.284     -2.48                                 KURHFS 
  4145.485   23.0051     2.284     -2.69                                 KURHFS 
  4145.486      58.1     0.808     -1.62                                 LAWLER 
  4145.487      24.0     3.123     -9.88                                        
  4145.494   23.0051     2.284     -2.34                                 KURHFS 
  4145.494   23.0051     2.284     -2.37                                 KURHFS 
  4145.494   23.0051     2.284     -2.47                                 KURHFS 
  4145.502      24.0     3.823     -1.22                                        
  4145.505   23.0051     2.284     -2.18                                 KURHFS 
  4145.505   23.0051     2.284     -2.33                                 KURHFS 
  4145.505   23.0051     2.284     -2.37                                 KURHFS 
  4145.520   23.0051     2.284     -2.01                                 KURHFS 
  4145.520   23.0051     2.284     -2.33                                 KURHFS 
  4145.520   23.0051     2.284     -2.34                                 KURHFS 
  4145.537   23.0051     2.284     -1.85                                 KURHFS 
  4145.537   23.0051     2.284     -2.34                                 KURHFS 
  4145.537   23.0051     2.284     -2.41                                 KURHFS 
  4145.557   23.0051     2.284     -1.70                                 KURHFS 
  4145.557   23.0051     2.284     -2.41                                 KURHFS 
  4145.557   23.0051     2.284     -2.63                                 KURHFS 
  4145.568      20.0     5.916     -4.47                                        
  4145.580   23.0051     2.284     -1.56                                 KURHFS 
  4145.580   23.0051     2.284     -2.63                                 KURHFS 
  4145.598      42.0     2.913     -1.82                                        
  4145.620      66.1     0.540     -1.86                                 LAWLER 
  4145.668      26.0     4.280     -4.05                                        
  4145.734      44.0     1.122     -0.73                                        
  4145.758      72.0     0.699     -1.55                                        
  4145.781      24.1     5.315     -1.16                                        
  4145.859      90.0     1.738      0.00                                        
  4145.860      23.0     2.682     -2.33                               KURNOHFS 
  4145.873   23.0051     1.063     -7.46                                 KURHFS 
  4145.873   23.0051     1.063     -8.30                                 KURHFS 
  4145.873   23.0051     1.063     -9.42                                 KURHFS 
  4145.878   23.0051     1.063     -7.61                                 KURHFS 
  4145.878   23.0051     1.063     -8.11                                 KURHFS 
  4145.878   23.0051     1.063     -9.01                                 KURHFS 
  4145.882   23.0051     1.063     -7.77                                 KURHFS 
  4145.882   23.0051     1.063     -8.05                                 KURHFS 
  4145.882   23.0051     1.063     -8.79                                 KURHFS 
  4145.885   23.0051     1.063     -7.97                                 KURHFS 
  4145.885   23.0051     1.063     -8.08                                 KURHFS 
  4145.885   23.0051     1.063     -8.66                                 KURHFS 
  4145.888   23.0051     1.063     -8.17                                 KURHFS 
  4145.888   23.0051     1.063     -8.22                                 KURHFS 
  4145.888   23.0051     1.063     -8.61                                 KURHFS 
  4145.890   23.0051     1.063     -8.36                                 KURHFS 
  4145.890   23.0051     1.063     -8.61                                 KURHFS 
  4145.890   23.0051     1.063     -8.64                                 KURHFS 
  4145.899      25.0     4.662     -4.12                                        
  4145.947      74.0     1.507     -1.19                                        
  4145.974      28.0     3.793     -2.71                                        
  4145.985      22.0     3.102     -0.21                                        
  4145.995      41.0     1.368     -1.06                                        
