Zr II    4050       line list
  4048.612      23.0     0.017    -2.590
  4048.613      62.1     0.434    -1.310
  4048.680      40.1     0.801    -0.345
  4048.703      26.1     9.753    -4.332
  4048.732      26.0     3.651    -3.845
  4048.743      25.0     2.162    -0.130
  4048.750      26.1     7.863    -3.463
  4048.780      24.0     3.847     0.310
  4048.788      20.0     4.677    -3.910
  4048.810      60.1     1.337     0.440
  4048.817      23.0     1.892    -2.720
  4048.832      26.1     5.565    -2.145
  4048.886      26.0     3.600    -4.684
  4048.926      66.0     1.055     0.264
  4048.931      26.1     9.119    -2.855
  4048.950      26.0     4.151    -2.870
  4048.956      25.0     3.841    -4.111
  4048.969      28.0     3.594    -4.868
  4048.971      58.1     1.012     -1.14                                BIEMONT
  4048.985      25.0     4.341     0.137
  4049.014      42.0     3.209    -2.039
  4049.017      23.1     3.793    -1.480
  4049.028      58.1     0.808     -0.91                                BIEMONT
  4049.030      58.1     0.495     -1.08                                BIEMONT
  4049.035      45.0     1.675    -1.350
  4049.037      24.0     4.437    -2.499
  4049.097      24.1     6.479    -0.861
  4049.100      27.0     1.048    -4.054
  4049.136      25.0     3.841    -3.422
  4049.194      64.0     0.937     0.268
  4049.279      27.0     2.628    -3.483
  4049.327      26.0     2.586    -2.370
  4049.334      20.0     2.930    -2.084
  4049.362      58.1     0.634     -1.18                                BIEMONT
  4049.363      66.0     0.512    -0.525
  4049.393      22.0     2.133    -1.106
  4049.414      44.0     1.865    -0.950
  4049.422      25.0     3.769    -1.454
  4049.423      64.1     0.662    -0.124
  4049.446      72.1     2.209    -0.540
  4049.485      68.1     0.000    -1.592
  4049.560      62.1     0.248    -1.959
  4049.579      25.0     3.841    -2.968
  4049.612      42.0     2.595    -1.758
  4049.666      23.1     6.037    -4.577
  4049.713      28.0     3.703    -2.655
  4049.733      23.0     2.377    -3.379
  4049.748      24.0     3.077    -4.262
  4049.748      24.0     4.614    -2.003
  4049.756      41.0     1.629    -0.200
  4049.771      26.0     3.637    -3.286
  4049.774      24.0     3.847    -0.750
  4049.788      25.1     4.932    -3.897
  4049.812      62.1     0.000    -1.290
  4049.855      64.1     0.990     0.429
  4049.896      26.1     9.724    -3.925
  4049.943      27.0     2.135    -4.260
  4049.945      90.0     0.457    -1.039
  4049.945      21.0     2.000    -1.244
  4050.022      24.0     2.542    -2.060
  4050.041      92.1     0.000    -0.713
  4050.073      57.1     1.954     0.110
  4050.090      42.0     2.596    -1.550
  4050.138      24.0     4.436    -2.308
  4050.192      42.0     2.678    -2.634
  4050.221      21.0     2.606    -3.841
  4050.288      25.0     4.317    -0.882
  4050.329      40.1     0.713     -1.00                                BIEMONT
  4050.346      22.0     2.115    -2.234
  4050.358      20.0     4.621    -2.823
  4050.366      64.0     0.948     0.279
  4050.375      25.0     4.317    -1.300
  4050.442      23.0     1.954    -2.505
  4050.450      42.0     2.621    -2.229
  4050.464      40.0     0.542    -1.020
  4050.501      23.0     3.264    -4.353
  4050.541      26.0     4.309    -3.439
  4050.565      66.1     0.589     -0.47                                 LAWLER
  4050.613      25.1     5.344    -5.280
  4050.629      29.0     5.720    -1.520
  4050.644      26.1     9.753    -4.265
  4050.669      21.0     1.968    -2.733
  4050.679      26.0     4.188     -0.72                                    ADJ
  4050.716      21.1     6.903    -1.278
  4050.729      24.0     4.407    -4.027
  4050.732      26.0     4.317    -3.700
  4050.736      25.0     5.345    -2.523
  4050.816      58.1     0.875     -0.82                                BIEMONT
  4050.876      58.1     1.250     -1.09                                BIEMONT
  4050.915      28.1     8.387    -2.526
  4050.920      27.1     8.556    -3.639
  4050.927      26.0     4.188    -2.566
  4050.936      23.0     3.129    -3.180
  4050.946      25.0     5.108    -2.601
  4050.953      23.0     2.129     0.540
  4050.982      20.1     7.042    -5.016
  4050.997      25.0     4.791    -3.021
  4051.054      23.1     1.803    -1.648
  4051.138      24.0     4.437    -2.485
  4051.141      60.1     0.380     -0.30                                 LAWLER
  4051.172      28.0     4.102    -1.300
  4051.180      42.0     3.901    -0.434
  4051.191       6.0     7.940    -3.930
  4051.212      26.1     5.566    -2.992
  4051.213      26.0     3.299    -2.930
  4051.247      25.0     2.918    -2.826
  4051.286      23.1     3.800    -0.486
  4051.315      26.0     4.073    -2.025
  4051.340      28.1     6.324    -5.505
  4051.343      26.0     3.249    -5.146
  4051.347      23.0     2.136     0.600
  4051.372       6.0     7.940    -4.060
  4051.391      44.0     1.087    -0.310
  4051.424      58.1     0.634     -0.45                                BIEMONT
  4051.435      76.0     2.009    -1.340
  4051.461      24.0     3.085    -3.177
  4051.483      28.1     9.405    -2.426
  4051.508      41.0     1.156    -0.670
  4051.646      27.0     3.949    -3.039
  4051.751      26.1     7.264    -3.310
  4051.803      62.0     0.498    -1.184
  4051.829      21.0     1.968    -1.090
  4051.887      26.0     4.257    -2.710
  4051.906      26.0     3.394    -1.430
  4051.912      92.1     0.652    -0.541
  4051.930      24.1     3.101    -2.192
  4051.985      22.0     1.732    -3.939
  4051.990      58.1     0.739     -1.11                                BIEMONT
  4052.013      26.0     3.265    -2.750
  4052.040      22.0     2.343    -4.187
  4052.137      22.0     1.738    -3.622
  4052.194      44.0     1.122    -1.320
  4052.245      26.0     3.639    -3.819
  4052.275      26.0     4.217    -2.285
  4052.291      70.0     2.442    -0.468
  4052.293      26.0     3.366    -2.209
  4052.294      25.0     4.602    -2.216
  4052.315      26.0     3.632    -2.286
  4052.383      29.0     5.773    -1.780
  4052.439      26.0     3.281    -2.042
  4052.457      23.0     0.040    -3.020
  4052.472      25.0     4.350    -0.130
  4052.475      26.1     9.828    -1.574
  4052.553      20.0     2.930    -7.385
