Nd II    4825.5       line list
  4822.065      24.0     3.077     -3.08                                        
  4822.069      20.0     4.765     -4.13                                        
  4822.119      39.0     1.899      0.02                                        
  4822.225      23.1     6.182     -4.37                                        
  4822.274      25.0     4.723     -2.10                                        
  4822.328      26.0     4.730     -1.38                                        
  4822.417      42.0     2.513     -1.78                                        
  4822.512      22.0     3.111     -2.10                                        
  4822.548      58.0     0.000     -0.44                                        
  4822.559      26.0     4.151     -2.22                                        
  4822.586      25.0     4.682     -1.14                                        
  4822.616      23.0     2.860     -2.35                               KURNOHFS 
  4822.668      26.0     3.271     -4.03                                        
  4822.812      23.1     2.034     -4.63                                        
  4822.837      26.0     4.470     -4.26                                        
  4822.849      23.1     5.476     -1.97                                        
  4822.855      90.0     0.615     -1.66                                        
  4822.919      42.0     2.474     -2.15                                        
  4822.970      59.1     0.216     -1.15                                        
  4823.127   23.0051     1.944     -4.80                                 KURHFS 
  4823.130      22.0     2.235     -4.81                                        
  4823.132   23.0051     1.944     -4.80                                 KURHFS 
  4823.132   23.0051     1.944     -4.98                                 KURHFS 
  4823.136      23.0     2.676     -5.83                               KURNOHFS 
  4823.139   23.0051     1.944     -4.64                                 KURHFS 
  4823.139   23.0051     1.944     -5.10                                 KURHFS 
  4823.139   23.0051     1.944     -5.23                                 KURHFS 
  4823.148   23.0051     1.944     -4.63                                 KURHFS 
  4823.148   23.0051     1.944     -4.67                                 KURHFS 
  4823.148   23.0051     1.944     -5.66                                 KURHFS 
  4823.160   23.0051     1.944     -4.38                                 KURHFS 
  4823.160   23.0051     1.944     -4.79                                 KURHFS 
  4823.174   23.0051     1.944     -4.17                                 KURHFS 
  4823.182      90.1     0.514     -2.67                                        
  4823.198      27.0     4.229     -2.82                                        
  4823.228      26.0     3.881     -2.52                                        
  4823.305      39.1     0.992     -1.11                                BIEMONT 
  4823.319      14.0     4.926     -2.99                                        
  4823.356      23.1     3.970     -1.87                                        
  4823.388   23.0051     1.050     -5.47                                 KURHFS 
  4823.388   23.0051     1.050     -5.65                                 KURHFS 
  4823.389   23.0051     1.050     -5.05                                 KURHFS 
  4823.389   23.0051     1.050     -5.35                                 KURHFS 
  4823.389   23.0051     1.050     -5.35                                 KURHFS 
  4823.389   23.0051     1.050     -5.46                                 KURHFS 
  4823.389   23.0051     1.050     -5.46                                 KURHFS 
  4823.389   23.0051     1.050     -5.47                                 KURHFS 
  4823.389   23.0051     1.050     -5.67                                 KURHFS 
  4823.428      23.0     1.711     -5.41                               KURNOHFS 
  4823.469   25.0055     2.317     -2.97                                 KURHFS 
  4823.484   25.0055     2.317     -2.63                                 KURHFS 
  4823.490   25.0055     2.317     -1.55                                 KURHFS 
  4823.498   25.0055     2.317     -2.54                                 KURHFS 
  4823.502   25.0055     2.317     -1.37                                 KURHFS 
  4823.510   25.0055     2.317     -2.67                                 KURHFS 
  4823.512   25.0055     2.317     -1.33                                 KURHFS 
  4823.515   25.0055     2.317     -0.46                                 KURHFS 
  4823.521   25.0055     2.317     -1.38                                 KURHFS 
  4823.523   25.0055     2.317     -0.56                                 KURHFS 
  4823.527   25.0055     2.317     -1.57                                 KURHFS 
  4823.530   25.0055     2.317     -0.68                                 KURHFS 
  4823.535   25.0055     2.317     -0.80                                 KURHFS 
  4823.537   25.0055     2.317     -0.93                                 KURHFS 
  4823.538   25.0055     2.317     -1.06                                 KURHFS 
  4823.607      90.0     0.788     -1.42                                        
  4823.626      26.0     4.412     -3.57                                        
  4823.794      23.0     2.573     -1.84                               KURNOHFS 
  4823.929      24.0     4.528     -0.53                                        
  4823.982      24.0     2.706     -5.44                                        
  4824.037   57.1139     0.650     -1.25                                 LAWLER 
  4824.056   57.1139     0.650     -1.35                                 LAWLER 
  4824.061      22.0     3.212     -4.10                                        
  4824.071   57.1139     0.650     -1.47                                 LAWLER 
  4824.095      20.0     4.440     -3.00                                        
  4824.127      24.1     3.868     -1.22                                        
  4824.165      26.0     3.632     -2.33                                        
  4824.167      60.1     0.559     -1.89                                        
  4824.217      21.0     3.099     -3.70                               KURNOHFS 
  4824.230      20.0     6.012     -2.97                                        
  4824.271      25.0     4.270     -2.93                                        
  4824.292      40.0     0.650     -1.05                                        
  4824.362      24.1     5.489     -3.92                                        
  4824.456      26.0     4.140     -2.99                                        
  4824.510      22.0     2.083     -4.94                                        
  4824.530      28.0     4.086     -3.81                                        
  4824.680      62.1     1.445     -1.51                                 LAWLER 
  4824.716      25.0     4.432     -3.38                                        
  4824.846      27.0     3.407     -2.36                               KURNOHFS 
  4824.862      26.0     3.045     -5.51                                        
  4824.965      66.0     2.287      0.76                                        
  4824.979      24.1     3.824     -5.66                                        
  4824.989   23.0051     1.944     -5.11                                 KURHFS 
  4824.994   23.0051     1.944     -5.11                                 KURHFS 
  4824.994   23.0051     1.944     -5.29                                 KURHFS 
  4825.001   23.0051     1.944     -4.95                                 KURHFS 
  4825.001   23.0051     1.944     -5.41                                 KURHFS 
  4825.001   23.0051     1.944     -5.54                                 KURHFS 
  4825.011   23.0051     1.944     -4.94                                 KURHFS 
  4825.011   23.0051     1.944     -4.97                                 KURHFS 
  4825.011   23.0051     1.944     -5.96                                 KURHFS 
  4825.023   23.0051     1.944     -4.69                                 KURHFS 
  4825.023   23.0051     1.944     -5.10                                 KURHFS 
  4825.037   23.0051     1.944     -4.47                                 KURHFS 
  4825.268      27.0     4.143     -2.19                                        
  4825.398   23.0051     1.063     -4.67                                 KURHFS 
  4825.398   23.0051     1.063     -5.37                                 KURHFS 
  4825.404   23.0051     1.063     -4.96                                 KURHFS 
  4825.404   23.0051     1.063     -5.18                                 KURHFS 
  4825.404   23.0051     1.063     -5.37                                 KURHFS 
  4825.410   23.0051     1.063     -5.15                                 KURHFS 
  4825.410   23.0051     1.063     -5.18                                 KURHFS 
  4825.410   23.0051     1.063     -5.37                                 KURHFS 
  4825.411      24.0     4.529     -1.72                                        
  4825.414   23.0051     1.063     -5.15                                 KURHFS 
  4825.414   23.0051     1.063     -5.22                                 KURHFS 
  4825.414   23.0051     1.063     -6.08                                 KURHFS 
  4825.418   23.0051     1.063     -5.22                                 KURHFS 
  4825.418   23.0051     1.063     -5.42                                 KURHFS 
  4825.418   23.0051     1.063     -7.33                                 KURHFS 
  4825.420   23.0051     1.063     -5.42                                 KURHFS 
  4825.420   23.0051     1.063     -5.67                                 KURHFS 
  4825.421      73.0     1.393     -1.39                                        
  4825.439      22.0     2.316     -0.98                                        
  4825.480      60.1     0.182     -0.42                                 LAWLER 
  4825.515      24.0     3.085     -1.95                                        
  4825.560   25.0055     3.841     -1.89                                 KURHFS 
  4825.583   25.0055     3.841     -2.10                                 KURHFS 
  4825.583   25.0055     3.841     -2.58                                 KURHFS 
  4825.602   25.0055     3.841     -2.37                                 KURHFS 
  4825.602   25.0055     3.841     -2.43                                 KURHFS 
  4825.602   25.0055     3.841     -3.53                                 KURHFS 
  4825.616   25.0055     3.841     -2.45                                 KURHFS 
  4825.616   25.0055     3.841     -2.78                                 KURHFS 
  4825.616   25.0055     3.841     -3.15                                 KURHFS 
  4825.626   25.0055     3.841     -2.61                                 KURHFS 
  4825.626   25.0055     3.841     -2.98                                 KURHFS 
  4825.631   25.0055     3.841     -2.93                                 KURHFS 
  4825.736      26.1     2.633     -4.83                                        
  4825.755      24.0     5.076     -1.98                                        
  4825.950   25.0055     3.133    -10.43                                 KURHFS 
  4825.950   25.0055     3.133     -8.83                                 KURHFS 
  4825.950   25.0055     3.133     -9.34                                 KURHFS 
  4825.959   25.0055     3.133    -10.30                                 KURHFS 
  4825.959   25.0055     3.133     -8.69                                 KURHFS 
  4825.959   25.0055     3.133     -9.15                                 KURHFS 
  4825.971   25.0055     3.133    -10.40                                 KURHFS 
  4825.971   25.0055     3.133     -8.56                                 KURHFS 
  4825.971   25.0055     3.133     -9.09                                 KURHFS 
  4825.987   25.0055     3.133    -10.73                                 KURHFS 
  4825.987   25.0055     3.133     -8.44                                 KURHFS 
  4825.987   25.0055     3.133     -9.13                                 KURHFS 
  4826.005   25.0055     3.133     -8.33                                 KURHFS 
  4826.005   25.0055     3.133     -9.32                                 KURHFS 
  4826.026   25.0055     3.133     -8.22                                 KURHFS 
  4826.040      22.0     2.660     -1.35                                        
  4826.190      24.0     3.365     -2.42                                        
  4826.274      27.0     2.875     -3.02                               KURNOHFS 
  4826.288      22.0     3.421     -2.15                                        
  4826.288      59.1     0.795     -1.62                                        
  4826.322      59.1     0.795     -0.88                                IVNOHFS 
  4826.492   25.0055     3.133    -10.49                                 KURHFS 
  4826.492   25.0055     3.133    -10.74                                 KURHFS 
  4826.499   25.0055     3.133    -10.42                                 KURHFS 
  4826.499   25.0055     3.133    -10.54                                 KURHFS 
  4826.499   25.0055     3.133    -10.74                                 KURHFS 
  4826.509   25.0055     3.133    -10.25                                 KURHFS 
  4826.509   25.0055     3.133    -10.48                                 KURHFS 
  4826.509   25.0055     3.133    -10.54                                 KURHFS 
  4826.523   25.0055     3.133    -10.06                                 KURHFS 
  4826.523   25.0055     3.133    -10.48                                 KURHFS 
  4826.523   25.0055     3.133    -10.51                                 KURHFS 
  4826.539   25.0055     3.133    -10.51                                 KURHFS 
  4826.539   25.0055     3.133    -10.69                                 KURHFS 
  4826.539   25.0055     3.133     -9.87                                 KURHFS 
  4826.560   25.0055     3.133    -10.69                                 KURHFS 
  4826.560   25.0055     3.133     -9.70                                 KURHFS 
  4826.565      23.0     2.893     -2.71                               KURNOHFS 
  4826.566      26.0     4.073     -2.65                                        
  4826.570      62.1     1.515     -1.43                                 LAWLER 
  4826.620      26.0     4.792     -2.04                                        
  4826.665      76.0     1.746     -2.26                                        
  4826.703      59.1     0.422     -1.36                                        
  4826.756      90.0     1.622     -0.47                                        
  4826.786      23.0     2.073     -4.98                               KURNOHFS 
  4826.796       6.0     7.482     -2.98                                        
  4826.810      22.0     3.438     -2.32                                        
  4826.857      24.0     4.172     -1.21                                        
  4826.863   25.0055     3.850     -1.84                                 KURHFS 
  4826.873      57.1     0.173     -2.26                                        
  4826.888   25.0055     3.850     -2.21                                 KURHFS 
  4826.888   25.0055     3.850     -2.31                                 KURHFS 
  4826.907   25.0055     3.850     -2.21                                 KURHFS 
  4826.907   25.0055     3.850     -2.75                                 KURHFS 
  4826.920   25.0055     3.850     -2.32                                 KURHFS 
  4826.982      69.1     3.481      0.05                                        
  4827.145      24.1     7.381     -2.72                                        
  4827.178      23.0     1.798     -6.42                               KURNOHFS 
  4827.258      22.0     3.407     -3.45                                        
  4827.278      21.0     2.138     -0.19                               KURNOHFS 
  4827.382      20.0     6.013     -4.02                                        
  4827.427   23.0051     0.040     -3.28                                 KURHFS 
  4827.429   23.0051     0.040     -3.00                                 KURHFS 
  4827.429   23.0051     0.040     -3.28                                 KURHFS 
  4827.429   23.0051     0.040     -4.30                                 KURHFS 
  4827.433   23.0051     0.040     -2.87                                 KURHFS 
  4827.433   23.0051     0.040     -3.00                                 KURHFS 
  4827.433   23.0051     0.040     -3.61                                 KURHFS 
  4827.439   23.0051     0.040     -2.80                                 KURHFS 
  4827.439   23.0051     0.040     -2.87                                 KURHFS 
  4827.439   23.0051     0.040     -3.16                                 KURHFS 
  4827.447   23.0051     0.040     -2.79                                 KURHFS 
  4827.447   23.0051     0.040     -2.80                                 KURHFS 
  4827.447   23.0051     0.040     -2.83                                 KURHFS 
  4827.456   23.0051     0.040     -2.56                                 KURHFS 
  4827.456   23.0051     0.040     -2.79                                 KURHFS 
  4827.456   23.0051     0.040     -2.86                                 KURHFS 
  4827.468   23.0051     0.040     -2.35                                 KURHFS 
  4827.468   23.0051     0.040     -2.86                                 KURHFS 
  4827.468   23.0051     0.040     -3.06                                 KURHFS 
  4827.482   23.0051     0.040     -2.16                                 KURHFS 
  4827.482   23.0051     0.040     -3.06                                 KURHFS 
  4827.521      27.0     4.237     -3.30                                        
  4827.524      24.0     4.398     -4.45                                        
  4827.539      23.0     2.038     -5.97                               KURNOHFS 
  4827.548      22.0     3.059     -3.01                                        
  4827.572      22.0     2.304     -1.15                                        
  4827.644      20.0     5.045     -1.69                                        
  4827.693      23.0     2.876     -3.38                               KURNOHFS 
  4827.735      60.1     0.204     -2.00                                        
  4827.854      23.0     3.096     -3.19                               KURNOHFS 
