Nd II    4462.9       line list
  4459.008      39.0     1.355     -1.50                                        
  4459.017   27.0059     3.014     -7.47                                 KURHFS 
  4459.025   27.0059     3.014     -7.06                                 KURHFS 
  4459.027      28.0     3.304     -0.18                                        
  4459.032   27.0059     3.014     -6.84                                 KURHFS 
  4459.039   27.0059     3.014     -6.71                                 KURHFS 
  4459.046   27.0059     3.014     -6.66                                 KURHFS 
  4459.051   27.0059     3.014     -6.36                                 KURHFS 
  4459.052   27.0059     3.014     -6.69                                 KURHFS 
  4459.053   27.0059     3.014     -6.16                                 KURHFS 
  4459.055   27.0059     3.014     -6.11                                 KURHFS 
  4459.056   27.0059     3.014     -6.13                                 KURHFS 
  4459.057   27.0059     3.014     -6.22                                 KURHFS 
  4459.058   27.0059     3.014     -6.41                                 KURHFS 
  4459.069   27.0059     3.014     -6.66                                 KURHFS 
  4459.074   27.0059     3.014     -6.27                                 KURHFS 
  4459.077      58.1     0.960     -1.59                                 LAWLER 
  4459.079   27.0059     3.014     -6.02                                 KURHFS 
  4459.083   27.0059     3.014     -5.82                                 KURHFS 
  4459.087   27.0059     3.014     -5.66                                 KURHFS 
  4459.090   27.0059     3.014     -5.51                                 KURHFS 
  4459.111      24.0     3.854     -2.66                                        
  4459.117      26.0     2.174     -1.28                                        
  4459.130      26.0     4.577     -3.18                                        
  4459.219      23.0     2.581     -1.00                               KURNOHFS 
  4459.236      68.1     0.055     -1.99                                        
  4459.238      24.0     3.836     -3.30                                        
  4459.285      62.0     0.101     -0.45                                        
  4459.332      23.1     4.002     -3.92                                        
  4459.353      26.0     4.175     -1.40                                        
  4459.374      24.0     2.706     -1.15                                        
  4459.375      24.0     3.886     -2.51                                        
  4459.485      76.0     1.907     -1.45                                        
  4459.519      25.0     5.083     -1.31                                        
  4459.535   23.0051     1.182     -4.13                                 KURHFS 
  4459.535   23.0051     1.182     -4.27                                 KURHFS 
  4459.544   23.0051     1.182     -4.13                                 KURHFS 
  4459.544   23.0051     1.182     -4.60                                 KURHFS 
  4459.579      25.1     6.181     -3.75                                        
  4459.708   23.0051     0.286     -2.31                                 KURHFS 
  4459.711   23.0051     0.286     -2.02                                 KURHFS 
  4459.711   23.0051     0.286     -2.28                                 KURHFS 
  4459.716   23.0051     0.286     -1.83                                 KURHFS 
  4459.716   23.0051     0.286     -2.28                                 KURHFS 
  4459.716   23.0051     0.286     -2.33                                 KURHFS 
  4459.723   23.0051     0.286     -1.74                                 KURHFS 
  4459.723   23.0051     0.286     -1.89                                 KURHFS 
  4459.723   23.0051     0.286     -2.45                                 KURHFS 
  4459.733   23.0051     0.286     -1.63                                 KURHFS 
  4459.733   23.0051     0.286     -1.72                                 KURHFS 
  4459.733   23.0051     0.286     -2.67                                 KURHFS 
  4459.734      24.0     3.011     -0.65                                        
  4459.746   23.0051     0.286     -1.44                                 KURHFS 
  4459.746   23.0051     0.286     -1.77                                 KURHFS 
  4459.746   23.0051     0.286     -3.08                                 KURHFS 
  4459.761   23.0051     0.286     -1.27                                 KURHFS 
  4459.761   23.0051     0.286     -1.97                                 KURHFS 
  4459.770      23.1     4.002     -1.50                                        
  4459.772      73.0     2.376     -0.36                                        
  4459.779   23.0051     0.286     -1.13                                 KURHFS 
  4459.859      26.0     2.725     -4.00                                        
  4459.907   27.0059     2.135     -7.65                                 KURHFS 
  4459.916   27.0059     2.135     -7.45                                 KURHFS 
  4459.924   27.0059     2.135     -7.38                                 KURHFS 
  4459.931   27.0059     2.135     -7.39                                 KURHFS 
  4459.938   27.0059     2.135     -7.45                                 KURHFS 
  4459.945   27.0059     2.135     -7.59                                 KURHFS 
  4459.946   27.0059     2.135     -6.75                                 KURHFS 
  4459.949   27.0059     2.135     -6.93                                 KURHFS 
  4459.951   27.0059     2.135     -7.15                                 KURHFS 
  4459.951   27.0059     2.135     -7.87                                 KURHFS 
  4459.953   27.0059     2.135     -7.42                                 KURHFS 
  4459.955   27.0059     2.135     -7.75                                 KURHFS 
  4459.956   27.0059     2.135     -8.19                                 KURHFS 
  4459.957   27.0059     2.135     -8.89                                 KURHFS 
  4459.963   27.0059     2.135     -7.87                                 KURHFS 
  4459.968   27.0059     2.135     -7.59                                 KURHFS 
  4459.973   27.0059     2.135     -7.45                                 KURHFS 
  4459.977   27.0059     2.135     -7.39                                 KURHFS 
  4459.981   27.0059     2.135     -7.38                                 KURHFS 
  4459.985   27.0059     2.135     -7.45                                 KURHFS 
  4459.988   27.0059     2.135     -7.65                                 KURHFS 
  4460.027      44.0     1.087     -0.53                                        
  4460.117      26.0     2.756     -6.39                                        
  4460.128   23.0051     1.349     -4.30                                 KURHFS 
  4460.131   23.0051     1.349     -4.03                                 KURHFS 
  4460.131   23.0051     1.349     -4.23                                 KURHFS 
  4460.135      22.0     2.425     -1.85                                        
  4460.136   23.0051     1.349     -3.83                                 KURHFS 
  4460.136   23.0051     1.349     -4.03                                 KURHFS 
  4460.136   23.0051     1.349     -4.93                                 KURHFS 
  4460.140      60.1     0.380     -1.68                                 LAWLER 
  4460.144   23.0051     1.349     -3.66                                 KURHFS 
  4460.144   23.0051     1.349     -3.93                                 KURHFS 
  4460.144   23.0051     1.349     -4.77                                 KURHFS 
  4460.155   23.0051     1.349     -3.51                                 KURHFS 
  4460.155   23.0051     1.349     -3.88                                 KURHFS 
  4460.155   23.0051     1.349     -4.77                                 KURHFS 
  4460.168   23.0051     1.349     -3.38                                 KURHFS 
  4460.168   23.0051     1.349     -3.89                                 KURHFS 
  4460.168   23.0051     1.349     -4.87                                 KURHFS 
  4460.178   23.0051     2.364     -5.60                                 KURHFS 
  4460.179   23.0051     2.364     -5.32                                 KURHFS 
  4460.179   23.0051     2.364     -5.60                                 KURHFS 
  4460.179   23.0051     2.364     -6.62                                 KURHFS 
  4460.180   23.0051     2.364     -5.18                                 KURHFS 
  4460.180   23.0051     2.364     -5.32                                 KURHFS 
  4460.180   23.0051     2.364     -5.92                                 KURHFS 
  4460.182   23.0051     2.364     -5.12                                 KURHFS 
  4460.182   23.0051     2.364     -5.18                                 KURHFS 
  4460.182   23.0051     2.364     -5.47                                 KURHFS 
  4460.182      24.0     4.571     -3.21                                        
  4460.184   23.0051     1.349     -3.27                                 KURHFS 
  4460.184   23.0051     1.349     -3.96                                 KURHFS 
  4460.184   23.0051     1.349     -5.07                                 KURHFS 
  4460.184   23.0051     2.364     -5.11                                 KURHFS 
  4460.184   23.0051     2.364     -5.12                                 KURHFS 
  4460.184   23.0051     2.364     -5.14                                 KURHFS 
  4460.187   23.0051     2.364     -4.88                                 KURHFS 
  4460.187   23.0051     2.364     -5.11                                 KURHFS 
  4460.187   23.0051     2.364     -5.17                                 KURHFS 
  4460.187      26.0     3.692     -4.71                                        
  4460.191   23.0051     2.364     -4.66                                 KURHFS 
  4460.191   23.0051     2.364     -5.17                                 KURHFS 
  4460.191   23.0051     2.364     -5.38                                 KURHFS 
  4460.195   23.0051     2.364     -4.47                                 KURHFS 
  4460.195   23.0051     2.364     -5.38                                 KURHFS 
  4460.202   23.0051     1.349     -3.16                                 KURHFS 
  4460.202   23.0051     1.349     -4.17                                 KURHFS 
  4460.202   23.0051     1.349     -5.47                                 KURHFS 
  4460.207      58.1     0.477      0.28                                 LAWLER 
  4460.239   23.0051     0.300     -1.89                                 KURHFS 
  4460.239   23.0051     0.300     -1.96                                 KURHFS 
  4460.239   23.0051     0.300     -2.59                                 KURHFS 
  4460.245   23.0051     0.300     -1.69                                 KURHFS 
  4460.245   23.0051     0.300     -1.69                                 KURHFS 
  4460.245   23.0051     0.300     -2.43                                 KURHFS 
  4460.253   23.0051     0.300     -1.49                                 KURHFS 
  4460.253   23.0051     0.300     -1.59                                 KURHFS 
  4460.253   23.0051     0.300     -2.43                                 KURHFS 
  4460.264   23.0051     0.300     -1.32                                 KURHFS 
  4460.264   23.0051     0.300     -1.54                                 KURHFS 
  4460.264   23.0051     0.300     -2.53                                 KURHFS 
  4460.277   23.0051     0.300     -1.17                                 KURHFS 
  4460.277   23.0051     0.300     -1.55                                 KURHFS 
  4460.277   23.0051     0.300     -2.73                                 KURHFS 
  4460.293   23.0051     0.300     -1.04                                 KURHFS 
  4460.293   23.0051     0.300     -1.62                                 KURHFS 
  4460.293   23.0051     0.300     -3.13                                 KURHFS 
  4460.305      40.0     0.632     -1.94                                        
  4460.312   23.0051     0.300     -0.93                                 KURHFS 
  4460.312   23.0051     0.300     -1.83                                 KURHFS 
  4460.334   23.0051     0.300     -0.82                                 KURHFS 
  4460.344   25.0055     3.073     -3.71                                 KURHFS 
  4460.351   25.0055     3.073     -3.36                                 KURHFS 
  4460.356   25.0055     3.073     -3.23                                 KURHFS 
  4460.358   25.0055     3.073     -2.49                                 KURHFS 
  4460.359      68.1     1.350     -2.43                                 LAWLER 
  4460.361   25.0055     3.073     -3.31                                 KURHFS 
  4460.362   25.0055     3.073     -2.31                                 KURHFS 
  4460.365   25.0055     3.073     -2.29                                 KURHFS 
  4460.367   25.0055     3.073     -2.36                                 KURHFS 
  4460.368   25.0055     3.073     -2.53                                 KURHFS 
  4460.371   25.0055     3.073     -2.56                                 KURHFS 
  4460.373   25.0055     3.073     -2.28                                 KURHFS 
  4460.375   25.0055     3.073     -2.06                                 KURHFS 
  4460.376   25.0055     3.073     -1.57                                 KURHFS 
  4460.376   25.0055     3.073     -1.71                                 KURHFS 
  4460.376   25.0055     3.073     -1.87                                 KURHFS 
  4460.415      41.0     1.674     -0.61                                        
  4460.419      25.0     5.083     -3.34                                        
  4460.425      23.0     2.357     -0.88                               KURNOHFS 
  4460.436      24.0     4.096     -0.80                                        
  4460.488      74.0     1.707     -1.01                                        
  4460.495   23.0051     1.852     -5.29                                 KURHFS 
  4460.495   23.0051     1.852     -5.48                                 KURHFS 
  4460.498   23.0051     1.852     -5.26                                 KURHFS 
  4460.498   23.0051     1.852     -5.27                                 KURHFS 
  4460.498   23.0051     1.852     -5.48                                 KURHFS 
  4460.503   23.0051     1.852     -5.13                                 KURHFS 
  4460.503   23.0051     1.852     -5.16                                 KURHFS 
  4460.503   23.0051     1.852     -5.26                                 KURHFS 
  4460.510   23.0051     1.852     -4.97                                 KURHFS 
  4460.510   23.0051     1.852     -5.12                                 KURHFS 
  4460.510   23.0051     1.852     -5.16                                 KURHFS 
  4460.519   23.0051     1.852     -4.80                                 KURHFS 
  4460.519   23.0051     1.852     -5.12                                 KURHFS 
  4460.519   23.0051     1.852     -5.13                                 KURHFS 
  4460.520      22.0     3.176     -2.29                                        
  4460.529   23.0051     1.852     -4.64                                 KURHFS 
  4460.529   23.0051     1.852     -5.13                                 KURHFS 
  4460.529   23.0051     1.852     -5.20                                 KURHFS 
  4460.542   23.0051     1.852     -4.49                                 KURHFS 
  4460.542   23.0051     1.852     -5.20                                 KURHFS 
  4460.542   23.0051     1.852     -5.42                                 KURHFS 
  4460.544      26.0     4.217     -3.60                                        
  4460.555   23.0051     1.852     -4.36                                 KURHFS 
  4460.555   23.0051     1.852     -5.42                                 KURHFS 
  4460.622      42.0     2.075     -1.80                                        
  4460.654      20.0     5.802     -3.71                                        
  4460.682      26.0     4.603     -1.54                                        
  4460.727      27.0     3.949     -4.35                               KURNOHFS 
  4460.770      24.0     4.093     -3.49                                        
  4460.772      24.0     2.707     -1.49                                        
  4460.784      22.0     3.196     -2.32                                        
  4460.793      21.0     3.099     -3.39                               KURNOHFS 
  4460.897      22.0     2.248     -2.48                                        
  4460.949   23.0051     2.357     -1.82                                 KURHFS 
  4460.949   23.0051     2.357     -2.07                                 KURHFS 
  4460.949   23.0051     2.357     -2.10                                 KURHFS 
  4460.955   23.0051     2.357     -1.63                                 KURHFS 
  4460.955   23.0051     2.357     -1.68                                 KURHFS 
  4460.955   23.0051     2.357     -2.07                                 KURHFS 
  4460.964   23.0051     2.357     -1.43                                 KURHFS 
  4460.964   23.0051     2.357     -1.54                                 KURHFS 
  4460.964   23.0051     2.357     -2.12                                 KURHFS 
  4460.977   23.0051     2.357     -1.23                                 KURHFS 
  4460.977   23.0051     2.357     -1.52                                 KURHFS 
  4460.977   23.0051     2.357     -2.25                                 KURHFS 
  4460.992   23.0051     2.357     -1.07                                 KURHFS 
  4460.992   23.0051     2.357     -1.57                                 KURHFS 
  4460.992   23.0051     2.357     -2.47                                 KURHFS 
  4461.011   23.0051     2.357     -0.93                                 KURHFS 
  4461.011   23.0051     2.357     -1.77                                 KURHFS 
  4461.011   23.0051     2.357     -2.88                                 KURHFS 
  4461.052      20.0     6.049     -3.63                                        
  4461.059   25.0055     3.073     -1.98                                 KURHFS 
  4461.063      90.1     1.669     -0.86                                        
  4461.064   25.0055     3.073     -1.80                                 KURHFS 
  4461.069   25.0055     3.073     -1.77                                 KURHFS 
  4461.073   25.0055     3.073     -1.83                                 KURHFS 
  4461.076   25.0055     3.073     -2.03                                 KURHFS 
  4461.077   25.0055     3.073     -0.99                                 KURHFS 
  4461.079   25.0055     3.073     -1.16                                 KURHFS 
  4461.080   25.0055     3.073     -1.34                                 KURHFS 
  4461.081   25.0055     3.073     -1.54                                 KURHFS 
  4461.082      24.0     3.836     -2.57                                        
  4461.082   25.0055     3.073     -1.71                                 KURHFS 
  4461.083   25.0055     3.073     -1.78                                 KURHFS 
  4461.088   25.0055     3.073     -2.03                                 KURHFS 
  4461.090   25.0055     3.073     -1.83                                 KURHFS 
  4461.093   25.0055     3.073     -1.77                                 KURHFS 
  4461.094   25.0055     3.073     -1.80                                 KURHFS 
  4461.096   25.0055     3.073     -1.98                                 KURHFS 
  4461.133      58.1     0.909     -0.08                                 LAWLER 
  4461.181      72.0     0.699     -1.42                                        
  4461.196      26.0     3.015     -1.94                                        
  4461.223      25.0     4.751     -4.01                                        
  4461.241      90.0     0.457     -1.19                                        
  4461.251      40.1     1.010     -1.18                                        
  4461.305      24.0     3.119     -2.07                                        
  4461.362      64.0     0.920     -0.86                                        
  4461.372      26.0     3.412     -2.52                                        
  4461.385      24.0     4.446     -3.44                                        
  4461.439      26.1     2.581     -4.11                                        
  4461.478      26.0     4.952     -3.00                                        
  4461.491      24.0     3.814     -3.65                                        
  4461.511      25.0     4.636     -2.61                                        
  4461.528      90.0     1.021     -0.96                                        
  4461.549      22.0     3.184     -2.13                                        
  4461.550      42.0     3.435     -1.35                                        
  4461.565      23.1     6.334     -3.75                                        
  4461.613      20.0     6.050     -3.41                                        
  4461.629      20.0     6.050     -3.35                                        
  4461.653      26.0     0.087     -3.21                                        
  4461.694      26.1     7.839     -3.91                                        
  4461.700      90.1     2.331     -0.53                                        
  4461.706      26.1     6.221     -2.05                                        
  4461.713      26.0     4.604     -4.32                                        
  4461.776      23.1     5.791     -3.92                                        
  4461.793      26.0     3.015     -4.86                                        
  4461.848      23.1     6.291     -2.24                                        
  4461.859      22.0     0.899     -4.71                                        
  4461.862      24.0     3.008     -5.77                                        
  4461.917      22.0     2.238     -2.25                                        
  4461.968      26.0     3.600     -1.21                                        
  4461.971      26.0     3.637     -2.63                                        
  4461.994      26.0     3.069     -1.89                                        
  4462.022   25.0055     3.073     -0.28                                 KURHFS 
  4462.026   25.0055     3.073     -0.39                                 KURHFS 
  4462.030   25.0055     3.073     -0.50                                 KURHFS 
  4462.032      58.1     0.600     -2.22                                 LAWLER 
  4462.034   25.0055     3.073     -0.62                                 KURHFS 
  4462.037      26.0     4.280     -2.06                                        
  4462.038   25.0055     3.073     -0.75                                 KURHFS 
  4462.042   25.0055     3.073     -0.88                                 KURHFS 
  4462.043   25.0055     3.073     -1.38                                 KURHFS 
  4462.044   25.0055     3.073     -1.19                                 KURHFS 
  4462.045   25.0055     3.073     -1.15                                 KURHFS 
  4462.047   25.0055     3.073     -1.21                                 KURHFS 
  4462.047   25.0055     3.073     -1.40                                 KURHFS 
  4462.056   25.0055     3.073     -2.49                                 KURHFS 
  4462.058   25.0055     3.073     -2.36                                 KURHFS 
  4462.059      24.0     3.887     -1.21                                        
  4462.060   25.0055     3.073     -2.46                                 KURHFS 
  4462.062   25.0055     3.073     -2.79                                 KURHFS 
  4462.089      22.0     0.000     -3.11                                        
  4462.105      27.0     4.107     -4.04                                        
  4462.142      20.0     4.765     -4.22                                        
  4462.198      26.0     3.600     -2.94                                        
  4462.206      21.1     7.851     -6.36                                        
  4462.212      23.1     6.253     -3.83                                        
  4462.256      25.0     3.761     -3.24                               KURNOHFS 
  4462.288      25.0     4.657     -1.45                                        
  4462.300      76.0     2.606     -1.13                                        
  4462.311      26.0     4.368     -3.46                                        
  4462.327   23.0051     1.858     -0.78                                 KURHFS 
  4462.335   23.0051     1.858     -0.70                                 KURHFS 
  4462.335   23.0051     1.858     -1.51                                 KURHFS 
  4462.344   23.0051     1.858     -0.61                                 KURHFS 
  4462.344   23.0051     1.858     -1.29                                 KURHFS 
  4462.344   23.0051     1.858     -2.72                                 KURHFS 
  4462.357   23.0051     1.858     -0.53                                 KURHFS 
  4462.357   23.0051     1.858     -1.20                                 KURHFS 
  4462.357   23.0051     1.858     -2.49                                 KURHFS 
  4462.372   23.0051     1.858     -0.45                                 KURHFS 
  4462.372   23.0051     1.858     -1.16                                 KURHFS 
  4462.372   23.0051     1.858     -2.44                                 KURHFS 
  4462.389   23.0051     1.858     -0.37                                 KURHFS 
  4462.389   23.0051     1.858     -1.18                                 KURHFS 
  4462.389   23.0051     1.858     -2.51                                 KURHFS 
  4462.391   27.0059     2.698     -6.81                                 KURHFS 
  4462.393      26.0     4.577     -2.15                                        
  4462.406   27.0059     2.698     -6.42                                 KURHFS 
  4462.409   23.0051     1.858     -0.30                                 KURHFS 
  4462.409   23.0051     1.858     -1.27                                 KURHFS 
  4462.409   23.0051     1.858     -2.69                                 KURHFS 
  4462.410      60.1     0.204     -0.91                                 LAWLER 
  4462.419   27.0059     2.698     -6.23                                 KURHFS 
  4462.420   27.0059     2.698     -5.36                                 KURHFS 
  4462.431   27.0059     2.698     -5.14                                 KURHFS 
  4462.431   27.0059     2.698     -6.15                                 KURHFS 
  4462.432   23.0051     1.858     -0.23                                 KURHFS 
  4462.432   23.0051     1.858     -1.49                                 KURHFS 
  4462.432   23.0051     1.858     -3.07                                 KURHFS 
  4462.441   27.0059     2.698     -5.06                                 KURHFS 
  4462.442   27.0059     2.698     -6.18                                 KURHFS 
  4462.449   27.0059     2.698     -5.04                                 KURHFS 
  4462.449      28.0     3.462     -0.55                                        
  4462.451   27.0059     2.698     -6.38                                 KURHFS 
  4462.452   27.0059     2.698     -4.21                                 KURHFS 
  4462.456   27.0059     2.698     -5.08                                 KURHFS 
  4462.460   27.0059     2.698     -4.29                                 KURHFS 
  4462.462   27.0059     2.698     -5.17                                 KURHFS 
  4462.466   27.0059     2.698     -4.38                                 KURHFS 
  4462.466   27.0059     2.698     -5.38                                 KURHFS 
  4462.470   23.0051     2.357     -4.19                                 KURHFS 
  4462.470   23.0051     2.357     -4.44                                 KURHFS 
  4462.471   27.0059     2.698     -4.48                                 KURHFS 
  4462.474   27.0059     2.698     -4.58                                 KURHFS 
  4462.476   23.0051     2.357     -3.99                                 KURHFS 
  4462.476   23.0051     2.357     -4.19                                 KURHFS 
  4462.476   23.0051     2.357     -6.10                                 KURHFS 
  4462.476   27.0059     2.698     -4.70                                 KURHFS 
  4462.476   27.0059     2.698     -4.93                                 KURHFS 
  4462.477   27.0059     2.698     -4.81                                 KURHFS 
  4462.486   23.0051     2.357     -3.92                                 KURHFS 
  4462.486   23.0051     2.357     -3.99                                 KURHFS 
  4462.486   23.0051     2.357     -4.85                                 KURHFS 
  4462.498   23.0051     2.357     -3.92                                 KURHFS 
  4462.498   23.0051     2.357     -3.96                                 KURHFS 
  4462.498   23.0051     2.357     -4.14                                 KURHFS 
  4462.505      21.0     2.606     -3.76                               KURNOHFS 
  4462.514   23.0051     2.357     -3.73                                 KURHFS 
  4462.514   23.0051     2.357     -3.96                                 KURHFS 
  4462.514   23.0051     2.357     -4.14                                 KURHFS 
  4462.533   23.0051     2.357     -3.44                                 KURHFS 
  4462.533   23.0051     2.357     -4.14                                 KURHFS 
  4462.622      20.0     4.677     -2.77                                        
  4462.638      22.0     3.212     -2.41                                        
  4462.709      22.0     2.406     -3.90                                        
  4462.745      22.0     2.425     -1.23                                        
  4462.752      23.1     1.554     -6.85                                        
  4462.770      24.0     3.008     -1.30                                        
  4462.823      64.0     1.494      0.28                                        
  4462.967      92.1     0.113     -1.78                                        
  4462.980      60.1     0.559      0.04                                 LAWLER 
  4463.074   23.0051     1.948     -3.65                                 KURHFS 
  4463.077   23.0051     1.948     -3.39                                 KURHFS 
  4463.077   23.0051     1.948     -3.58                                 KURHFS 
  4463.083   23.0051     1.948     -3.18                                 KURHFS 
  4463.083   23.0051     1.948     -3.39                                 KURHFS 
  4463.083   23.0051     1.948     -4.28                                 KURHFS 
  4463.092   23.0051     1.948     -3.01                                 KURHFS 
  4463.092   23.0051     1.948     -3.28                                 KURHFS 
  4463.092   23.0051     1.948     -4.13                                 KURHFS 
  4463.104   23.0051     1.948     -2.87                                 KURHFS 
  4463.104   23.0051     1.948     -3.24                                 KURHFS 
  4463.104   23.0051     1.948     -4.13                                 KURHFS 
  4463.119   23.0051     1.948     -2.74                                 KURHFS 
  4463.119   23.0051     1.948     -3.24                                 KURHFS 
  4463.119   23.0051     1.948     -4.22                                 KURHFS 
  4463.130      26.0     3.069     -3.30                                        
  4463.136   23.0051     1.948     -2.62                                 KURHFS 
  4463.136   23.0051     1.948     -3.31                                 KURHFS 
  4463.136   23.0051     1.948     -4.43                                 KURHFS 
  4463.157   23.0051     1.948     -2.52                                 KURHFS 
  4463.157   23.0051     1.948     -3.53                                 KURHFS 
  4463.157   23.0051     1.948     -4.83                                 KURHFS 
  4463.240      64.1     1.250     -0.96                                 LAWLER 
  4463.332      24.0     3.432     -2.57                                        
  4463.353      20.0     4.677     -2.17                                        
  4463.381      22.0     1.878     -0.44                                        
  4463.404      26.0     4.253     -1.82                                        
  4463.407      58.1     0.957      0.08                                BIEMONT 
  4463.416      28.0     3.477     -1.58                                        
  4463.497      74.0     2.965     -0.03                                        
  4463.531      22.0     1.886     -0.27                                        
  4463.533      75.0     4.369      0.06                                        
  4463.586      22.0     2.406     -2.87                                        
  4463.637      23.0     2.682     -3.28                               KURNOHFS 
  4463.790      27.0     4.022     -2.67                               KURNOHFS 
  4463.890      62.0     0.282     -1.19                                        
  4463.908      25.1     5.563     -5.07                                        
  4464.067      24.0     4.436     -2.83                                        
  4464.139      41.0     0.348     -1.61                                        
  4464.171      22.0     3.106      0.36                                        
  4464.173      58.1     1.319     -0.64                                        
  4464.219      23.0     2.372     -0.91                               KURNOHFS 
  4464.272      24.0     3.446     -2.49                                        
  4464.295      23.1     3.755     -1.45                                        
  4464.372      56.1     5.979     -3.01                                        
  4464.385   27.0059     3.565     -3.50                                 KURHFS 
  4464.389   27.0059     3.565     -3.24                                 KURHFS 
  4464.389   27.0059     3.565     -3.43                                 KURHFS 
  4464.398   27.0059     3.565     -3.03                                 KURHFS 
  4464.398   27.0059     3.565     -3.24                                 KURHFS 
  4464.398   27.0059     3.565     -4.13                                 KURHFS 
  4464.411   27.0059     3.565     -2.86                                 KURHFS 
  4464.411   27.0059     3.565     -3.13                                 KURHFS 
  4464.411   27.0059     3.565     -3.98                                 KURHFS 
  4464.429   27.0059     3.565     -2.72                                 KURHFS 
  4464.429   27.0059     3.565     -3.08                                 KURHFS 
  4464.429   27.0059     3.565     -3.98                                 KURHFS 
  4464.450      22.1     1.160     -2.08                                        
  4464.451   27.0059     3.565     -2.59                                 KURHFS 
  4464.451   27.0059     3.565     -3.09                                 KURHFS 
  4464.451   27.0059     3.565     -4.07                                 KURHFS 
  4464.477   27.0059     3.565     -2.47                                 KURHFS 
  4464.477   27.0059     3.565     -3.16                                 KURHFS 
  4464.477   27.0059     3.565     -4.28                                 KURHFS 
  4464.486      42.0     3.154     -1.79                                        
  4464.508   27.0059     3.565     -2.37                                 KURHFS 
  4464.508   27.0059     3.565     -3.37                                 KURHFS 
  4464.508   27.0059     3.565     -4.67                                 KURHFS 
  4464.574      22.0     2.316     -5.15                                        
  4464.662      24.0     3.009     -1.36                                        
  4464.670   25.0055     2.918     -0.69                                 KURHFS 
  4464.670      64.0     1.551      0.77                                        
  4464.673   25.0055     2.918     -1.46                                 KURHFS 
  4464.676   25.0055     2.918     -1.46                                 KURHFS 
  4464.679   25.0055     2.918     -0.95                                 KURHFS 
  4464.682   25.0055     2.918     -1.30                                 KURHFS 
  4464.684   25.0055     2.918     -1.30                                 KURHFS 
  4464.685      28.0     4.534     -4.37                                        
  4464.686   25.0055     2.918     -1.28                                 KURHFS 
  4464.688   25.0055     2.918     -1.30                                 KURHFS 
  4464.689   23.0051     1.948     -2.81                                 KURHFS 
  4464.690   25.0055     2.918     -1.30                                 KURHFS 
  4464.690      26.0     3.239     -2.75                                        
  4464.692   23.0051     1.948     -2.53                                 KURHFS 
  4464.692   23.0051     1.948     -2.81                                 KURHFS 
  4464.692   23.0051     1.948     -3.83                                 KURHFS 
  4464.692   25.0055     2.918     -1.73                                 KURHFS 
  4464.693   25.0055     2.918     -1.40                                 KURHFS 
  4464.694   25.0055     2.918     -1.40                                 KURHFS 
  4464.695   25.0055     2.918     -2.43                                 KURHFS 
  4464.696   25.0055     2.918     -1.66                                 KURHFS 
  4464.696      26.0     4.253     -4.20                                        
  4464.697   25.0055     2.918     -1.66                                 KURHFS 
  4464.698   23.0051     1.948     -2.39                                 KURHFS 
  4464.698   23.0051     1.948     -2.53                                 KURHFS 
  4464.698   23.0051     1.948     -3.13                                 KURHFS 
  4464.698      58.1     1.026     -0.41                                BIEMONT 
  4464.706   23.0051     1.948     -2.33                                 KURHFS 
  4464.706   23.0051     1.948     -2.39                                 KURHFS 
  4464.706   23.0051     1.948     -2.68                                 KURHFS 
  4464.718   23.0051     1.948     -2.32                                 KURHFS 
  4464.718   23.0051     1.948     -2.33                                 KURHFS 
  4464.718   23.0051     1.948     -2.35                                 KURHFS 
  4464.733   23.0051     1.948     -2.09                                 KURHFS 
  4464.733   23.0051     1.948     -2.32                                 KURHFS 
  4464.733   23.0051     1.948     -2.38                                 KURHFS 
  4464.742      22.0     2.394     -0.14                                        
  4464.751   23.0051     1.948     -1.87                                 KURHFS 
  4464.751   23.0051     1.948     -2.38                                 KURHFS 
  4464.751   23.0051     1.948     -2.59                                 KURHFS 
  4464.766      26.0     3.015     -1.78                                        
  4464.767      42.0     2.521     -1.43                                        
  4464.772   23.0051     1.948     -1.68                                 KURHFS 
  4464.772   23.0051     1.948     -2.59                                 KURHFS 
  4464.777      20.0     6.022     -5.56                                        
  4464.867      24.0     4.096     -1.64                                        
  4464.902      24.0     3.009     -1.30                                        
  4464.902      24.0     3.814     -3.12                                        
  4464.951      24.0     3.319     -4.06                                        
  4464.973      63.1     3.377      0.20                                        
  4464.974      26.0     3.639     -3.21                                        
  4464.988      26.0     4.206     -3.70                                        
