Ho II    4045.4      line list
  4042.018      25.0     3.380     -3.71                               KURNOHFS 
  4042.043      26.0     2.422     -4.22                                        
  4042.075      22.1     5.028     -2.37                                        
  4042.128      58.1     1.106     -0.69                                        
  4042.165      24.0     4.614     -0.91                                        
  4042.230      40.0     1.395     -0.09                                        
  4042.242      24.0     2.543     -1.82                                        
  4042.262   25.0055     3.132     -9.14                                 KURHFS 
  4042.266   25.0055     3.132     -8.88                                 KURHFS 
  4042.266   25.0055     3.132     -9.14                                 KURHFS 
  4042.266   25.0055     3.132     -9.91                                 KURHFS 
  4042.272   25.0055     3.132     -8.78                                 KURHFS 
  4042.272   25.0055     3.132     -8.88                                 KURHFS 
  4042.272   25.0055     3.132     -9.21                                 KURHFS 
  4042.275      27.1     8.627     -3.35                                        
  4042.282   25.0055     3.132     -8.76                                 KURHFS 
  4042.282   25.0055     3.132     -8.78                                 KURHFS 
  4042.282   25.0055     3.132     -8.79                                 KURHFS 
  4042.295   25.0055     3.132     -8.43                                 KURHFS 
  4042.295   25.0055     3.132     -8.79                                 KURHFS 
  4042.295   25.0055     3.132     -8.95                                 KURHFS 
  4042.311   25.0055     3.132     -8.17                                 KURHFS 
  4042.311   25.0055     3.132     -8.95                                 KURHFS 
  4042.356      25.0     4.723     -4.07                                        
  4042.360      28.0     3.895     -1.48                                        
  4042.381      25.0     4.270     -2.08                                        
  4042.382      23.1     1.564     -3.95                                        
  4042.440      60.1     0.204     -1.33                                 LAWLER 
  4042.473      24.0     2.980     -5.29                                        
  4042.519      20.0     4.677     -5.02                                        
  4042.536      23.1     6.019     -2.59                                        
  4042.572      41.0     1.504     -0.62                                        
  4042.581      58.1     0.495      0.00                                 LAWLER 
  4042.603   23.0051     1.892     -2.08                                 KURHFS 
  4042.603   23.0051     1.892     -2.08                                 KURHFS 
  4042.603   23.0051     1.892     -2.38                                 KURHFS 
  4042.605      22.0     2.173     -2.33                                        
  4042.616   23.0051     1.892     -1.92                                 KURHFS 
  4042.616   23.0051     1.892     -1.94                                 KURHFS 
  4042.616   23.0051     1.892     -2.26                                 KURHFS 
  4042.634   23.0051     1.892     -1.66                                 KURHFS 
  4042.634   23.0051     1.892     -1.91                                 KURHFS 
  4042.634   23.0051     1.892     -2.51                                 KURHFS 
  4042.656   23.0051     1.892     -1.44                                 KURHFS 
  4042.656   23.0051     1.892     -2.07                                 KURHFS 
  4042.656   23.0051     1.892     -2.94                                 KURHFS 
  4042.662      21.1     7.566     -2.04                                        
  4042.710      62.1     0.040     -0.99                                 LAWLER 
  4042.750      92.0     0.077      0.05                                        
  4042.752      64.1     1.446     -0.65                                        
  4042.756      26.0     3.281     -3.27                                        
  4042.859   23.0051     0.000     -7.21                                 KURHFS 
  4042.859   23.0051     0.000     -7.21                                 KURHFS 
  4042.859   23.0051     0.000     -7.51                                 KURHFS 
  4042.867      42.0     3.165     -0.48                                        
  4042.868   23.0051     0.000     -7.04                                 KURHFS 
  4042.868   23.0051     0.000     -7.07                                 KURHFS 
  4042.868   23.0051     0.000     -7.38                                 KURHFS 
  4042.880   23.0051     0.000     -6.79                                 KURHFS 
  4042.880   23.0051     0.000     -7.03                                 KURHFS 
  4042.880   23.0051     0.000     -7.63                                 KURHFS 
  4042.895   23.0051     0.000     -6.57                                 KURHFS 
  4042.895   23.0051     0.000     -7.20                                 KURHFS 
  4042.895   23.0051     0.000     -8.06                                 KURHFS 
  4042.900      62.1     0.104     -0.72                                 LAWLER 
  4042.901      57.1     0.926      0.27                                        
  4042.929      24.0     3.011     -3.96                                        
  4043.008      68.1     0.669     -0.87                                        
  4043.036      58.1     0.736     -0.34                                BIEMONT 
  4043.072      60.1     1.293     -0.28                                        
  4043.119      20.0     4.677     -4.09                                        
  4043.130      90.1     0.230     -2.21                                        
  4043.156      41.0     1.893     -0.24                                        
  4043.162      68.1     0.636     -2.83                                 LAWLER 
  4043.208      25.0     4.791     -2.97                                        
  4043.251      26.0     3.265     -4.47                                        
  4043.258      42.0     3.390     -1.49                                        
  4043.267      22.1     5.212     -4.80                                        
  4043.270      27.0     3.527     -2.17                               KURNOHFS 
  4043.303      24.1     7.985     -4.60                                        
  4043.322      20.0     5.045     -1.02                                        
  4043.360   25.0055     3.133     -8.31                                 KURHFS 
  4043.360   25.0055     3.133     -8.34                                 KURHFS 
  4043.360   25.0055     3.133     -9.09                                 KURHFS 
  4043.364   25.0055     3.133     -8.06                                 KURHFS 
  4043.364   25.0055     3.133     -8.14                                 KURHFS 
  4043.364   25.0055     3.133     -9.01                                 KURHFS 
  4043.371   25.0055     3.133     -7.83                                 KURHFS 
  4043.371   25.0055     3.133     -8.07                                 KURHFS 
  4043.371   25.0055     3.133     -9.14                                 KURHFS 
  4043.381   25.0055     3.133     -7.65                                 KURHFS 
  4043.381   25.0055     3.133     -8.10                                 KURHFS 
  4043.381   25.0055     3.133     -9.49                                 KURHFS 
  4043.393   25.0055     3.133     -7.49                                 KURHFS 
  4043.393   25.0055     3.133     -8.27                                 KURHFS 
  4043.395      90.0     0.615     -0.77                                        
  4043.407   25.0055     3.133     -7.35                                 KURHFS 
  4043.448      21.0     2.318     -1.77                               KURNOHFS 
  4043.482      24.0     4.609     -4.39                                        
  4043.524      26.1     7.863     -3.13                                        
  4043.590      60.1     0.320     -0.71                                 LAWLER 
  4043.593      24.0     3.011     -3.41                                        
  4043.599      40.0     0.519     -0.37                                        
  4043.608      26.0     4.291     -3.96                                        
  4043.657      24.0     3.085     -1.52                                        
  4043.669      25.0     4.317     -2.14                                        
  4043.684      24.0     4.452     -2.86                                        
  4043.686      26.0     2.482     -3.83                                        
  4043.688      26.1     7.552     -3.72                                        
  4043.706      64.0     0.920      0.43                                        
  4043.756      26.0     3.632     -2.26                                        
  4043.757      22.0     2.159     -1.69                                        
  4043.766      23.0     1.798     -4.01                               KURNOHFS 
  4043.805      21.0     1.968     -0.34                               KURNOHFS 
  4043.812   27.0059     3.772     -2.85                                 KURHFS 
  4043.812   27.0059     3.772     -2.85                                 KURHFS 
  4043.812   27.0059     3.772     -3.15                                 KURHFS 
  4043.823   27.0059     3.772     -2.69                                 KURHFS 
  4043.823   27.0059     3.772     -2.71                                 KURHFS 
  4043.823   27.0059     3.772     -3.03                                 KURHFS 
  4043.839   27.0059     3.772     -2.43                                 KURHFS 
  4043.839   27.0059     3.772     -2.68                                 KURHFS 
  4043.839   27.0059     3.772     -3.28                                 KURHFS 
  4043.858   27.0059     3.772     -2.21                                 KURHFS 
  4043.858   27.0059     3.772     -2.84                                 KURHFS 
  4043.858   27.0059     3.772     -3.71                                 KURHFS 
  4043.882   25.0055     2.918     -8.04                                 KURHFS 
  4043.882   25.0055     2.918     -8.82                                 KURHFS 
  4043.885   25.0055     2.918     -8.31                                 KURHFS 
  4043.885   25.0055     2.918     -8.66                                 KURHFS 
  4043.885   25.0055     2.918     -8.82                                 KURHFS 
  4043.885      26.0     2.725     -6.93                                        
  4043.887   25.0055     2.918     -8.64                                 KURHFS 
  4043.887   25.0055     2.918     -8.65                                 KURHFS 
  4043.887   25.0055     2.918     -8.66                                 KURHFS 
  4043.888   25.0055     2.918     -8.65                                 KURHFS 
  4043.888   25.0055     2.918     -8.76                                 KURHFS 
  4043.888   25.0055     2.918     -9.09                                 KURHFS 
  4043.889   25.0055     2.918     -8.76                                 KURHFS 
  4043.889   25.0055     2.918     -9.02                                 KURHFS 
  4043.889   25.0055     2.918     -9.02                                 KURHFS 
  4043.889   25.0055     2.918     -9.79                                 KURHFS 
  4043.893      74.0     2.385     -0.66                                        
  4043.897      26.0     3.239     -0.83                                        
  4043.933      25.1     5.414     -3.94                                        
  4043.977      26.0     3.239     -1.12                                        
  4044.012      26.1     5.566     -2.41                                        
  4044.024      64.0     0.066     -1.67                                        
  4044.037   27.0059     3.620     -4.62                                 KURHFS 
  4044.037   27.0059     3.620     -5.32                                 KURHFS 
  4044.060      62.1     0.248     -1.49                                 LAWLER 
  4044.090   27.0059     3.620     -4.92                                 KURHFS 
  4044.090   27.0059     3.620     -5.14                                 KURHFS 
  4044.090   27.0059     3.620     -5.32                                 KURHFS 
  4044.108      41.0     1.629     -0.22                                        
  4044.134   27.0059     3.620     -5.11                                 KURHFS 
  4044.134   27.0059     3.620     -5.14                                 KURHFS 
  4044.134   27.0059     3.620     -5.32                                 KURHFS 
  4044.142      19.0     0.000     -1.92                                        
  4044.146   23.0051     2.357     -4.93                                 KURHFS 
  4044.146   23.0051     2.357     -5.18                                 KURHFS 
  4044.151   23.0051     2.357     -4.73                                 KURHFS 
  4044.151   23.0051     2.357     -4.93                                 KURHFS 
  4044.151   23.0051     2.357     -6.84                                 KURHFS 
  4044.151      24.0     3.085     -3.67                                        
  4044.159   23.0051     2.357     -4.67                                 KURHFS 
  4044.159   23.0051     2.357     -4.73                                 KURHFS 
  4044.159   23.0051     2.357     -5.59                                 KURHFS 
  4044.169   23.0051     2.357     -4.67                                 KURHFS 
  4044.169   23.0051     2.357     -4.70                                 KURHFS 
  4044.169   23.0051     2.357     -4.88                                 KURHFS 
  4044.169   27.0059     3.620     -5.11                                 KURHFS 
  4044.169   27.0059     3.620     -5.17                                 KURHFS 
  4044.169   27.0059     3.620     -6.04                                 KURHFS 
  4044.182   23.0051     2.357     -4.47                                 KURHFS 
  4044.182   23.0051     2.357     -4.70                                 KURHFS 
  4044.182   23.0051     2.357     -4.88                                 KURHFS 
  4044.195   27.0059     3.620     -5.17                                 KURHFS 
  4044.195   27.0059     3.620     -5.37                                 KURHFS 
  4044.195   27.0059     3.620     -7.28                                 KURHFS 
  4044.197   23.0051     2.357     -4.18                                 KURHFS 
  4044.197   23.0051     2.357     -4.88                                 KURHFS 
  4044.199      27.1     8.327     -3.96                                        
  4044.213   27.0059     3.620     -5.37                                 KURHFS 
  4044.213   27.0059     3.620     -5.63                                 KURHFS 
  4044.237      27.0     3.663     -5.54                               KURNOHFS 
  4044.242      21.0     2.606     -2.72                               KURNOHFS 
  4044.242      26.0     4.140     -3.43                                        
  4044.279      74.0     3.250      0.54                                        
  4044.354      60.1     0.204     -1.36                                        
  4044.373      72.0     2.002     -0.44                                        
  4044.384      21.0     2.318     -1.41                               KURNOHFS 
  4044.412      92.1     0.652     -0.55                                        
  4044.451      21.0     2.612     -2.69                               KURNOHFS 
  4044.473      69.0     1.087     -0.08                                        
  4044.487      22.0     1.732     -3.63                                        
  4044.492      26.0     4.100     -1.22                                        
  4044.513      23.0     1.802     -3.69                               KURNOHFS 
  4044.545      26.0     3.265     -1.89                                        
  4044.567      40.0     0.603     -0.57                                        
  4044.603      26.1     9.123     -4.07                                        
  4044.609      26.0     2.829     -1.08                                        
  4044.713      41.0     1.674     -0.30                                        
  4044.720      26.0     3.684     -3.08                                        
  4044.729      24.2     8.630     -6.63                                        
  4044.742   59.1141     0.000     -0.91                                 LI/LAW 
  4044.772      25.0     5.108     -2.10                                        
  4044.772   59.1141     0.000     -2.08                                 LI/LAW 
  4044.779      24.0     3.110     -4.07                                        
  4044.781   59.1141     0.000     -1.00                                 LI/LAW 
  4044.798   59.1141     0.000     -3.58                                 LI/LAW 
  4044.807   59.1141     0.000     -1.89                                 LI/LAW 
  4044.814   59.1141     0.000     -1.10                                 LI/LAW 
  4044.829   59.1141     0.000     -3.25                                 LI/LAW 
  4044.832      22.0     2.316     -3.40                                        
  4044.836   59.1141     0.000     -1.85                                 LI/LAW 
  4044.842   59.1141     0.000     -1.21                                 LI/LAW 
  4044.854   59.1141     0.000     -3.16                                 LI/LAW 
  4044.860   59.1141     0.000     -1.90                                 LI/LAW 
  4044.864   59.1141     0.000     -1.31                                 LI/LAW 
  4044.869      26.1     9.823     -2.27                                        
  4044.874   59.1141     0.000     -3.31                                 LI/LAW 
  4044.878   59.1141     0.000     -2.09                                 LI/LAW 
  4044.881   59.1141     0.000     -1.42                                 LI/LAW 
  4044.949      25.0     4.682     -3.08                                        
  4044.976      26.0     4.206     -2.58                                        
  4045.009      64.0     0.000     -0.11                                        
  4045.050      62.1     0.104     -1.38                                 LAWLER 
  4045.064      20.0     3.907     -4.13                                        
  4045.084      24.0     2.913     -2.37                                        
  4045.085      24.0     2.870     -5.59                                        
  4045.113      26.0     4.257     -0.57                                        
  4045.114      25.0     4.329      0.25                                        
  4045.140      64.1     0.556     -1.10                                 LAWLER 
  4045.193      25.0     4.229      0.04                                        
  4045.203      24.0     4.407     -2.37                                        
  4045.221      58.1     0.808     -0.56                                BIEMONT 
  4045.223      22.0     2.504     -3.82                                        
  4045.297   67.1165     0.000     -3.68                                LAWLER  
  4045.301   67.1165     0.000     -3.42                                LAWLER  
  4045.307   67.1165     0.000     -3.36                                LAWLER  
  4045.314   67.1165     0.000     -3.41                                LAWLER  
  4045.318      58.1     0.734     -0.95                                 LAWLER 
  4045.322   67.1165     0.000     -3.59                                LAWLER  
  4045.331   67.1165     0.000     -3.96                                LAWLER  
  4045.335   67.1165     0.000     -2.23                                LAWLER  
  4045.343      22.0     0.825     -3.73                                        
  4045.346   27.0059     1.048     -3.10                                 KURHFS 
  4045.346      58.1     1.278     -0.33                                        
  4045.346   67.1165     0.000     -2.00                                LAWLER  
  4045.351   27.0059     1.048     -2.71                                 KURHFS 
  4045.351   27.0059     1.048     -2.84                                 KURHFS 
  4045.353   27.0059     1.048     -3.13                                 KURHFS 
  4045.356   23.0051     1.217     -3.51                                 KURHFS 
  4045.357   23.0051     1.217     -3.51                                 KURHFS 
  4045.357   23.0051     1.217     -3.68                                 KURHFS 
  4045.358   27.0059     1.048     -2.65                                 KURHFS 
  4045.358   67.1165     0.000     -1.91                                LAWLER  
  4045.359   23.0051     1.217     -3.34                                 KURHFS 
  4045.359   23.0051     1.217     -3.81                                 KURHFS 
  4045.359   23.0051     1.217     -3.93                                 KURHFS 
  4045.360   27.0059     1.048     -2.45                                 KURHFS 
  4045.361   23.0051     1.217     -3.33                                 KURHFS 
  4045.361   23.0051     1.217     -3.37                                 KURHFS 
  4045.361   23.0051     1.217     -4.36                                 KURHFS 
  4045.363   27.0059     1.048     -3.10                                 KURHFS 
  4045.365   23.0051     1.217     -3.08                                 KURHFS 
  4045.365   23.0051     1.217     -3.50                                 KURHFS 
  4045.366   67.1165     0.000     -1.23                                LAWLER  
  4045.367      26.0     3.600     -4.61                                        
  4045.367      26.1     7.839     -3.62                                        
  4045.368   23.0051     1.217     -2.87                                 KURHFS 
  4045.370   27.0059     1.048     -2.56                                 KURHFS 
  4045.372   27.0059     1.048     -2.25                                 KURHFS 
  4045.373   67.1165     0.000     -1.88                                LAWLER  
  4045.377   27.0059     1.048     -3.15                                 KURHFS 
  4045.377      28.0     3.191     -2.08                                        
  4045.384   27.0059     1.048     -2.54                                 KURHFS 
  4045.384   67.1165     0.000     -1.17                                LAWLER  
  4045.388   27.0059     1.048     -2.09                                 KURHFS 
  4045.388   67.1165     0.000     -1.90                                LAWLER  
  4045.394   27.0059     1.048     -3.27                                 KURHFS 
  4045.403   27.0059     1.048     -2.59                                 KURHFS 
  4045.403   67.1165     0.000     -1.10                                LAWLER  
  4045.404   67.1165     0.000     -2.00                                LAWLER  
  4045.408   27.0059     1.048     -1.95                                 KURHFS 
  4045.408      58.1     0.587     -1.77                                 LAWLER 
  4045.410      60.1     0.182     -2.25                                 LAWLER 
  4045.414      26.0     4.317     -2.35                                        
  4045.415   27.0059     1.048     -3.49                                 KURHFS 
  4045.420   67.1165     0.000     -2.22                                LAWLER  
  4045.424   27.0059     1.048     -2.79                                 KURHFS 
  4045.424   67.1165     0.000     -1.04                                LAWLER  
  4045.435      24.0     3.665     -2.74                                        
  4045.439   27.0059     1.048     -3.90                                 KURHFS 
  4045.447   67.1165     0.000     -0.98                                LAWLER  
  4045.453      24.0     3.090     -2.66                                        
  4045.470   67.1165     0.000     -0.92                                LAWLER  
  4045.493   67.1165     0.000     -0.86                                LAWLER  
  4045.517   67.1165     0.000     -0.80                                LAWLER  
  4045.535      42.0     2.834     -1.97                                        
  4045.594      26.0     3.209     -0.90                                        
  4045.600      74.0     0.366     -1.34                                        
  4045.614      26.0     3.940     -2.67                                        
  4045.620      23.0     2.606     -5.61                               KURNOHFS 
  4045.628      90.1     0.764     -1.83                                        
  4045.638      40.1     0.709     -0.60                                        
  4045.669      26.0     4.188     -2.13                                        
  4045.697      24.0     4.436     -3.04                                        
  4045.731      27.0     3.684     -5.14                               KURNOHFS 
  4045.772      44.0     2.112     -0.28                                        
  4045.781      22.0     2.101     -5.95                                        
  4045.812      26.0     1.484      0.28                                        
  4045.878      24.0     3.090     -2.49                                        
  4045.886      28.0     4.263     -3.05                                        
  4045.972      66.0     0.000      0.79                                        
  4046.062      26.0     3.263     -1.30                                        
  4046.150      23.1     3.796     -1.55                                        
  4046.160      62.1     0.104     -1.27                                 LAWLER 
  4046.187      24.0     2.542     -2.23                                        
  4046.231       6.0     7.940     -4.07                                        
  4046.236      21.1     7.566     -1.80                                        
  4046.268      23.1     3.121     -2.41                                        
  4046.291      26.0     4.291     -3.78                                        
  4046.292      26.0     4.253     -3.57                                        
  4046.338      58.1     0.553     -0.16                                 LAWLER 
  4046.339      24.1     4.924     -4.81                                        
  4046.435      24.0     3.110     -5.61                                        
  4046.457      26.0     4.151     -2.25                                        
  4046.479      24.0     2.913     -3.82                                        
  4046.480      21.0     1.994     -0.74                               KURNOHFS 
  4046.559      80.0     4.664     -0.86                                        
  4046.632      25.0     4.791     -3.35                                        
  4046.661      26.1     9.680     -2.62                                        
  4046.695      24.0     4.437     -4.31                                        
  4046.700      26.1     9.693     -3.68                                        
  4046.701      25.0     4.229     -1.93                                        
  4046.704      25.0     4.255     -2.69                                        
  4046.704      74.0     1.654     -1.08                                        
  4046.711       6.0     7.940     -3.86                                        
  4046.743      23.0     3.242     -4.22                               KURNOHFS 
  4046.746      28.0     4.085     -1.28                                        
  4046.755      26.0     4.280     -3.42                                        
  4046.757      24.0     2.542     -1.52                                        
  4046.807      26.1     4.491     -4.10                                        
  4046.839      64.1     1.446     -0.03                                        
  4046.851      27.1     5.118     -5.69                                        
  4046.851      58.1     0.445     -1.88                                 LAWLER 
  4046.881   23.0051     2.113     -2.25                                 KURHFS 
  4046.881   23.0051     2.113     -2.40                                 KURHFS 
  4046.881   23.0051     2.113     -2.56                                 KURHFS 
  4046.881   23.0051     2.113     -2.76                                 KURHFS 
  4046.881   23.0051     2.113     -2.85                                 KURHFS 
  4046.881   23.0051     2.113     -2.87                                 KURHFS 
  4046.881   23.0051     2.113     -2.90                                 KURHFS 
  4046.881   23.0051     2.113     -2.96                                 KURHFS 
  4046.881   23.0051     2.113     -3.01                                 KURHFS 
  4046.881   23.0051     2.113     -3.10                                 KURHFS 
  4046.881   23.0051     2.113     -3.15                                 KURHFS 
  4046.881   23.0051     2.113     -3.40                                 KURHFS 
  4046.881   23.0051     2.113     -3.40                                 KURHFS 
  4046.881   23.0051     2.113     -3.43                                 KURHFS 
  4046.881   23.0051     2.113     -3.45                                 KURHFS 
  4046.881   23.0051     2.113     -3.58                                 KURHFS 
  4046.881   23.0051     2.113     -3.80                                 KURHFS 
  4046.881   23.0051     2.113     -4.21                                 KURHFS 
  4046.891       6.0     7.940     -3.09                                        
  4046.954      68.0     1.332      1.28                                        
  4046.994      25.0     4.350     -2.55                                        
  4047.000      60.1     0.380     -1.68                                 LAWLER 
  4047.011      42.0     2.068     -2.76                                        
  4047.081      24.0     2.965     -6.69                                        
  4047.081      59.1     0.977      0.10                                        
  4047.086      64.0     0.948      0.28                                        
  4047.115      25.0     4.791     -0.94                                        
  4047.144      22.0     2.133     -2.58                                        
  4047.150      62.1     0.184     -0.92                                 LAWLER 
  4047.173      28.1     9.405     -1.92                                        
  4047.202      42.0     3.387     -1.44                                        
  4047.213      19.0     0.000     -2.22                                        
  4047.228   23.0051     0.017     -7.60                                 KURHFS 
  4047.228   23.0051     0.017     -7.85                                 KURHFS 
  4047.228   23.0051     0.017     -7.88                                 KURHFS 
  4047.232   23.0051     0.017     -7.41                                 KURHFS 
  4047.232   23.0051     0.017     -7.46                                 KURHFS 
  4047.232   23.0051     0.017     -7.85                                 KURHFS 
  4047.237   23.0051     0.017     -7.21                                 KURHFS 
  4047.237   23.0051     0.017     -7.32                                 KURHFS 
  4047.237   23.0051     0.017     -7.90                                 KURHFS 
  4047.244   23.0051     0.017     -7.01                                 KURHFS 
  4047.244   23.0051     0.017     -7.30                                 KURHFS 
  4047.244   23.0051     0.017     -8.03                                 KURHFS 
  4047.253   23.0051     0.017     -6.85                                 KURHFS 
  4047.253   23.0051     0.017     -7.35                                 KURHFS 
  4047.253   23.0051     0.017     -8.25                                 KURHFS 
  4047.263   23.0051     0.017     -6.71                                 KURHFS 
  4047.263   23.0051     0.017     -7.55                                 KURHFS 
  4047.263   23.0051     0.017     -8.66                                 KURHFS 
  4047.272      58.1     0.655     -0.72                                BIEMONT 
  4047.276       6.0     7.940     -3.32                                        
  4047.298      22.0     1.442     -3.89                                        
  4047.303      26.0     2.277     -2.80                                        
  4047.318      26.0     3.632     -3.62                                        
  4047.339   23.0051     0.069     -4.57                                 KURHFS 
  4047.341   23.0051     0.069     -4.45                                 KURHFS 
  4047.341   23.0051     0.069     -5.02                                 KURHFS 
  4047.345   23.0051     0.069     -4.33                                 KURHFS 
  4047.345   23.0051     0.069     -4.81                                 KURHFS 
  4047.345   23.0051     0.069     -6.02                                 KURHFS 
  4047.350   23.0051     0.069     -4.22                                 KURHFS 
  4047.350   23.0051     0.069     -4.71                                 KURHFS 
  4047.350   23.0051     0.069     -5.81                                 KURHFS 
  4047.356   23.0051     0.069     -4.11                                 KURHFS 
  4047.356   23.0051     0.069     -4.67                                 KURHFS 
  4047.356   23.0051     0.069     -5.78                                 KURHFS 
  4047.364   23.0051     0.069     -4.02                                 KURHFS 
  4047.364   23.0051     0.069     -4.69                                 KURHFS 
  4047.364   23.0051     0.069     -5.86                                 KURHFS 
  4047.368      27.1     8.417     -4.63                                        
  4047.370      62.1     0.277     -1.50                                 LAWLER 
  4047.372   23.0051     0.069     -3.93                                 KURHFS 
  4047.372   23.0051     0.069     -4.77                                 KURHFS 
  4047.372   23.0051     0.069     -6.05                                 KURHFS 
  4047.382   23.0051     0.069     -3.84                                 KURHFS 
  4047.382   23.0051     0.069     -4.99                                 KURHFS 
  4047.382   23.0051     0.069     -6.44                                 KURHFS 
  4047.422      23.0     1.802     -4.44                               KURNOHFS 
  4047.456       6.0     7.940     -3.93                                        
  4047.515      25.0     5.334     -1.89                                        
  4047.555      42.0     3.441     -1.12                                        
  4047.572      23.0     2.330     -5.28                               KURNOHFS 
  4047.599      20.0     5.736     -4.84                                        
  4047.612      92.0     0.077     -0.34                                        
  4047.613      23.1     5.463     -3.70                                        
  4047.628      39.0     0.000     -0.43                                        
  4047.728      66.0     1.238     -0.02                                        
  4047.747      28.0     4.102     -1.58                                        
  4047.759      24.0     2.913     -4.03                                        
  4047.788   21.0045     0.021     -2.15                                 KURHFS 
  4047.790   21.0045     0.021     -2.15                                 KURHFS 
  4047.790   21.0045     0.021     -2.32                                 KURHFS 
  4047.792   21.0045     0.021     -1.98                                 KURHFS 
  4047.792   21.0045     0.021     -2.45                                 KURHFS 
  4047.792   21.0045     0.021     -2.57                                 KURHFS 
  4047.794   21.0045     0.021     -1.98                                 KURHFS 
  4047.794   21.0045     0.021     -2.01                                 KURHFS 
  4047.794   21.0045     0.021     -3.00                                 KURHFS 
  4047.797   21.0045     0.021     -1.73                                 KURHFS 
  4047.797   21.0045     0.021     -2.14                                 KURHFS 
  4047.800   21.0045     0.021     -1.51                                 KURHFS 
  4047.813      64.1     1.525     -0.18                                        
  4047.874      20.0     5.737     -3.43                                        
  4047.888   23.0051     2.377     -5.39                                 KURHFS 
  4047.888   23.0051     2.377     -6.02                                 KURHFS 
  4047.888   23.0051     2.377     -6.88                                 KURHFS 
  4047.894   23.0051     2.377     -5.61                                 KURHFS 
  4047.894   23.0051     2.377     -5.86                                 KURHFS 
  4047.894   23.0051     2.377     -6.45                                 KURHFS 
  4047.899   23.0051     2.377     -5.86                                 KURHFS 
  4047.899   23.0051     2.377     -5.89                                 KURHFS 
  4047.899   23.0051     2.377     -6.20                                 KURHFS 
  4047.902   23.0051     2.377     -6.03                                 KURHFS 
  4047.902   23.0051     2.377     -6.03                                 KURHFS 
  4047.902   23.0051     2.377     -6.33                                 KURHFS 
  4047.904      26.0     4.317     -3.77                                        
  4047.921      25.0     4.682     -2.32                                        
  4047.933      74.0     0.207     -2.81                                        
  4047.959      72.1     3.833      0.79                                        
