Nd II    4385.7      line list
  4381.931      23.0     2.606     -2.76                               KURNOHFS 
  4382.013      26.0     3.692     -3.37                                        
  4382.013      26.0     4.280     -3.41                                        
  4382.060      64.1     0.556     -1.32                                 LAWLER 
  4382.129      25.0     4.723     -1.67                                        
  4382.165      58.1     0.683      0.13                                 LAWLER 
  4382.169      68.0     0.889     -0.08                                        
  4382.186      20.0     4.529     -3.00                                        
  4382.194      42.0     2.621     -2.31                                        
  4382.323      23.1     2.034     -4.39                                        
  4382.338      21.0     2.612     -3.39                               KURNOHFS 
  4382.400   27.0059     3.949     -4.28                                 KURHFS 
  4382.408      42.0     4.200      0.16                                        
  4382.429      24.0     3.963     -3.88                                        
  4382.437   27.0059     3.949     -4.38                                 KURHFS 
  4382.437   27.0059     3.949     -5.29                                 KURHFS 
  4382.469   27.0059     3.949     -4.50                                 KURHFS 
  4382.469   27.0059     3.949     -5.07                                 KURHFS 
  4382.469   27.0059     3.949     -6.59                                 KURHFS 
  4382.497   27.0059     3.949     -4.63                                 KURHFS 
  4382.497   27.0059     3.949     -5.00                                 KURHFS 
  4382.497   27.0059     3.949     -6.19                                 KURHFS 
  4382.499      24.0     3.110     -1.99                                        
  4382.513      41.0     1.522     -1.29                                        
  4382.520   27.0059     3.949     -4.77                                 KURHFS 
  4382.520   27.0059     3.949     -5.00                                 KURHFS 
  4382.520   27.0059     3.949     -5.98                                 KURHFS 
  4382.538   27.0059     3.949     -4.94                                 KURHFS 
  4382.538   27.0059     3.949     -5.04                                 KURHFS 
  4382.538   27.0059     3.949     -5.89                                 KURHFS 
  4382.552   27.0059     3.949     -5.15                                 KURHFS 
  4382.552   27.0059     3.949     -5.15                                 KURHFS 
  4382.552   27.0059     3.949     -5.89                                 KURHFS 
  4382.553      24.0     3.008     -2.51                                        
  4382.561   27.0059     3.949     -5.34                                 KURHFS 
  4382.561   27.0059     3.949     -5.41                                 KURHFS 
  4382.561   27.0059     3.949     -6.04                                 KURHFS 
  4382.598      20.0     4.760     -3.09                                        
  4382.619      25.0     4.791     -0.06                                        
  4382.626      25.0     3.370     -3.27                               KURNOHFS 
  4382.627      26.0     4.603     -2.91                                        
  4382.634      24.0     3.085     -8.53                                        
  4382.697      28.0     3.462     -2.35                                        
  4382.730      60.1     0.380     -1.04                                 LAWLER 
  4382.759      23.0     1.710     -1.83                               KURNOHFS 
  4382.768      26.0     3.571     -1.44                                        
  4382.817   23.0051     2.377     -2.05                                 KURHFS 
  4382.817   23.0051     2.377     -2.46                                 KURHFS 
  4382.819      22.0     3.184     -1.82                                        
  4382.824   23.0051     2.377     -2.35                                 KURHFS 
  4382.824   23.0051     2.377     -2.46                                 KURHFS 
  4382.824   23.0051     2.377     -2.67                                 KURHFS 
  4382.830   23.0051     2.377     -2.35                                 KURHFS 
  4382.830   23.0051     2.377     -2.48                                 KURHFS 
  4382.830      41.0     0.197     -2.15                                        
  4382.834   23.0051     2.377     -2.48                                 KURHFS 
  4382.834   23.0051     2.377     -2.65                                 KURHFS 
  4382.856      24.0     2.708     -1.59                                        
  4382.871      28.0     3.895     -1.52                                        
  4382.886      25.0     4.657     -0.81                                        
  4382.927      26.0     3.298     -3.06                                        
  4382.970      60.1     0.320     -2.06                                 LAWLER 
  4383.110      24.0     3.119     -4.16                                        
  4383.110      64.1     1.171     -0.62                                 LAWLER 
  4383.172      63.1     3.325      0.17                                        
  4383.206      20.0     5.802     -4.51                                        
  4383.262      92.0     0.471     -0.95                                        
  4383.313      23.0     2.581     -5.00                               KURNOHFS 
  4383.364      44.0     1.316     -1.55                                        
  4383.398      22.0     2.235     -1.87                                        
  4383.451      57.1     1.753     -0.17                                        
  4383.545      26.0     1.484      0.20                                        
  4383.579      24.0     3.077     -4.01                                        
  4383.619   23.0051     1.948     -4.30                                 KURHFS 
  4383.622   23.0051     1.948     -4.04                                 KURHFS 
  4383.622   23.0051     1.948     -4.24                                 KURHFS 
  4383.628   23.0051     1.948     -3.84                                 KURHFS 
  4383.628   23.0051     1.948     -4.04                                 KURHFS 
  4383.628   23.0051     1.948     -4.94                                 KURHFS 
  4383.633      24.0     4.528     -2.68                                        
  4383.636   23.0051     1.948     -3.67                                 KURHFS 
  4383.636   23.0051     1.948     -3.94                                 KURHFS 
  4383.636   23.0051     1.948     -4.78                                 KURHFS 
  4383.648   23.0051     1.948     -3.52                                 KURHFS 
  4383.648   23.0051     1.948     -3.89                                 KURHFS 
  4383.648   23.0051     1.948     -4.78                                 KURHFS 
  4383.662   23.0051     1.948     -3.39                                 KURHFS 
  4383.662   23.0051     1.948     -3.90                                 KURHFS 
  4383.662   23.0051     1.948     -4.88                                 KURHFS 
  4383.679   23.0051     1.948     -3.28                                 KURHFS 
  4383.679   23.0051     1.948     -3.97                                 KURHFS 
  4383.679   23.0051     1.948     -5.08                                 KURHFS 
  4383.699   23.0051     1.948     -3.17                                 KURHFS 
  4383.699   23.0051     1.948     -4.18                                 KURHFS 
  4383.699   23.0051     1.948     -5.48                                 KURHFS 
  4383.780      26.0     4.217     -2.97                                        
  4383.825      27.0     2.868     -4.46                               KURNOHFS 
  4383.840      26.0     3.926     -3.26                                        
  4383.879      24.0     4.385     -3.61                                        
  4383.896   23.0051     1.182     -2.12                                 KURHFS 
  4383.896   23.0051     1.182     -2.26                                 KURHFS 
  4383.906   23.0051     1.182     -2.12                                 KURHFS 
  4383.906   23.0051     1.182     -2.59                                 KURHFS 
  4383.948      26.1     7.711     -4.24                                        
  4383.960      27.0     4.022     -4.52                               KURNOHFS 
  4383.966      20.0     6.000     -3.11                                        
  4384.052      20.0     6.000     -2.92                                        
  4384.060      65.1     1.114     -0.87                               LAWNOHFS 
  4384.094      26.1     6.221     -2.28                                        
  4384.127      25.1     7.751     -4.09                                        
  4384.158   23.0051     0.262     -3.24                                 KURHFS 
  4384.163   23.0051     0.262     -3.21                                 KURHFS 
  4384.171   23.0051     0.262     -3.36                                 KURHFS 
  4384.183   23.0051     0.262     -3.69                                 KURHFS 
  4384.190   23.0051     0.262     -3.21                                 KURHFS 
  4384.191      42.0     2.258     -2.05                                        
  4384.199   23.0051     0.262     -2.89                                 KURHFS 
  4384.262      27.1     3.483     -3.21                                        
  4384.270      26.0     4.555     -1.00                                        
  4384.286      24.0     3.077     -3.44                                        
  4384.300      62.1     0.543     -1.02                                 LAWLER 
  4384.300      66.1     0.930     -1.74                                 LAWLER 
  4384.319      26.1     2.655     -3.50                                        
  4384.377      24.0     3.009     -2.12                                        
  4384.406      26.1     7.647     -4.65                                        
  4384.427      26.0     2.557     -4.57                                        
  4384.439      58.1     0.621     -1.94                                 LAWLER 
  4384.531      28.0     3.462     -1.45                                        
  4384.565   27.0059     3.629     -3.99                                 KURHFS 
  4384.570   27.0059     3.629     -3.71                                 KURHFS 
  4384.570   27.0059     3.629     -3.99                                 KURHFS 
  4384.570   27.0059     3.629     -5.01                                 KURHFS 
  4384.571      28.1     6.641     -5.60                                        
  4384.579   27.0059     3.629     -3.57                                 KURHFS 
  4384.579   27.0059     3.629     -3.71                                 KURHFS 
  4384.579   27.0059     3.629     -4.31                                 KURHFS 
  4384.594   27.0059     3.629     -3.51                                 KURHFS 
  4384.594   27.0059     3.629     -3.57                                 KURHFS 
  4384.594   27.0059     3.629     -3.87                                 KURHFS 
  4384.613   27.0059     3.629     -3.50                                 KURHFS 
  4384.613   27.0059     3.629     -3.51                                 KURHFS 
  4384.613   27.0059     3.629     -3.53                                 KURHFS 
  4384.637   27.0059     3.629     -3.27                                 KURHFS 
  4384.637   27.0059     3.629     -3.50                                 KURHFS 
  4384.637   27.0059     3.629     -3.56                                 KURHFS 
  4384.666   27.0059     3.629     -3.05                                 KURHFS 
  4384.666   27.0059     3.629     -3.56                                 KURHFS 
  4384.666   27.0059     3.629     -3.77                                 KURHFS 
  4384.672      26.0     3.015     -2.16                                        
  4384.673   23.0051     0.286     -1.30                                 KURHFS 
  4384.676   23.0051     0.286     -1.03                                 KURHFS 
  4384.676   23.0051     0.286     -1.23                                 KURHFS 
  4384.678   23.0051     0.069     -3.64                                 KURHFS 
  4384.678   23.0051     0.069     -3.71                                 KURHFS 
  4384.678   23.0051     0.069     -4.34                                 KURHFS 
  4384.681   23.0051     0.069     -3.45                                 KURHFS 
  4384.681   23.0051     0.069     -3.45                                 KURHFS 
  4384.681   23.0051     0.069     -4.19                                 KURHFS 
  4384.681   23.0051     0.286     -0.83                                 KURHFS 
  4384.681   23.0051     0.286     -1.03                                 KURHFS 
  4384.681   23.0051     0.286     -1.93                                 KURHFS 
  4384.685   23.0051     0.069     -3.24                                 KURHFS 
  4384.685   23.0051     0.069     -3.34                                 KURHFS 
  4384.685   23.0051     0.069     -4.19                                 KURHFS 
  4384.688   23.0051     0.286     -0.66                                 KURHFS 
  4384.688   23.0051     0.286     -0.93                                 KURHFS 
  4384.688   23.0051     0.286     -1.77                                 KURHFS 
  4384.691   23.0051     0.069     -3.07                                 KURHFS 
  4384.691   23.0051     0.069     -3.30                                 KURHFS 
  4384.691   23.0051     0.069     -4.29                                 KURHFS 
  4384.692      68.1     0.055     -1.52                                 LAWLER 
  4384.698   23.0051     0.069     -2.93                                 KURHFS 
  4384.698   23.0051     0.069     -3.30                                 KURHFS 
  4384.698   23.0051     0.069     -4.49                                 KURHFS 
  4384.698   23.0051     0.286     -0.51                                 KURHFS 
  4384.698   23.0051     0.286     -0.88                                 KURHFS 
  4384.698   23.0051     0.286     -1.77                                 KURHFS 
  4384.700   27.0059     3.629     -2.87                                 KURHFS 
  4384.700   27.0059     3.629     -3.77                                 KURHFS 
  4384.707   23.0051     0.069     -2.80                                 KURHFS 
  4384.707   23.0051     0.069     -3.38                                 KURHFS 
  4384.707   23.0051     0.069     -4.89                                 KURHFS 
  4384.710   23.0051     0.286     -0.38                                 KURHFS 
  4384.710   23.0051     0.286     -0.89                                 KURHFS 
  4384.710   23.0051     0.286     -1.87                                 KURHFS 
  4384.710      28.1     4.026     -3.64                                        
  4384.714      25.0     4.791     -1.51                                        
  4384.717   23.0051     0.069     -2.68                                 KURHFS 
  4384.717   23.0051     0.069     -3.59                                 KURHFS 
  4384.725   23.0051     0.286     -0.27                                 KURHFS 
  4384.725   23.0051     0.286     -0.96                                 KURHFS 
  4384.725   23.0051     0.286     -2.07                                 KURHFS 
  4384.729   23.0051     0.069     -2.58                                 KURHFS 
  4384.742   23.0051     0.286     -0.16                                 KURHFS 
  4384.742   23.0051     0.286     -1.17                                 KURHFS 
  4384.742   23.0051     0.286     -2.47                                 KURHFS 
  4384.809   21.1045     0.595     -2.81                                 KURHFS 
  4384.810   21.1045     0.595     -2.54                                 KURHFS 
  4384.810   21.1045     0.595     -3.23                                 KURHFS 
  4384.811   21.1045     0.595     -2.33                                 KURHFS 
  4384.813   21.1045     0.595     -2.16                                 KURHFS 
  4384.813   21.1045     0.595     -2.93                                 KURHFS 
  4384.814   21.1045     0.595     -2.75                                 KURHFS 
  4384.815   21.1045     0.595     -3.01                                 KURHFS 
  4384.816   21.1045     0.595     -2.69                                 KURHFS 
  4384.818   21.1045     0.595     -2.72                                 KURHFS 
  4384.818   21.1045     0.595     -3.10                                 KURHFS 
  4384.821   21.1045     0.595     -2.90                                 KURHFS 
  4384.821   21.1045     0.595     -3.25                                 KURHFS 
  4384.824   21.1045     0.595     -3.48                                 KURHFS 
  4384.829   21.1045     0.595     -3.90                                 KURHFS 
  4384.850      74.0     1.915     -0.65                                        
  4384.857      24.0     4.529     -3.35                                        
  4384.879      41.0     1.531     -0.84                                        
  4384.960      24.0     1.029     -1.41                                 SOBECK 
  4385.178      24.0     3.077     -2.53                                        
  4385.191      57.1     1.781     -0.69                                        
  4385.249      26.0     3.015     -3.31                                        
  4385.260   23.0051     2.136     -2.72                                 KURHFS 
  4385.260   23.0051     2.136     -3.17                                 KURHFS 
  4385.260   23.0051     2.136     -4.17                                 KURHFS 
  4385.269   23.0051     2.136     -2.60                                 KURHFS 
  4385.269   23.0051     2.136     -2.96                                 KURHFS 
  4385.269   23.0051     2.136     -3.96                                 KURHFS 
  4385.272      24.0     3.119     -1.88                                        
  4385.280   23.0051     2.136     -2.48                                 KURHFS 
  4385.280   23.0051     2.136     -2.86                                 KURHFS 
  4385.280   23.0051     2.136     -3.93                                 KURHFS 
  4385.295   23.0051     2.136     -2.37                                 KURHFS 
  4385.295   23.0051     2.136     -2.83                                 KURHFS 
  4385.295   23.0051     2.136     -4.01                                 KURHFS 
  4385.313   23.0051     2.136     -2.27                                 KURHFS 
  4385.313   23.0051     2.136     -2.84                                 KURHFS 
  4385.313   23.0051     2.136     -4.21                                 KURHFS 
  4385.334   23.0051     2.136     -2.17                                 KURHFS 
  4385.334   23.0051     2.136     -2.92                                 KURHFS 
  4385.334   23.0051     2.136     -4.59                                 KURHFS 
  4385.358   23.0051     2.136     -2.08                                 KURHFS 
  4385.358   23.0051     2.136     -3.14                                 KURHFS 
  4385.368      23.0     2.576     -2.68                               KURNOHFS 
  4385.385   23.0051     2.136     -2.00                                 KURHFS 
  4385.385      44.0     0.927     -0.61                                        
  4385.387      26.1     2.776     -2.57                                        
  4385.407      26.0     4.253     -3.03                                        
  4385.420      60.1     0.559     -1.97                                 LAWLER 
  4385.433      23.1     1.803     -4.11                                        
  4385.473      39.0     1.407     -1.10                                        
  4385.523      24.0     3.373     -3.36                                        
  4385.560      24.0     3.842     -1.53                                        
  4385.570      25.1     7.752     -4.89                                        
  4385.604      27.0     4.046     -2.85                               KURNOHFS 
  4385.626      22.1     4.891     -3.58                                        
  4385.645      44.0     1.122     -0.49                                        
  4385.660      60.1     0.204     -0.30                                 LAWLER 
  4385.681      27.0     2.875     -5.52                               KURNOHFS 
  4385.762      25.1     5.433     -3.03                                        
  4385.852      20.0     4.776     -2.01                                        
  4385.864      22.0     2.425     -0.69                                        
  4385.889      42.0     1.419     -2.69                                        
  4385.935      23.0     1.802     -2.24                               KURNOHFS 
  4386.043      22.0     2.406     -3.77                                        
  4386.060      73.0     0.752     -1.50                                        
  4386.103      20.0     4.531     -2.70                                        
  4386.159      26.1     4.728     -4.36                                        
  4386.199   23.0051     2.113     -5.74                                 KURHFS 
  4386.199   23.0051     2.113     -5.95                                 KURHFS 
  4386.199   23.0051     2.113     -6.20                                 KURHFS 
  4386.199   23.0051     2.113     -6.21                                 KURHFS 
  4386.199   23.0051     2.113     -6.24                                 KURHFS 
  4386.199   23.0051     2.113     -6.36                                 KURHFS 
  4386.199   23.0051     2.113     -6.37                                 KURHFS 
  4386.199   23.0051     2.113     -6.37                                 KURHFS 
  4386.199   23.0051     2.113     -6.55                                 KURHFS 
  4386.199   23.0051     2.113     -6.67                                 KURHFS 
  4386.199   23.0051     2.113     -6.80                                 KURHFS 
  4386.199   23.0051     2.113     -7.23                                 KURHFS 
  4386.207      25.0     4.824     -2.95                                        
  4386.217      64.0     1.873      0.29                                        
  4386.218      62.0     0.282     -0.56                                        
  4386.268      44.0     1.837     -0.93                                        
  4386.366      58.1     0.892     -1.08                                 LAWLER 
  4386.370      23.0     2.038     -4.63                               KURNOHFS 
  4386.394      68.0     0.889      0.19                                        
  4386.411      24.0     4.398     -1.72                                        
  4386.431      69.0     0.000     -1.02                                        
  4386.453      28.0     3.830     -1.85                                        
  4386.460      24.0     3.085     -2.11                                        
  4386.490      22.0     3.125     -4.14                                        
  4386.529      22.0     3.196     -2.28                                        
  4386.547      26.0     3.632     -4.30                                        
  4386.549      25.1     5.468     -5.24                                        
  4386.585      26.1     2.581     -4.95                                        
  4386.696      58.1     0.553     -0.60                                 LAWLER 
  4386.731      22.0     3.137     -3.67                                        
  4386.742      21.0     2.138     -3.29                               KURNOHFS 
  4386.753      24.0     3.977     -3.21                                        
  4386.755      74.0     2.531     -0.96                                        
  4386.762      26.0     4.545     -1.68                                        
  4386.827      58.1     0.232     -0.38                                 LAWLER 
  4386.844      22.1     2.596     -1.26                                        
  4386.936      24.0     3.011     -2.06                                        
  4386.999      26.0     4.206     -3.28                                        
  4387.002      26.0     3.239     -4.03                                        
  4387.059      58.1     0.736     -0.99                                 LAWLER 
  4387.100      23.0     2.573     -2.50                               KURNOHFS 
  4387.122      24.0     3.077     -2.05                                        
  4387.185      64.0     1.766      0.01                                        
  4387.206      23.0     1.042     -1.67                               KURNOHFS 
  4387.233      23.1     6.161     -4.12                                        
  4387.242      27.0     2.872     -3.27                               KURNOHFS 
  4387.243      24.0     4.204     -2.19                                        
  4387.308      24.0     2.965     -4.56                                        
  4387.315      20.0     4.765     -6.31                                        
  4387.375      24.0     2.913     -1.33                                        
  4387.400      22.0     2.470     -2.76                                        
  4387.413      22.0     2.316     -2.93                                        
  4387.495      24.0     2.998     -0.68                                        
  4387.535      24.0     2.985     -4.42                                        
  4387.568      20.0     6.003     -4.02                                        
  4387.630      23.0     2.614     -7.40                               KURNOHFS 
  4387.655      14.0     4.926     -1.98                                        
  4387.690      64.1     0.425     -0.95                                 LAWLER 
  4387.735      41.0     0.619     -1.34                                        
  4387.844   27.0059     3.565     -2.87                                 KURHFS 
  4387.848   27.0059     3.565     -2.58                                 KURHFS 
  4387.848   27.0059     3.565     -2.84                                 KURHFS 
  4387.856   27.0059     3.565     -2.40                                 KURHFS 
  4387.856   27.0059     3.565     -2.84                                 KURHFS 
  4387.856   27.0059     3.565     -2.89                                 KURHFS 
  4387.869   27.0059     3.565     -2.30                                 KURHFS 
  4387.869   27.0059     3.565     -2.45                                 KURHFS 
  4387.869   27.0059     3.565     -3.01                                 KURHFS 
  4387.872      63.0     1.638     -0.08                                        
  4387.886   27.0059     3.565     -2.19                                 KURHFS 
  4387.886   27.0059     3.565     -2.28                                 KURHFS 
  4387.886   27.0059     3.565     -3.24                                 KURHFS 
  4387.891      26.0     3.069     -1.47                                        
  4387.907   27.0059     3.565     -2.00                                 KURHFS 
  4387.907   27.0059     3.565     -2.34                                 KURHFS 
  4387.907   27.0059     3.565     -3.65                                 KURHFS 
  4387.933   27.0059     3.565     -1.83                                 KURHFS 
  4387.933   27.0059     3.565     -2.53                                 KURHFS 
  4387.962   27.0059     3.565     -1.69                                 KURHFS 
