Ce II    4073.5       line list
  4070.009      26.0     2.873     -3.48                                        
  4070.026      21.0     4.681     -3.32                                        
  4070.028      26.1     2.542     -5.22                                        
  4070.060      24.0     3.008     -3.44                                        
  4070.092      58.1     2.587      0.76                                        
  4070.167      26.0     4.604     -3.03                                        
  4070.205      22.0     2.159     -3.82                                        
  4070.205      26.0     4.188     -2.30                                        
  4070.267   25.0055     2.185     -1.98                                 KURHFS 
  4070.270      64.1     0.556     -0.52                                 LAWLER 
  4070.271   25.0055     2.185     -1.44                                 KURHFS 
  4070.282   25.0055     2.185     -1.44                                 KURHFS 
  4070.286   25.0055     2.185     -1.54                                 KURHFS 
  4070.330      60.1     0.320     -1.82                                 LAWLER 
  4070.357      20.0     4.621     -5.41                                        
  4070.380      64.1     0.425     -1.06                                 LAWLER 
  4070.407      23.0     1.941     -2.53                               KURNOHFS 
  4070.451      26.0     3.045     -3.38                                        
  4070.474      23.1     6.291     -1.90                                        
  4070.570   23.0051     2.357     -4.07                                 KURHFS 
  4070.570   23.0051     2.357     -4.33                                 KURHFS 
  4070.576   23.0051     2.357     -3.88                                 KURHFS 
  4070.576   23.0051     2.357     -4.07                                 KURHFS 
  4070.576   23.0051     2.357     -5.98                                 KURHFS 
  4070.583   23.0051     2.357     -3.81                                 KURHFS 
  4070.583   23.0051     2.357     -3.88                                 KURHFS 
  4070.583   23.0051     2.357     -4.74                                 KURHFS 
  4070.594   23.0051     2.357     -3.81                                 KURHFS 
  4070.594   23.0051     2.357     -3.84                                 KURHFS 
  4070.594   23.0051     2.357     -4.02                                 KURHFS 
  4070.598      74.0     0.207     -2.12                                        
  4070.607   23.0051     2.357     -3.62                                 KURHFS 
  4070.607   23.0051     2.357     -3.84                                 KURHFS 
  4070.607   23.0051     2.357     -4.02                                 KURHFS 
  4070.622   23.0051     2.357     -3.32                                 KURHFS 
  4070.622   23.0051     2.357     -4.02                                 KURHFS 
  4070.630      26.1     7.511     -3.01                                        
  4070.632      26.1     7.700     -2.98                                        
  4070.663      26.0     4.257     -2.40                                        
  4070.673      77.0     1.466     -1.52                                        
  4070.678      22.0     2.152     -1.28                                        
  4070.681      25.0     4.341     -0.57                                        
  4070.734      26.1     9.123     -3.28                                        
  4070.735   23.0051     0.069     -4.26                                 KURHFS 
  4070.735   23.0051     0.069     -4.46                                 KURHFS 
  4070.737   23.0051     0.069     -4.24                                 KURHFS 
  4070.737   23.0051     0.069     -4.25                                 KURHFS 
  4070.737   23.0051     0.069     -4.46                                 KURHFS 
  4070.738      22.0     1.878     -3.18                                        
  4070.741   23.0051     0.069     -4.11                                 KURHFS 
  4070.741   23.0051     0.069     -4.13                                 KURHFS 
  4070.741   23.0051     0.069     -4.24                                 KURHFS 
  4070.746   23.0051     0.069     -3.94                                 KURHFS 
  4070.746   23.0051     0.069     -4.09                                 KURHFS 
  4070.746   23.0051     0.069     -4.13                                 KURHFS 
  4070.752   23.0051     0.069     -3.77                                 KURHFS 
  4070.752   23.0051     0.069     -4.09                                 KURHFS 
  4070.752   23.0051     0.069     -4.10                                 KURHFS 
  4070.760   23.0051     0.069     -3.61                                 KURHFS 
  4070.760   23.0051     0.069     -4.10                                 KURHFS 
  4070.760   23.0051     0.069     -4.18                                 KURHFS 
  4070.766      24.0     3.695     -2.42                                        
  4070.766      26.0     3.692     -1.49                                        
  4070.769   23.0051     0.069     -3.46                                 KURHFS 
  4070.769   23.0051     0.069     -4.18                                 KURHFS 
  4070.769   23.0051     0.069     -4.39                                 KURHFS 
  4070.770      26.0     3.239     -0.79                                        
  4070.779   23.0051     0.069     -3.33                                 KURHFS 
  4070.779   23.0051     0.069     -4.39                                 KURHFS 
  4070.812      28.1     9.405     -1.93                                        
  4070.840      24.1     6.482     -0.75                                        
  4070.846      58.1     1.532     -0.18                                        
  4070.855      76.0     1.840     -0.88                                        
  4070.857      20.0     5.878     -3.54                                        
  4070.951      23.1     5.476     -3.14                                        
  4070.961      41.0     1.608     -0.34                                        
  4070.972       6.0     7.482     -3.91                                        
  4070.980      62.1     0.184     -2.04                                 LAWLER 
  4070.993      24.0     4.444     -1.97                                        
  4071.001      24.0     4.446     -1.78                                        
  4071.007      28.1     4.029     -3.47                                        
  4071.012   23.0051     2.377     -5.00                                 KURHFS 
  4071.012   23.0051     2.377     -5.63                                 KURHFS 
  4071.012   23.0051     2.377     -6.49                                 KURHFS 
  4071.019   23.0051     2.377     -5.22                                 KURHFS 
  4071.019   23.0051     2.377     -5.47                                 KURHFS 
  4071.019   23.0051     2.377     -6.07                                 KURHFS 
  4071.024   23.0051     2.377     -5.47                                 KURHFS 
  4071.024   23.0051     2.377     -5.50                                 KURHFS 
  4071.024   23.0051     2.377     -5.82                                 KURHFS 
  4071.027   23.0051     2.377     -5.64                                 KURHFS 
  4071.027   23.0051     2.377     -5.64                                 KURHFS 
  4071.027   23.0051     2.377     -5.94                                 KURHFS 
  4071.072      58.1     0.674     -1.00                                 LAWLER 
  4071.080      60.1     0.204     -2.19                                 LAWLER 
  4071.093      40.1     0.998     -1.60                                BIEMONT 
  4071.108      24.0     3.085     -3.36                                        
  4071.129      26.0     3.637     -3.09                                        
  4071.151      22.0     2.343     -4.31                                        
  4071.191      22.0     2.295     -0.83                                        
  4071.198      24.0     4.528     -4.44                                        
  4071.251      24.1     8.085     -3.98                                        
  4071.399      44.0     1.691     -0.80                                        
  4071.467      22.0     2.304     -0.74                                        
  4071.481      60.1     1.519      0.00                                        
  4071.489   23.0051     1.929     -1.71                                 KURHFS 
  4071.489   23.0051     1.929     -1.97                                 KURHFS 
  4071.489   23.0051     1.929     -2.00                                 KURHFS 
  4071.497   23.0051     1.929     -1.53                                 KURHFS 
  4071.497   23.0051     1.929     -1.58                                 KURHFS 
  4071.497   23.0051     1.929     -1.97                                 KURHFS 
  4071.508   23.0051     1.929     -1.33                                 KURHFS 
  4071.508   23.0051     1.929     -1.44                                 KURHFS 
  4071.508   23.0051     1.929     -2.02                                 KURHFS 
  4071.520      26.0     2.586     -2.02                                        
  4071.523   23.0051     1.929     -1.13                                 KURHFS 
  4071.523   23.0051     1.929     -1.41                                 KURHFS 
  4071.523   23.0051     1.929     -2.15                                 KURHFS 
  4071.542   23.0051     1.929     -0.96                                 KURHFS 
  4071.542   23.0051     1.929     -1.47                                 KURHFS 
  4071.542   23.0051     1.929     -2.37                                 KURHFS 
  4071.564   23.0051     1.929     -0.82                                 KURHFS 
  4071.564   23.0051     1.929     -1.66                                 KURHFS 
  4071.564   23.0051     1.929     -2.78                                 KURHFS 
  4071.565      76.0     1.840     -0.99                                        
  4071.578      24.0     4.437     -1.29                                        
  4071.633      24.0     3.009     -3.42                                        
  4071.738      26.0     1.607     -0.02                                        
  4071.746      26.0     4.217     -2.06                                        
  4071.750      22.0     2.394     -5.27                                        
  4071.751      90.0     1.021     -0.68                                        
  4071.760      60.1     0.471     -1.09                                 LAWLER 
  4071.775      58.1     0.326     -0.20                                 LAWLER 
  4071.831      22.0     2.173     -2.80                                        
  4071.890      26.0     4.217     -2.59                                        
  4071.923      74.0     1.915     -0.79                                        
  4071.939   25.0055     2.939     -3.47                                 KURHFS 
  4071.939   25.0055     2.939     -3.68                                 KURHFS 
  4071.939   25.0055     2.939     -4.01                                 KURHFS 
  4071.939   25.0055     2.939     -4.16                                 KURHFS 
  4071.939   25.0055     2.939     -4.73                                 KURHFS 
  4071.939   25.0055     2.939     -5.11                                 KURHFS 
  4071.940   25.0055     2.939     -3.95                                 KURHFS 
  4071.940   25.0055     2.939     -4.03                                 KURHFS 
  4071.940   25.0055     2.939     -4.19                                 KURHFS 
  4071.940   25.0055     2.939     -4.36                                 KURHFS 
  4071.940   25.0055     2.939     -4.51                                 KURHFS 
  4071.940   25.0055     2.939     -4.56                                 KURHFS 
  4071.977      22.0     2.290     -1.02                                        
  4072.017      24.0     3.886     -3.09                                        
  4072.055      41.1     1.693     -1.00                                        
  4072.079      20.0     5.879     -3.48                                        
  4072.094      25.1     5.105     -5.83                                        
  4072.097      27.1     3.116     -4.72                                        
  4072.104      22.0     0.899     -4.03                                        
  4072.118   23.0051     1.217     -3.54                                 KURHFS 
  4072.118   23.0051     1.217     -3.80                                 KURHFS 
  4072.118   23.0051     1.217     -3.83                                 KURHFS 
  4072.119   23.0051     1.217     -3.35                                 KURHFS 
  4072.119   23.0051     1.217     -3.41                                 KURHFS 
  4072.119   23.0051     1.217     -3.80                                 KURHFS 
  4072.121   23.0051     1.217     -3.15                                 KURHFS 
  4072.121   23.0051     1.217     -3.26                                 KURHFS 
  4072.121   23.0051     1.217     -3.85                                 KURHFS 
  4072.124   23.0051     1.217     -2.96                                 KURHFS 
  4072.124   23.0051     1.217     -3.24                                 KURHFS 
  4072.124   23.0051     1.217     -3.97                                 KURHFS 
  4072.127   23.0051     1.217     -2.79                                 KURHFS 
  4072.127   23.0051     1.217     -3.30                                 KURHFS 
  4072.127   23.0051     1.217     -4.20                                 KURHFS 
  4072.131   23.0051     1.217     -2.65                                 KURHFS 
  4072.131   23.0051     1.217     -3.49                                 KURHFS 
  4072.131   23.0051     1.217     -4.61                                 KURHFS 
  4072.132      22.1     5.424     -3.90                                        
  4072.193      20.0     5.987     -8.20                                        
  4072.254      24.0     4.529     -3.87                                        
  4072.335      22.0     2.425     -5.24                                        
  4072.492      22.0     2.406     -3.80                                        
  4072.502      26.0     3.428     -1.44                                        
  4072.512      59.1     0.895     -0.24                                        
  4072.561      24.1     3.711     -2.41                                        
  4072.576      27.0     3.684     -4.71                               KURNOHFS 
  4072.594   23.0051     1.929     -4.30                                 KURHFS 
  4072.594   23.0051     1.929     -4.56                                 KURHFS 
  4072.601   23.0051     1.929     -4.11                                 KURHFS 
  4072.601   23.0051     1.929     -4.30                                 KURHFS 
  4072.601   23.0051     1.929     -6.21                                 KURHFS 
  4072.610      66.1     2.111      0.06                                        
  4072.613   23.0051     1.929     -4.04                                 KURHFS 
  4072.613   23.0051     1.929     -4.11                                 KURHFS 
  4072.613   23.0051     1.929     -4.97                                 KURHFS 
  4072.618      26.1     9.768     -4.41                                        
  4072.628   23.0051     1.929     -4.04                                 KURHFS 
  4072.628   23.0051     1.929     -4.07                                 KURHFS 
  4072.628   23.0051     1.929     -4.25                                 KURHFS 
  4072.646   23.0051     1.929     -3.85                                 KURHFS 
  4072.646   23.0051     1.929     -4.07                                 KURHFS 
  4072.646   23.0051     1.929     -4.25                                 KURHFS 
  4072.669   23.0051     1.929     -3.55                                 KURHFS 
  4072.669   23.0051     1.929     -4.25                                 KURHFS 
  4072.702      40.0     0.686      0.31                                        
  4072.709      14.1     9.829     -2.37                                        
  4072.763      24.0     3.110     -1.54                                        
  4072.856      28.0     3.844     -1.23                                        
  4072.918      24.0     4.532     -1.34                                        
  4072.918      58.1     0.327     -0.64                                 LAWLER 
  4072.980      73.0     1.907     -1.08                                        
  4072.999      22.0     0.825     -3.62                                        
  4072.999      44.0     1.138     -1.26                                        
  4073.091   23.0051     1.954     -5.78                                 KURHFS 
  4073.091   23.0051     1.954     -5.84                                 KURHFS 
  4073.091   23.0051     1.954     -6.47                                 KURHFS 
  4073.097   23.0051     1.954     -5.58                                 KURHFS 
  4073.097   23.0051     1.954     -5.58                                 KURHFS 
  4073.097   23.0051     1.954     -6.32                                 KURHFS 
  4073.105   23.0051     1.954     -5.38                                 KURHFS 
  4073.105   23.0051     1.954     -5.47                                 KURHFS 
  4073.105   23.0051     1.954     -6.32                                 KURHFS 
  4073.116   23.0051     1.954     -5.21                                 KURHFS 
  4073.116   23.0051     1.954     -5.43                                 KURHFS 
  4073.116   23.0051     1.954     -6.42                                 KURHFS 
  4073.120      66.1     0.540     -0.32                                 LAWLER 
  4073.131   23.0051     1.954     -5.06                                 KURHFS 
  4073.131   23.0051     1.954     -5.43                                 KURHFS 
  4073.131   23.0051     1.954     -6.62                                 KURHFS 
  4073.146      74.0     1.867     -0.93                                        
  4073.148   23.0051     1.954     -4.93                                 KURHFS 
  4073.148   23.0051     1.954     -5.51                                 KURHFS 
  4073.148   23.0051     1.954     -7.02                                 KURHFS 
  4073.167   23.0051     1.954     -4.81                                 KURHFS 
  4073.167   23.0051     1.954     -5.72                                 KURHFS 
  4073.190   23.0051     1.954     -4.71                                 KURHFS 
  4073.190      64.1     0.427     -0.85                                 LAWLER 
  4073.193      24.0     3.110     -2.82                                        
  4073.197      29.0     4.970     -1.78                                        
  4073.266      24.0     4.446     -2.79                                        
  4073.344      24.0     2.985     -3.12                                        
  4073.464       6.0     7.482     -5.08                                        
  4073.474      58.1     0.477      0.21                                 LAWLER 
  4073.506      41.0     1.913     -0.23                                        
  4073.552      25.1     6.860     -4.40                                        
  4073.629      26.0     3.639     -4.59                                        
  4073.666      20.0     5.881     -6.60                                        
  4073.720      65.1     0.771     -0.83                               LAWNOHFS 
  4073.734      58.1     1.047     -0.18                                        
  4073.742      58.1     1.122      0.13                                BIEMONT 
  4073.750      64.1     0.818      0.04                                 LAWLER 
  4073.762      26.0     3.263     -0.92                                        
  4073.780      23.1     3.121     -0.92                                        
  4073.806      27.0     4.229     -1.60                                        
  4073.840      24.0     3.011     -4.82                                        
  4073.859      20.0     4.677     -4.77                                        
  4073.990      66.1     1.460     -0.99                                 LAWLER 
  4073.999      25.0     4.317     -1.24                                        
  4074.003      68.1     1.560     -0.21                                        
  4074.077      25.0     5.108     -1.15                                        
  4074.119      26.1     5.906     -3.14                                        
  4074.167   23.0051     2.121     -2.18                                 KURHFS 
  4074.169   23.0051     2.121     -1.89                                 KURHFS 
  4074.169   23.0051     2.121     -2.15                                 KURHFS 
  4074.172   23.0051     2.121     -1.71                                 KURHFS 
  4074.172   23.0051     2.121     -2.15                                 KURHFS 
  4074.172   23.0051     2.121     -2.20                                 KURHFS 
  4074.176   23.0051     2.121     -1.61                                 KURHFS 
  4074.176   23.0051     2.121     -1.76                                 KURHFS 
  4074.176   23.0051     2.121     -2.32                                 KURHFS 
  4074.182   23.0051     2.121     -1.50                                 KURHFS 
  4074.182   23.0051     2.121     -1.59                                 KURHFS 
  4074.182   23.0051     2.121     -2.55                                 KURHFS 
  4074.190   23.0051     2.121     -1.31                                 KURHFS 
  4074.190   23.0051     2.121     -1.65                                 KURHFS 
  4074.190   23.0051     2.121     -2.96                                 KURHFS 
  4074.199   23.0051     2.121     -1.14                                 KURHFS 
  4074.199   23.0051     2.121     -1.84                                 KURHFS 
  4074.210   23.0051     2.121     -1.00                                 KURHFS 
  4074.256      24.0     3.887     -3.74                                        
  4074.348      22.0     2.152     -3.76                                        
  4074.351      22.0     2.316     -0.77                                        
  4074.357      74.0     0.366     -0.71                                        
  4074.358      24.0     3.077     -2.36                                        
  4074.361      21.0     1.968     -2.06                               KURNOHFS 
  4074.375      28.0     3.737     -2.39                                        
  4074.380   23.0051     1.944     -2.71                                 KURHFS 
  4074.383   23.0051     1.944     -2.71                                 KURHFS 
  4074.383   23.0051     1.944     -2.89                                 KURHFS 
  4074.388   23.0051     1.944     -2.55                                 KURHFS 
  4074.388   23.0051     1.944     -3.02                                 KURHFS 
  4074.388   23.0051     1.944     -3.14                                 KURHFS 
  4074.395   23.0051     1.944     -2.54                                 KURHFS 
  4074.395   23.0051     1.944     -2.58                                 KURHFS 
  4074.395   23.0051     1.944     -3.57                                 KURHFS 
  4074.404   23.0051     1.944     -2.29                                 KURHFS 
  4074.404   23.0051     1.944     -2.70                                 KURHFS 
  4074.407      60.1     0.630     -0.73                                        
  4074.414   23.0051     1.944     -2.08                                 KURHFS 
  4074.429      24.0     3.090     -4.44                                        
  4074.436      20.0     5.916     -3.70                                        
  4074.468      20.0     4.677     -3.58                                        
  4074.485      92.1     0.217     -1.24                                        
  4074.495      23.0     2.676     -3.62                               KURNOHFS 
  4074.587      21.0     1.986     -3.08                               KURNOHFS 
  4074.644      58.1     0.175     -1.70                                 LAWLER 
  4074.673      26.0     4.206     -0.90                                        
  4074.676      76.0     1.840     -0.92                                        
  4074.683      27.0     2.716     -3.19                               KURNOHFS 
  4074.696      26.0     3.637     -2.73                                        
  4074.751      24.0     3.102     -4.62                                        
  4074.786      26.0     3.045     -0.97                                        
  4074.790      26.1     7.689     -3.10                                        
  4074.889      28.0     0.422     -4.80                                        
  4074.891      24.0     4.452     -0.09                                        
  4074.930      26.0     4.206     -2.43                                        
  4074.944      40.0     0.542     -0.84                                        
  4074.964      21.0     1.985     -0.32                               KURNOHFS 
  4075.035      23.0     3.236     -4.68                               KURNOHFS 
  4075.058      12.0     2.710     -5.05                                        
  4075.110      60.1     0.204     -0.48                                 LAWLER 
  4075.115      21.0     1.985     -1.43                               KURNOHFS 
  4075.144      26.0     2.830     -5.46                                        
  4075.190      22.0     2.736     -1.45                                        
  4075.191      23.0     2.357     -2.94                               KURNOHFS 
  4075.205      20.0     5.917     -3.91                                        
  4075.244      42.0     2.068     -1.22                                        
  4075.251      25.0     4.329     -0.86                                        
  4075.270      60.1     0.064     -0.76                                 LAWLER 
  4075.340   23.0051     1.194     -5.40                                 KURHFS 
  4075.340   23.0051     1.194     -5.40                                 KURHFS 
  4075.340   23.0051     1.194     -5.71                                 KURHFS 
  4075.343   23.0051     1.194     -5.24                                 KURHFS 
  4075.343   23.0051     1.194     -5.27                                 KURHFS 
  4075.343   23.0051     1.194     -5.58                                 KURHFS 
  4075.347   23.0051     1.194     -4.98                                 KURHFS 
  4075.347   23.0051     1.194     -5.23                                 KURHFS 
  4075.347   23.0051     1.194     -5.83                                 KURHFS 
  4075.353   23.0051     1.194     -4.77                                 KURHFS 
  4075.353   23.0051     1.194     -5.39                                 KURHFS 
  4075.353   23.0051     1.194     -6.26                                 KURHFS 
  4075.449      20.0     5.989     -2.41                                        
  4075.452      14.1     9.831     -1.40                                        
  4075.470      64.1     0.492     -1.86                                 LAWLER 
  4075.503      90.0     0.317     -1.38                                        
  4075.512      26.0     4.280     -3.19                                        
  4075.546      22.0     0.825     -3.18                                        
  4075.546      58.1     0.708     -1.35                                 LAWLER 
  4075.578      29.0     5.773     -0.98                                        
  4075.623      24.1     3.102     -3.47                                        
  4075.629   23.0051     2.357     -3.74                                 KURHFS 
  4075.629   23.0051     2.357     -3.99                                 KURHFS 
  4075.629   23.0051     2.357     -4.02                                 KURHFS 
  4075.631      27.1     5.065     -3.11                                        
  4075.634   23.0051     2.357     -3.55                                 KURHFS 
  4075.634   23.0051     2.357     -3.60                                 KURHFS 
  4075.634   23.0051     2.357     -3.99                                 KURHFS 
  4075.642   23.0051     2.357     -3.35                                 KURHFS 
  4075.642   23.0051     2.357     -3.46                                 KURHFS 
  4075.642   23.0051     2.357     -4.04                                 KURHFS 
  4075.652   23.0051     2.357     -3.15                                 KURHFS 
  4075.652   23.0051     2.357     -3.44                                 KURHFS 
  4075.652   23.0051     2.357     -4.17                                 KURHFS 
  4075.663      23.1     1.564     -2.91                                        
  4075.665   23.0051     2.357     -2.99                                 KURHFS 
  4075.665   23.0051     2.357     -3.49                                 KURHFS 
  4075.665   23.0051     2.357     -4.39                                 KURHFS 
  4075.681   23.0051     2.357     -2.85                                 KURHFS 
  4075.681   23.0051     2.357     -3.69                                 KURHFS 
  4075.681   23.0051     2.357     -4.80                                 KURHFS 
  4075.700      58.1     0.700      0.23                                 LAWLER 
  4075.724   27.0059     3.710     -4.50                                 KURHFS 
  4075.724   27.0059     3.710     -4.75                                 KURHFS 
  4075.724   27.0059     3.710     -4.78                                 KURHFS 
  4075.732   27.0059     3.710     -4.31                                 KURHFS 
  4075.732   27.0059     3.710     -4.36                                 KURHFS 
  4075.732   27.0059     3.710     -4.75                                 KURHFS 
  4075.745   27.0059     3.710     -4.11                                 KURHFS 
  4075.745   27.0059     3.710     -4.22                                 KURHFS 
  4075.745   27.0059     3.710     -4.80                                 KURHFS 
  4075.762   27.0059     3.710     -3.91                                 KURHFS 
  4075.762   27.0059     3.710     -4.20                                 KURHFS 
  4075.762   27.0059     3.710     -4.93                                 KURHFS 
  4075.782   27.0059     3.710     -3.75                                 KURHFS 
  4075.782   27.0059     3.710     -4.25                                 KURHFS 
  4075.782   27.0059     3.710     -5.15                                 KURHFS 
  4075.804      23.1     3.793     -3.79                                        
  4075.807   27.0059     3.710     -3.61                                 KURHFS 
  4075.807   27.0059     3.710     -4.45                                 KURHFS 
  4075.807   27.0059     3.710     -5.56                                 KURHFS 
  4075.830      62.1     0.543     -0.43                                 LAWLER 
  4075.847      58.1     0.608      0.16                                 LAWLER 
  4075.850      17.0     8.915     -4.00                                        
  4075.912      24.0     2.706     -3.85                                        
  4075.932      42.0     2.593     -1.50                                        
  4075.954      26.1     2.542     -3.38                                        
  4075.972      42.0     3.075     -1.83                                        
