Pb I     4057.7          line list
  4055.719      40.0     1.582      0.48                                        
  4055.743      26.1     9.693     -4.28                                        
  4055.806      69.0     1.625     -0.23                                        
  4055.836      58.0     0.159     -0.03                                        
  4055.852      68.1     0.891     -1.38                                 LAWLER 
  4055.854 106.00112     0.845     -7.44               3.470               Plez 
  4055.885 106.00112     0.557     -2.09               3.470               Plez 
  4055.905 106.00112     0.994     -7.69               3.470               Plez 
  4055.907      22.0     2.504     -4.43                                        
  4055.940      24.0     3.090     -7.70                                        
  4055.941      25.1     4.932     -5.47                                        
  4055.961      23.0     0.000     -5.30                                        
  4055.962      25.0     4.824     -2.38                                        
  4055.983      26.0     3.637     -4.29                                        
  4055.995      23.0     2.357     -7.46                                        
  4055.997 106.00113     0.994     -7.69               3.470               Plez 
  4056.012      42.0     2.075     -1.12                                        
  4056.023      24.0     4.444     -1.01                                        
  4056.054 106.00112     0.557     -6.70               3.470               Plez 
  4056.056      24.1     5.658     -3.27                                        
  4056.099 106.00112     0.557     -2.05               3.470               Plez 
  4056.130      27.0     3.809     -2.83                                        
  4056.189      22.1     0.607     -2.68                                        
  4056.200      22.0     2.394     -5.20                                        
  4056.203      24.0     4.528     -4.26                                        
  4056.216      23.1     6.052     -3.89                                        
  4056.224      22.0     0.848     -4.12                                        
  4056.252 106.00113     0.845     -7.44               3.470               Plez 
  4056.265      26.1     7.483     -3.05                                        
  4056.275      23.1     1.574     -2.70                                        
  4056.277      25.1     5.433     -4.02                                        
  4056.301      25.0     5.108     -1.38                                        
  4056.318      24.0     4.416     -2.64                                        
  4056.324      56.1     6.007     -1.76                                        
  4056.337      45.0     1.142     -2.03                                        
  4056.346      26.0     3.639     -2.01                                        
  4056.433      24.0     4.774     -3.68                                        
  4056.524      26.1     9.693     -4.05                                        
  4056.535      59.1     0.629      0.56                                        
  4056.537      27.1     3.418     -3.36                                        
  4056.539      26.0     2.863     -4.29                                        
  4056.551      23.0     1.080     -6.46                                        
  4056.596      21.0     1.986     -0.20                                        
  4056.668      20.0     4.677     -4.26                                        
  4056.714 106.00112     0.991     -4.49               3.470               Plez 
  4056.750      62.1     0.378     -2.67                                 LAWLER 
  4056.771      24.0     4.446     -2.55                                        
  4056.780 106.00113     0.371     -2.21               3.470               Plez 
  4056.785      25.0     5.108     -1.11                                        
  4056.800      25.1     4.933     -4.17                                        
  4056.812      26.0     3.684     -3.53                                        
  4056.834      26.0     4.217     -3.02                                        
  4056.836      60.1     1.490     -0.09                                        
  4056.838      27.0     2.716     -3.02                                        
  4056.845      20.0     4.128     -2.15                                        
  4056.861 106.00113     0.371     -5.86               3.470               Plez 
  4056.896      58.1     1.041     -0.57                                        
  4056.940      27.0     3.629     -0.80                                        
  4056.942      41.0     1.608     -0.94                                        
  4057.006      22.0     2.332     -4.64                                        
  4057.058 106.00112     0.995     -7.69               3.470               Plez 
  4057.065      23.0     2.121     -0.20                                        
  4057.137      24.0     4.443     -1.42                                        
  4057.151 106.00113     0.995     -7.69               3.470               Plez 
  4057.182      27.0     0.224     -3.25                                        
  4057.185      23.0     2.676     -3.52                                        
  4057.195 106.00112     1.248     -5.31               3.470               Plez 
  4057.195 106.00113     0.357     -3.81               3.470               Plez 
  4057.210      24.0     3.085     -1.99                                        
  4057.223 106.00112     1.248     -5.34               3.470               Plez 
  4057.248 106.00113     0.371     -2.12               3.470               Plez 
  4057.251      24.0     4.529     -3.88                                        
  4057.262      42.0     2.513     -1.80                                        
  4057.266      28.0     3.304     -2.08                                        
  4057.272      20.0     4.677     -3.81                                        
  4057.287      41.0     1.913     -0.70                                        
  4057.292 106.00113     0.991     -4.49               3.470               Plez 
  4057.299 106.00112     1.248     -9.41               3.470               Plez 
  4057.343      26.0     2.756     -2.01                                        
  4057.387      26.0     4.291     -2.59                                        
  4057.432      42.0     3.440     -0.73                                        
  4057.442      66.1     2.937      0.96                                        
  4057.446      26.0     2.756     -4.31                                        
  4057.452      26.1     9.753     -4.24                                        
  4057.461      26.1     7.268     -1.54                                        
  4057.505      12.0     4.343     -0.90                                        
  4057.535      20.0     2.930     -2.07                                        
  4057.548      23.0     2.330     -3.25                                        
  4057.582      42.0     3.176     -0.65                                        
  4057.618      22.0     2.304     -0.36                                        
  4057.633      26.1     7.562     -3.83                                        
  4057.646      23.1     5.471     -2.97                                        
  4057.655      26.0     3.412     -2.45                                    ADJ 
  4057.671      22.0     1.459     -3.25                                        
  4057.711      27.1     5.051     -3.85                                        
  4057.720 106.00112     0.371     -2.21               3.470               Plez 
  4057.734 106.00112     0.371     -5.86               3.470               Plez 
  4057.770      24.0     3.847     -1.71                                        
  4057.807      82.0     1.319    -0.220                                BIEMONT
  4057.813      23.0     1.944     -2.48                                        
  4057.871      26.0      3.50     -2.95                                   FAKE
  4057.878      20.0     5.485     -3.14                                        
  4057.900 106.00113     1.080     -7.81               3.470               Plez 
  4057.949      25.0     3.070     -0.92                                        
  4058.054      26.1     7.569     -4.32                                        
  4058.060      25.1     5.344     -3.54                                        
  4058.094 106.00112     0.357     -3.81               3.470               Plez 
  4058.098      27.0     3.772     -2.41                                        
  4058.107      24.0     3.119     -5.84                                        
  4058.140      22.0     2.316     -0.13                                        
  4058.183      27.0     0.513     -2.52                                        
  4058.187      92.1     0.036     -1.25                                        
  4058.198      26.0     4.291     -2.69                                        
  4058.216 106.00113     0.431     -1.79               3.470               Plez 
  4058.217      26.0     3.209     -1.07                                        
  4058.219      24.0     4.413     -3.83                                        
  4058.220      64.0     0.027      0.10                                        
  4058.225      27.0     2.041     -3.39                                        
  4058.238 106.00112     0.371     -2.12               3.470               Plez 
  4058.248      58.1     0.459     -1.14                                 LAWLER 
  4058.277 106.00113     0.432     -4.44               3.470               Plez 
  4058.311      22.0     0.812     -5.41                                        
  4058.376      24.0     4.444     -1.38                                        
  4058.378 106.00113     0.431     -4.44               3.470               Plez 
  4058.389      26.0     4.291     -2.23                                        
  4058.439 106.00113     0.432     -1.73               3.470               Plez 
  4058.463      24.0     3.077     -3.58                                        
  4058.464      26.0     3.639     -4.04                                        
  4058.475      73.0     1.393     -1.34                                        
  4058.599      27.0     2.006     -1.61                                        
  4058.701 106.00113     1.314     -4.30               3.470               Plez 
  4058.741      28.0     4.102     -1.30                                        
  4058.744      28.1     8.387     -2.54                                        
  4058.745      27.0     2.041     -3.49                                        
  4058.751      58.1     0.459     -1.25                                 LAWLER 
  4058.754      26.0     2.422     -2.06                                        
  4058.769      24.0     3.847      0.26                                        
  4058.770      22.0     0.835     -4.47                                        
  4058.800      59.1     0.422     -0.41                                LINOHFS 
  4058.860      62.1     0.484     -0.86                                 LAWLER 
  4058.913      20.0     2.707     -1.01                                        
  4058.921 106.00113     1.314     -6.49               3.470               Plez 
  4058.926      41.0     0.130      0.58                                        
  4058.930      25.0     2.177     -0.45                                        
  4058.968      25.1     4.934     -3.65                                        
  4058.973      23.0     3.236     -3.25                                        
  4059.016      26.0     4.183     -3.16                                        
  4059.018      26.1     7.874     -3.65                                        
  4059.045      26.0     4.368     -2.53                                        
  4059.055 106.00112     1.314     -6.49               3.470               Plez 
  4059.100      69.1     1.086     -2.55                                 LAWLER 
  4059.137 106.00112     1.314     -4.30               3.470               Plez 
  4059.160      26.0     4.291     -2.16                                        
  4059.169      24.0     3.108     -9.48                                        
  4059.203 106.00112     0.431     -1.79               3.470               Plez 
  4059.219      42.0     3.396     -1.49                                        
  4059.223      24.0     2.965     -4.44                                        
  4059.230 106.00112     0.431     -4.44               3.470               Plez 
  4059.240      24.1     8.085     -4.30                                        
  4059.246      24.0     4.443     -1.72                                        
  4059.253      90.0     0.788     -0.50                                        
  4059.307      27.0     0.000     -4.58                                        
  4059.324      24.1     3.736     -6.09                                        
  4059.359      64.1     1.725     -0.15                                        
  4059.388      25.0     3.071     -0.69                                        
  4059.408      22.0     0.812     -5.25                                        
  4059.456 106.00112     0.432     -4.44               3.470               Plez 
  4059.467      26.0     2.452     -5.94                                        
  4059.482 106.00112     0.432     -1.73               3.470               Plez 
  4059.497      41.0     1.255     -0.49                                        
  4059.506      68.0     1.332      1.02                                        
  4059.537      20.0     2.519     -3.88                                        
  4059.546      21.0     2.606     -3.94                                        
  4059.597      23.0     1.944     -2.74                                        
  4059.605      26.0     4.175     -4.40                                        
  4059.608      42.0     2.644     -0.94                                        
  4059.656      28.0     3.396     -2.51                                        
  4059.663      22.0     1.738     -4.52                                        
  4059.687      22.0     2.776     -4.12                                        
