Gd II    4251.7       line list
  4248.091      20.0     4.776     -4.26                                        
  4248.094      58.1     1.273     -0.50                                        
  4248.105 106.00113     1.090     -1.35               3.470               Plez 
  4248.107 106.00113     1.090     -1.37               3.470               Plez 
  4248.143      44.0     1.865     -1.26                                        
  4248.150      62.1     0.659     -2.21                                 LAWLER 
  4248.181      27.0     2.868     -2.36                               KURNOHFS 
  4248.224      26.0     3.069     -1.32                                        
  4248.231      20.0     4.440     -4.97                                        
  4248.252      23.1     6.453     -2.78                                        
  4248.266   23.0051     2.113     -2.84                                 KURHFS 
  4248.266   23.0051     2.113     -2.98                                 KURHFS 
  4248.266   23.0051     2.113     -3.15                                 KURHFS 
  4248.266   23.0051     2.113     -3.35                                 KURHFS 
  4248.266   23.0051     2.113     -3.43                                 KURHFS 
  4248.266   23.0051     2.113     -3.45                                 KURHFS 
  4248.266   23.0051     2.113     -3.49                                 KURHFS 
  4248.266   23.0051     2.113     -3.54                                 KURHFS 
  4248.266   23.0051     2.113     -3.60                                 KURHFS 
  4248.266   23.0051     2.113     -3.68                                 KURHFS 
  4248.266   23.0051     2.113     -3.73                                 KURHFS 
  4248.266   23.0051     2.113     -3.99                                 KURHFS 
  4248.266   23.0051     2.113     -3.99                                 KURHFS 
  4248.266   23.0051     2.113     -4.02                                 KURHFS 
  4248.266   23.0051     2.113     -4.04                                 KURHFS 
  4248.266   23.0051     2.113     -4.16                                 KURHFS 
  4248.266   23.0051     2.113     -4.39                                 KURHFS 
  4248.266   23.0051     2.113     -4.80                                 KURHFS 
  4248.280      66.1     1.850     -1.52                                 LAWLER 
  4248.330      24.0     3.008     -1.28                                        
  4248.402      26.0     1.010     -5.08                                        
  4248.429 106.00112     0.558     -1.46               3.470               Plez 
  4248.456      66.1     1.777     -0.46                                        
  4248.502      24.0     4.096     -1.82                                        
  4248.513      25.1     5.490     -4.32                                        
  4248.542 106.00112     0.558     -1.42               3.470               Plez 
  4248.552      15.0     6.949     -4.00                                        
  4248.555 106.00113     0.558     -3.30               3.470               Plez 
  4248.564 106.00112     0.558     -3.30               3.470               Plez 
  4248.583      22.0     3.158     -2.95                                        
  4248.652      23.1     3.793     -3.09                                        
  4248.652      41.0     0.019     -1.85                                        
  4248.671      58.1     0.683      0.18                                 LAWLER 
  4248.699      24.0     2.980     -2.76                                        
  4248.716      26.0     3.692     -4.38                                        
  4248.732 106.00112     0.189     -1.46               3.470               Plez 
  4248.732 106.00113     0.558     -1.46               3.470               Plez 
  4248.742      26.0     3.036     -6.54                                        
  4248.743      24.0     3.110     -2.13                                        
  4248.797      23.0     2.682     -1.60                               KURNOHFS 
  4248.811      23.1     1.674     -2.87                                        
  4248.854   23.0051     1.858     -5.12                                 KURHFS 
  4248.854   23.0051     1.858     -5.57                                 KURHFS 
  4248.854   23.0051     1.858     -6.57                                 KURHFS 
  4248.861   23.0051     1.858     -5.00                                 KURHFS 
  4248.861   23.0051     1.858     -5.36                                 KURHFS 
  4248.861   23.0051     1.858     -6.36                                 KURHFS 
  4248.869 106.00113     0.558     -1.42               3.470               Plez 
  4248.870   23.0051     1.858     -4.88                                 KURHFS 
  4248.870   23.0051     1.858     -5.26                                 KURHFS 
  4248.870   23.0051     1.858     -6.33                                 KURHFS 
  4248.881   23.0051     1.858     -4.77                                 KURHFS 
  4248.881   23.0051     1.858     -5.22                                 KURHFS 
  4248.881   23.0051     1.858     -6.41                                 KURHFS 
  4248.895   23.0051     1.858     -4.66                                 KURHFS 
  4248.895   23.0051     1.858     -5.24                                 KURHFS 
  4248.895   23.0051     1.858     -6.61                                 KURHFS 
  4248.899      26.0     3.298     -6.57                                        
  4248.903      20.0     6.041     -1.55                                        
  4248.910   23.0051     1.858     -4.57                                 KURHFS 
  4248.910   23.0051     1.858     -5.32                                 KURHFS 
  4248.910   23.0051     1.858     -6.99                                 KURHFS 
  4248.928   23.0051     1.858     -4.48                                 KURHFS 
  4248.928   23.0051     1.858     -5.54                                 KURHFS 
  4248.938 106.00112     0.189     -1.42               3.470               Plez 
  4248.949   23.0051     1.858     -4.39                                 KURHFS 
  4248.952 106.00112     0.189     -3.25               3.470               Plez 
  4248.956      29.0     5.073     -0.97                                        
  4248.993      26.1     7.577     -3.24                                        
  4249.005 106.00113     0.189     -3.25               3.470               Plez 
  4249.012      24.0     2.985     -5.71                                        
  4249.034      26.1     7.700     -3.38                                        
  4249.037      20.0     6.041     -2.70                                        
  4249.077      59.1     0.000     -1.52                                        
  4249.088 106.00113     0.189     -1.46               3.470               Plez 
  4249.091      23.1     5.835     -3.89                                        
  4249.095      20.0     6.041     -2.31                                        
  4249.112      22.0     2.295     -0.30                                        
  4249.145 106.00113     1.172     -4.77               3.470               Plez 
  4249.194      20.0     5.989     -5.47                                        
  4249.199      26.0     4.383     -2.70                                        
  4249.308      22.0     1.738     -3.04                                        
  4249.322      26.0     2.422     -3.14                                        
  4249.326 106.00113     0.189     -1.42               3.470               Plez 
  4249.362 106.00113     1.091     -3.49               3.470               Plez 
  4249.370      22.0     2.776     -1.55                                        
  4249.412      11.0     2.101     -3.33                                        
  4249.418 106.00112     1.172     -4.77               3.470               Plez 
  4249.456      41.0     0.000     -1.47                                        
  4249.456      74.0     1.654     -1.38                                        
  4249.480      59.1     0.371     -1.13                                LINOHFS 
  4249.490 106.00112     0.190     -1.46               3.470               Plez 
  4249.536      62.1     0.333     -1.49                                        
  4249.570 106.00112     1.091     -1.35               3.470               Plez 
  4249.584      26.0     2.557     -3.30                                        
  4249.588 106.00112     1.091     -1.37               3.470               Plez 
  4249.640 106.00112     1.091     -3.49               3.470               Plez 
  4249.642 106.00112     0.190     -1.42               3.470               Plez 
  4249.657 106.00112     0.190     -3.25               3.470               Plez 
  4249.675 106.00113     1.091     -1.35               3.470               Plez 
  4249.679      90.1     0.970     -1.67                                        
  4249.702 106.00113     1.091     -1.37               3.470               Plez 
  4249.708      24.0     3.823     -1.12                                        
  4249.709 106.00113     0.190     -3.25               3.470               Plez 
  4249.824   27.0059     3.927     -5.99                                 KURHFS 
  4249.824   27.0059     3.927     -6.06                                 KURHFS 
  4249.824   27.0059     3.927     -6.69                                 KURHFS 
  4249.830   27.0059     3.927     -5.80                                 KURHFS 
  4249.830   27.0059     3.927     -5.80                                 KURHFS 
  4249.830   27.0059     3.927     -6.54                                 KURHFS 
  4249.838   27.0059     3.927     -5.59                                 KURHFS 
  4249.838   27.0059     3.927     -5.69                                 KURHFS 
  4249.838   27.0059     3.927     -6.54                                 KURHFS 
  4249.843      24.0     3.102     -0.76                                        
  4249.846 106.00113     0.190     -1.46               3.470               Plez 
  4249.850   27.0059     3.927     -5.42                                 KURHFS 
  4249.850   27.0059     3.927     -5.65                                 KURHFS 
  4249.850   27.0059     3.927     -6.63                                 KURHFS 
  4249.865   27.0059     3.927     -5.28                                 KURHFS 
  4249.865   27.0059     3.927     -5.65                                 KURHFS 
  4249.865   27.0059     3.927     -6.84                                 KURHFS 
  4249.883   27.0059     3.927     -5.15                                 KURHFS 
  4249.883   27.0059     3.927     -5.72                                 KURHFS 
  4249.883   27.0059     3.927     -7.24                                 KURHFS 
  4249.890 106.00113     1.172     -4.77               3.470               Plez 
  4249.904   27.0059     3.927     -5.03                                 KURHFS 
  4249.904   27.0059     3.927     -5.94                                 KURHFS 
  4249.928   27.0059     3.927     -4.93                                 KURHFS 
  4249.978      57.1     1.945     -0.34                                        
  4250.016      20.0     6.007     -4.83                                        
  4250.031 106.00113     0.190     -1.42               3.470               Plez 
  4250.054      26.0     4.151     -3.92                                        
  4250.119      26.0     2.467     -0.41                                        
  4250.139      27.1     5.065     -3.18                                        
  4250.145      26.0     4.412     -3.16                                        
  4250.163 106.00112     1.172     -4.77               3.470               Plez 
  4250.188      26.0     2.402     -5.46                                        
  4250.270      64.0     0.841     -0.53                                        
  4250.343      90.1     0.556     -4.00                                        
  4250.345      59.1     1.338      0.12                                        
  4250.437      26.1     7.678     -1.75                                        
  4250.450      25.0     5.334     -3.34                                        
  4250.535      25.0     4.602     -3.51                                        
  4250.538      25.0     4.341     -1.29                                        
  4250.538      25.0     4.341     -3.93                                        
  4250.570      22.0     2.316     -0.09                                        
  4250.618      27.0     2.868     -4.06                               KURNOHFS 
  4250.645      22.1     4.947     -1.27                                        
  4250.649      58.1     0.495     -1.57                                        
  4250.687      42.1     3.140     -1.00                                        
  4250.692      58.1     0.792     -1.48                                 LAWLER 
  4250.721      27.0     3.527     -3.20                               KURNOHFS 
  4250.726      26.0     4.188     -4.11                                        
  4250.734      25.0     4.636     -2.43                                        
  4250.786      22.0     2.015     -3.67                                        
  4250.787      26.0     1.556     -0.71                                        
  4250.866      28.0     3.191     -5.53                                        
  4250.869      24.0     3.090     -3.16                                        
  4250.892      26.0     3.069     -2.20                                        
  4250.904      25.1     5.563     -3.28                                        
  4250.906      24.0     2.706     -5.52                                        
  4250.924      26.0     4.590     -3.30                                        
  4250.932      21.0     4.531     -1.53                                        
  4250.932      21.0     4.531     -2.71                                        
  4251.001      42.0     2.916     -1.81                                        
  4251.057      22.0     1.748     -4.71                                        
  4251.124 106.00113     1.041     -3.46               3.470               Plez 
  4251.199      39.0     1.889      0.33                                        
  4251.274 106.00112     1.041     -1.39               3.470               Plez 
  4251.285      20.0     4.765     -3.28                                        
  4251.308 106.00112     1.041     -1.36               3.470               Plez 
  4251.310      62.1     0.040     -2.66                                 LAWLER 
  4251.352      23.0     2.614     -2.92                               KURNOHFS 
  4251.357      25.0     5.334     -2.98                                        
  4251.379 106.00112     1.041     -3.46               3.470               Plez 
  4251.381      24.0     2.870     -2.12                                        
  4251.385      42.0     3.904     -0.79                                        
  4251.393 106.00113     1.041     -1.39               3.470               Plez 
  4251.422 106.00113     1.041     -1.36               3.470               Plez 
  4251.442      59.1     1.297      0.01                                        
  4251.491      24.0     3.011     -1.76                                        
  4251.494      26.1     2.340     -6.06                                        
  4251.498      26.0     3.692     -3.91                                        
  4251.598      58.1     1.091     -0.79                                        
  4251.603      22.0     1.878     -0.97                                        
  4251.609      22.0     2.675     -4.26                                        
  4251.627      28.0     4.161     -3.06                                        
  4251.635      28.0     3.462     -9.61                                        
  4251.645      26.0     2.402     -4.49                                        
  4251.648      25.1     5.344     -4.07                                        
  4251.681      25.0     4.636     -2.94                                        
  4251.686      23.0     2.330     -3.93                               KURNOHFS 
  4251.717      25.1     6.180     -1.06                                        
  4251.730      64.1     0.382     -0.22                                 LAWLER 
  4251.750      22.0     2.304     -1.38                                        
  4251.780      62.1     0.378     -1.11                                 LAWLER 
  4251.792      42.0     3.165     -0.85                                        
  4251.834      42.0     2.595     -1.52                                        
  4251.855      58.1     0.536     -1.10                                 LAWLER 
  4251.883      42.0     3.499     -0.28                                        
  4251.887 106.00112     0.729     -3.79               3.470               Plez 
  4251.888      26.0     2.607     -5.74                                        
  4251.904      22.0     1.748     -4.57                                        
  4251.909      24.1     6.479     -2.92                                        
  4251.929 106.00113     0.729     -3.79               3.470               Plez 
  4251.936      68.1     2.098      0.40                                        
  4251.938      26.1     7.599     -3.96                                        
  4252.017      28.0     3.741     -2.11                                        
  4252.058      26.0     4.214     -2.77                                        
  4252.064      24.0     3.008     -6.94                                        
  4252.068      23.0     2.682     -2.77                               KURNOHFS 
  4252.086      22.1     2.046     -3.33                                        
  4252.135 106.00112     0.729     -3.79               3.470               Plez 
  4252.176 106.00113     0.729     -3.79               3.470               Plez 
  4252.205      24.0     3.836     -0.90                                        
  4252.225      24.0     3.011     -1.01                                        
  4252.226      22.0     2.493     -6.88                                        
  4252.245   27.0059     0.101     -4.83                                 KURHFS 
  4252.263   27.0059     0.101     -4.63                                 KURHFS 
  4252.266   27.0059     0.101     -3.93                                 KURHFS 
  4252.279   27.0059     0.101     -4.56                                 KURHFS 
  4252.281   27.0059     0.101     -4.12                                 KURHFS 
  4252.293   27.0059     0.101     -4.57                                 KURHFS 
  4252.294   27.0059     0.101     -4.34                                 KURHFS 
  4252.302   27.0059     0.101     -4.83                                 KURHFS 
  4252.304   27.0059     0.101     -4.60                                 KURHFS 
  4252.304   27.0059     0.101     -4.64                                 KURHFS 
  4252.311   27.0059     0.101     -4.63                                 KURHFS 
  4252.313   27.0059     0.101     -4.93                                 KURHFS 
  4252.314   27.0059     0.101     -4.78                                 KURHFS 
  4252.319   27.0059     0.101     -4.56                                 KURHFS 
  4252.320   27.0059     0.101     -5.38                                 KURHFS 
  4252.321   27.0059     0.101     -5.05                                 KURHFS 
  4252.324   27.0059     0.101     -6.08                                 KURHFS 
  4252.325   27.0059     0.101     -4.57                                 KURHFS 
  4252.329   27.0059     0.101     -4.64                                 KURHFS 
  4252.329   27.0059     0.101     -5.05                                 KURHFS 
  4252.330   27.0059     0.101     -4.78                                 KURHFS 
  4252.360      24.0     2.913     -3.50                                        
  4252.397      24.0     3.814     -1.21                                        
  4252.426      92.1     0.548     -1.25                                        
  4252.430   23.0051     2.364    -10.79                                 KURHFS 
  4252.430   23.0051     2.364     -9.49                                 KURHFS 
  4252.430   23.0051     2.364     -9.77                                 KURHFS 
  4252.430   23.0051     2.364     -9.77                                 KURHFS 
  4252.431   23.0051     2.364    -10.09                                 KURHFS 
  4252.431   23.0051     2.364     -9.35                                 KURHFS 
  4252.431   23.0051     2.364     -9.49                                 KURHFS 
  4252.433   23.0051     2.364     -9.29                                 KURHFS 
  4252.433   23.0051     2.364     -9.35                                 KURHFS 
  4252.433   23.0051     2.364     -9.65                                 KURHFS 
  4252.435   23.0051     2.364     -9.28                                 KURHFS 
  4252.435   23.0051     2.364     -9.29                                 KURHFS 
  4252.435   23.0051     2.364     -9.31                                 KURHFS 
  4252.438   23.0051     2.364     -9.05                                 KURHFS 
  4252.438   23.0051     2.364     -9.28                                 KURHFS 
  4252.438   23.0051     2.364     -9.35                                 KURHFS 
  4252.442   23.0051     2.364     -8.83                                 KURHFS 
  4252.442   23.0051     2.364     -9.35                                 KURHFS 
  4252.442   23.0051     2.364     -9.55                                 KURHFS 
  4252.446   23.0051     2.364     -8.65                                 KURHFS 
  4252.446   23.0051     2.364     -9.55                                 KURHFS 
  4252.488      26.0     4.073     -2.96                                        
  4252.494      20.0     4.621     -3.09                                        
  4252.515 106.00113     1.042     -3.46               3.470               Plez 
  4252.520      11.0     2.103     -3.03                                        
  4252.617      20.0     5.667     -5.03                                        
  4252.632      24.1     3.855     -2.02                                        
  4252.699      20.0     6.009     -2.76                                        
  4252.699      21.0     2.562     -1.29                               KURNOHFS 
  4252.705 106.00112     1.042     -1.39               3.470               Plez 
  4252.706 106.00112     1.042     -1.36               3.470               Plez 
  4252.770 106.00112     1.042     -3.46               3.470               Plez 
  4252.786      42.0     3.435     -1.86                                        
  4252.790      66.1     1.850     -1.11                                 LAWLER 
  4252.820 106.00113     1.042     -1.36               3.470               Plez 
  4252.824 106.00113     1.042     -1.39               3.470               Plez 
  4252.833      23.0     1.871     -1.56                               KURNOHFS 
  4252.855      21.0     3.081     -3.66                               KURNOHFS 
  4252.963      25.1     6.181     -1.14                                        
  4252.969      41.0     1.177     -0.75                                        
  4253.007 106.00112     0.521     -1.49               3.470               Plez 
  4253.022   27.0059     3.626     -5.16                                 KURHFS 
  4253.022   27.0059     3.626     -5.36                                 KURHFS 
  4253.025      25.1     5.376     -2.40                                        
  4253.028   27.0059     3.626     -5.14                                 KURHFS 
  4253.028   27.0059     3.626     -5.15                                 KURHFS 
  4253.028   27.0059     3.626     -5.36                                 KURHFS 
  4253.038      26.0     3.544     -3.98                                        
  4253.038   27.0059     3.626     -5.01                                 KURHFS 
  4253.038   27.0059     3.626     -5.04                                 KURHFS 
  4253.038   27.0059     3.626     -5.14                                 KURHFS 
  4253.050   27.0059     3.626     -4.84                                 KURHFS 
  4253.050   27.0059     3.626     -4.99                                 KURHFS 
  4253.050   27.0059     3.626     -5.04                                 KURHFS 
  4253.066   27.0059     3.626     -4.68                                 KURHFS 
  4253.066   27.0059     3.626     -4.99                                 KURHFS 
  4253.066   27.0059     3.626     -5.00                                 KURHFS 
  4253.085   27.0059     3.626     -4.52                                 KURHFS 
  4253.085   27.0059     3.626     -5.00                                 KURHFS 
  4253.085   27.0059     3.626     -5.08                                 KURHFS 
  4253.107   27.0059     3.626     -4.37                                 KURHFS 
  4253.107   27.0059     3.626     -5.08                                 KURHFS 
  4253.107   27.0059     3.626     -5.30                                 KURHFS 
  4253.112      25.1     6.181     -2.09                                        
  4253.133   27.0059     3.626     -4.23                                 KURHFS 
  4253.133   27.0059     3.626     -5.30                                 KURHFS 
  4253.208 106.00112     0.521     -1.45               3.470               Plez 
  4253.209 106.00113     0.521     -3.26               3.470               Plez 
  4253.218 106.00112     0.521     -3.26               3.470               Plez 
  4253.234      22.0     3.102     -0.63                                        
  4253.285 106.00113     0.521     -1.49               3.470               Plez 
  4253.360      64.1     0.556     -0.52                                 LAWLER 
  4253.362      58.1     0.464     -0.55                                 LAWLER 
  4253.510      22.0     1.429     -3.28                                        
  4253.512 106.00113     0.521     -1.45               3.470               Plez 
  4253.514      26.0     3.329     -3.76                                        
  4253.539      27.1     5.204     -4.52                                        
  4253.539      90.0     1.647      0.17                                        
  4253.541      68.1     1.350     -2.12                                 LAWLER 
  4253.544      20.0     4.677     -4.93                                        
  4253.546      26.0     4.590     -1.19                                        
  4253.553      40.0     1.395     -0.67                                        
  4253.572      42.0     3.209     -1.25                                        
  4253.600      64.1     1.126     -0.04                                 LAWLER 
  4253.685      23.1     3.796     -2.05                                        
  4253.691      41.0     1.120     -0.87                                        
  4253.720      62.1     0.333     -1.74                                 LAWLER 
  4253.738 106.00112     0.522     -1.49               3.470               Plez 
  4253.751      27.1     3.083     -6.36                                        
  4253.756      26.0     3.249     -4.74                                        
  4253.859      24.0     3.009     -2.12                                        
  4253.865      60.1     1.293     -0.29                                        
  4253.888 106.00112     0.522     -1.45               3.470               Plez 
  4253.890 106.00113     0.522     -3.26               3.470               Plez 
  4253.899 106.00112     0.522     -3.26               3.470               Plez 
  4253.930      26.0     3.637     -1.85                                        
