Y II     4883.7      line list
  4880.041      23.1     6.491     -3.87                                        
  4880.042      24.0     4.200     -0.97                                        
  4880.050      24.0     3.119     -1.58                                 SOBECK 
  4880.067      20.0     6.041     -3.43                                        
  4880.137      28.0     3.938     -3.13                                        
  4880.162      66.0     0.000     -1.37                                        
  4880.184   27.0059     0.513     -5.07                                 KURHFS 
  4880.202   27.0059     0.513     -5.17                                 KURHFS 
  4880.218   27.0059     0.513     -5.29                                 KURHFS 
  4880.232   27.0059     0.513     -5.42                                 KURHFS 
  4880.239   27.0059     0.513     -6.07                                 KURHFS 
  4880.245   27.0059     0.513     -5.56                                 KURHFS 
  4880.250   27.0059     0.513     -5.86                                 KURHFS 
  4880.256   27.0059     0.513     -5.73                                 KURHFS 
  4880.259   27.0059     0.513     -5.79                                 KURHFS 
  4880.266   27.0059     0.513     -5.78                                 KURHFS 
  4880.266   27.0059     0.513     -5.93                                 KURHFS 
  4880.272   27.0059     0.513     -5.83                                 KURHFS 
  4880.274   27.0059     0.513     -6.20                                 KURHFS 
  4880.277   27.0059     0.513     -5.93                                 KURHFS 
  4880.280   27.0059     0.513     -6.13                                 KURHFS 
  4880.285      22.0     0.899     -4.39                                        
  4880.287   27.0059     0.513     -7.37                                 KURHFS 
  4880.290   27.0059     0.513     -6.83                                 KURHFS 
  4880.291   27.0059     0.513     -6.98                                 KURHFS 
  4880.293   27.0059     0.513     -6.67                                 KURHFS 
  4880.293   27.0059     0.513     -6.77                                 KURHFS 
  4880.294   27.0059     0.513     -6.67                                 KURHFS 
  4880.305      23.1     1.792     -5.71                                        
  4880.444      25.0     5.108     -3.97                                        
  4880.524      26.0     4.073     -1.80                                        
  4880.539   23.0051     1.194     -2.36                                 KURHFS 
  4880.539   23.0051     1.194     -2.36                                 KURHFS 
  4880.539   23.0051     1.194     -2.67                                 KURHFS 
  4880.543   23.0051     1.194     -2.20                                 KURHFS 
  4880.543   23.0051     1.194     -2.23                                 KURHFS 
  4880.543   23.0051     1.194     -2.54                                 KURHFS 
  4880.549   23.0051     1.194     -1.94                                 KURHFS 
  4880.549   23.0051     1.194     -2.19                                 KURHFS 
  4880.549   23.0051     1.194     -2.79                                 KURHFS 
  4880.556   23.0051     1.194     -1.73                                 KURHFS 
  4880.556   23.0051     1.194     -2.35                                 KURHFS 
  4880.556   23.0051     1.194     -3.22                                 KURHFS 
  4880.622      25.1     7.754     -2.94                                        
  4880.676      22.0     3.438     -3.91                                        
  4880.747      28.0     2.738     -5.97                                        
  4880.765      21.0     1.983     -1.35                               KURNOHFS 
  4880.765      22.1     5.564     -3.09                                        
  4880.798      42.0     3.731     -0.93                                        
  4880.801      23.0     2.636     -2.36                               KURNOHFS 
  4880.871      26.1     7.577     -2.68                                        
  4880.897      22.0     3.303     -0.26                                        
  4880.907      22.0     2.152     -1.44                                        
  4880.948      20.0     5.041     -3.38                                        
  4880.960      26.0     3.271     -4.15                                        
  4881.074      24.0     4.528     -3.54                                        
  4881.090      64.0     1.400     -0.05                                        
  4881.104      23.1     3.796     -2.94                                        
  4881.119      24.0     4.236     -2.00                                        
  4881.123      23.1     6.529     -4.04                                        
  4881.161      25.0     4.824     -3.43                                        
  4881.193      26.0     4.962     -3.96                                        
  4881.237      40.0     0.650     -1.49                                        
  4881.273      27.0     4.206     -1.54                                        
  4881.287      25.0     5.108     -4.01                                        
  4881.294      24.0     4.096     -4.40                                        
  4881.374      64.0     1.547     -0.02                                        
  4881.436      39.1     0.408     -2.79                                BIEMONT 
  4881.452      20.0     6.000     -4.13                                        
  4881.522   23.0051     0.069     -2.40                                 KURHFS 
  4881.522   23.0051     0.069     -2.47                                 KURHFS 
  4881.522   23.0051     0.069     -3.10                                 KURHFS 
  4881.525   23.0051     0.069     -2.20                                 KURHFS 
  4881.525   23.0051     0.069     -2.20                                 KURHFS 
  4881.525   23.0051     0.069     -2.94                                 KURHFS 
  4881.531   23.0051     0.069     -2.00                                 KURHFS 
  4881.531   23.0051     0.069     -2.10                                 KURHFS 
  4881.531   23.0051     0.069     -2.94                                 KURHFS 
  4881.537      58.0     0.028     -1.02                                        
  4881.538   23.0051     0.069     -1.83                                 KURHFS 
  4881.538   23.0051     0.069     -2.05                                 KURHFS 
  4881.538   23.0051     0.069     -3.04                                 KURHFS 
  4881.540      25.0     4.662     -1.11                                        
  4881.547   23.0051     0.069     -1.68                                 KURHFS 
  4881.547   23.0051     0.069     -2.06                                 KURHFS 
  4881.547   23.0051     0.069     -3.24                                 KURHFS 
  4881.558   23.0051     0.069     -1.55                                 KURHFS 
  4881.558   23.0051     0.069     -2.13                                 KURHFS 
  4881.558   23.0051     0.069     -3.64                                 KURHFS 
  4881.559      20.0     6.000     -3.63                                        
  4881.570   23.0051     0.069     -1.44                                 KURHFS 
  4881.570   23.0051     0.069     -2.34                                 KURHFS 
  4881.585   23.0051     0.069     -1.33                                 KURHFS 
  4881.697      60.0     0.000     -0.97                                        
  4881.718      26.0     3.299     -1.78                                        
  4881.734      26.0     4.140     -2.92                                        
  4881.741      26.0     3.639     -3.99                                        
  4881.795      25.0     4.723     -2.70                                        
  4881.833      24.0     2.980     -3.83                                        
  4881.842   27.0059     3.051     -6.90                                 KURHFS 
  4881.842   27.0059     3.051     -6.96                                 KURHFS 
  4881.842   27.0059     3.051     -7.59                                 KURHFS 
  4881.856   27.0059     3.051     -6.70                                 KURHFS 
  4881.856   27.0059     3.051     -6.70                                 KURHFS 
  4881.856   27.0059     3.051     -7.44                                 KURHFS 
  4881.860      42.0     2.521     -2.23                                        
  4881.876   27.0059     3.051     -6.50                                 KURHFS 
  4881.876   27.0059     3.051     -6.59                                 KURHFS 
  4881.876   27.0059     3.051     -7.44                                 KURHFS 
  4881.904   27.0059     3.051     -6.33                                 KURHFS 
  4881.904   27.0059     3.051     -6.55                                 KURHFS 
  4881.904   27.0059     3.051     -7.54                                 KURHFS 
  4881.934      64.1     2.249     -0.51                                        
  4881.938   27.0059     3.051     -6.18                                 KURHFS 
  4881.938   27.0059     3.051     -6.55                                 KURHFS 
  4881.938   27.0059     3.051     -7.74                                 KURHFS 
  4881.966      73.0     1.357     -2.39                                        
  4881.979   27.0059     3.051     -6.05                                 KURHFS 
  4881.979   27.0059     3.051     -6.63                                 KURHFS 
  4881.979   27.0059     3.051     -8.14                                 KURHFS 
  4882.027   27.0059     3.051     -5.93                                 KURHFS 
  4882.027   27.0059     3.051     -6.84                                 KURHFS 
  4882.081   27.0059     3.051     -5.83                                 KURHFS 
  4882.095      22.0     2.266     -3.97                                        
  4882.143      26.0     3.414     -1.64                                        
  4882.171   23.0051     1.182     -2.52                                 KURHFS 
  4882.171   23.0051     1.182     -2.67                                 KURHFS 
  4882.183   23.0051     1.182     -2.52                                 KURHFS 
  4882.183   23.0051     1.182     -3.00                                 KURHFS 
  4882.207      25.0     4.709     -2.48                                        
  4882.245      59.0     0.000     -0.75                                        
  4882.255      26.0     4.792     -2.94                                        
  4882.329      22.0     2.254     -0.92                                        
  4882.434      21.0     1.994     -4.07                               KURNOHFS 
  4882.463      58.1     1.527      0.19                                 LAWLER 
  4882.626      22.0     2.693     -1.18                                        
  4882.650      72.1     2.194     -2.68                                 LAWLER 
  4882.694      27.0     3.250     -0.98                               KURNOHFS 
  4882.856      21.0     2.108     -2.74                               KURNOHFS 
  4882.880      60.1     0.742     -1.41                                        
  4882.916      27.0     4.146     -3.53                                        
  4883.035   25.0055     3.132     -8.04                                 KURHFS 
  4883.038   25.0055     3.132     -7.75                                 KURHFS 
  4883.040   25.0055     3.132     -8.01                                 KURHFS 
  4883.044   25.0055     3.132     -7.53                                 KURHFS 
  4883.047   25.0055     3.132     -7.83                                 KURHFS 
  4883.050   25.0055     3.132     -8.79                                 KURHFS 
  4883.053   25.0055     3.132     -7.35                                 KURHFS 
  4883.056      23.1     6.832     -3.63                                        
  4883.058   25.0055     3.132     -7.77                                 KURHFS 
  4883.061   25.0055     3.132     -8.71                                 KURHFS 
  4883.066   25.0055     3.132     -7.19                                 KURHFS 
  4883.072   25.0055     3.132     -7.79                                 KURHFS 
  4883.077   25.0055     3.132     -8.83                                 KURHFS 
  4883.083   25.0055     3.132     -7.05                                 KURHFS 
  4883.090   25.0055     3.132     -7.97                                 KURHFS 
  4883.096   25.0055     3.132     -9.19                                 KURHFS 
  4883.135      14.0     7.333     -4.20                                        
  4883.204      64.0     1.266     -0.18                                        
  4883.225      42.0     3.263     -2.00                                        
  4883.359      21.0     2.562     -0.47                               KURNOHFS 
  4883.407      23.1     3.793     -0.78                                        
  4883.457      24.0     3.446     -4.43                                        
  4883.529      23.1     3.750     -3.32                                        
  4883.543      26.0     4.909     -1.73                                        
  4883.593      40.0     0.686     -1.45                                        
  4883.638      21.0     1.985     -1.36                               KURNOHFS 
  4883.684      39.1     1.083      0.07                                        
  4883.777      62.0     0.036     -0.59                                        
  4883.783      92.1     0.284     -2.25                                        
  4883.811      60.0     0.625      0.77                                        
  4883.870      27.1     5.051     -5.66                                        
  4883.879      27.0     4.146     -3.75                                        
  4883.911      26.0     4.545     -4.23                                        
  4883.948      73.0     1.146     -1.82                                        
  4883.982      62.0     0.387      0.29                                        
  4883.990   23.0051     1.847    -10.09                                 KURHFS 
  4883.990   23.0051     1.847     -8.65                                 KURHFS 
  4883.990   23.0051     1.847     -8.78                                 KURHFS 
  4883.990   23.0051     1.847     -8.78                                 KURHFS 
  4883.990   23.0051     1.847     -9.06                                 KURHFS 
  4883.990   23.0051     1.847     -9.06                                 KURHFS 
  4883.990   23.0051     1.847     -9.39                                 KURHFS 
  4883.991   23.0051     1.847     -8.58                                 KURHFS 
  4883.991   23.0051     1.847     -8.65                                 KURHFS 
  4883.991   23.0051     1.847     -8.94                                 KURHFS 
  4883.992   23.0051     1.847     -8.57                                 KURHFS 
  4883.992   23.0051     1.847     -8.58                                 KURHFS 
  4883.992   23.0051     1.847     -8.61                                 KURHFS 
  4883.994   23.0051     1.847     -8.35                                 KURHFS 
  4883.994   23.0051     1.847     -8.57                                 KURHFS 
  4883.994   23.0051     1.847     -8.64                                 KURHFS 
  4883.995   23.0051     1.847     -8.13                                 KURHFS 
  4883.995   23.0051     1.847     -8.64                                 KURHFS 
  4883.995   23.0051     1.847     -8.84                                 KURHFS 
  4883.997   23.0051     1.847     -7.94                                 KURHFS 
  4883.997   23.0051     1.847     -8.84                                 KURHFS 
  4884.043      63.0     1.992     -0.26                                        
  4884.051      23.1     3.755     -1.95                                        
  4884.052      26.0     4.140     -3.85                                        
  4884.058      26.0     2.452     -6.11                                        
  4884.075   25.0055     3.133     -6.13                                 KURHFS 
  4884.077      22.0     1.872     -7.59                                        
  4884.078   25.0055     3.133     -5.04                                 KURHFS 
  4884.078      26.0     3.298     -3.38                                        
  4884.080   25.0055     3.133     -6.00                                 KURHFS 
  4884.081   25.0055     3.133     -4.53                                 KURHFS 
  4884.084   25.0055     3.133     -4.85                                 KURHFS 
  4884.086   25.0055     3.133     -6.10                                 KURHFS 
  4884.088   25.0055     3.133     -4.39                                 KURHFS 
  4884.092   25.0055     3.133     -4.79                                 KURHFS 
  4884.095   25.0055     3.133     -6.43                                 KURHFS 
  4884.097   25.0055     3.133     -4.26                                 KURHFS 
  4884.102   25.0055     3.133     -4.83                                 KURHFS 
  4884.108   25.0055     3.133     -4.14                                 KURHFS 
  4884.114   25.0055     3.133     -5.02                                 KURHFS 
  4884.121      24.0     4.613     -1.31                                        
  4884.121   25.0055     3.133     -4.03                                 KURHFS 
  4884.136   25.0055     3.133     -3.92                                 KURHFS 
  4884.247      23.1     6.453     -4.58                                        
  4884.331      42.0     2.593     -2.04                                        
  4884.459      59.0     0.000     -1.08                                        
  4884.580      26.0     4.555     -3.43                                        
  4884.607      24.1     3.855     -2.08                                        
  4884.634   25.0055     3.133     -6.41                                 KURHFS 
  4884.636   25.0055     3.133     -6.15                                 KURHFS 
  4884.637   25.0055     3.133     -6.21                                 KURHFS 
  4884.641   25.0055     3.133     -6.09                                 KURHFS 
  4884.643   25.0055     3.133     -6.14                                 KURHFS 
  4884.643   25.0055     3.133     -6.41                                 KURHFS 
  4884.648   25.0055     3.133     -5.91                                 KURHFS 
  4884.651   25.0055     3.133     -6.17                                 KURHFS 
  4884.651   25.0055     3.133     -6.21                                 KURHFS 
  4884.653      24.0     3.365     -2.67                                        
  4884.657   25.0055     3.133     -5.72                                 KURHFS 
  4884.661   25.0055     3.133     -6.36                                 KURHFS 
  4884.662   25.0055     3.133     -6.14                                 KURHFS 
  4884.668   25.0055     3.133     -5.54                                 KURHFS 
  4884.674   25.0055     3.133     -6.17                                 KURHFS 
  4884.682   25.0055     3.133     -5.36                                 KURHFS 
  4884.689   25.0055     3.133     -6.36                                 KURHFS 
  4884.800      24.0     4.437     -4.13                                        
  4884.830      22.0     3.291     -0.38                                        
  4884.938      24.0     5.482     -0.08                                        
  4884.939      24.0     2.542     -5.22                                        
  4884.956      42.0     3.435     -1.39                                        
  4884.999      60.0     0.625      0.23                                        
  4885.003      26.0     3.299     -4.20                                        
  4885.079      22.0     1.886      0.36                                        
  4885.141      92.0     0.000     -1.65                                        
  4885.201      22.0     2.675     -1.68                                        
  4885.317      42.0     3.441     -1.29                                        
  4885.326      23.1     6.857     -2.18                                        
  4885.430      26.0     3.879     -1.09                                        
  4885.589   27.0059     3.927     -3.85                                 KURHFS 
  4885.589   27.0059     3.927     -3.91                                 KURHFS 
  4885.589   27.0059     3.927     -4.55                                 KURHFS 
  4885.592   23.0051     2.129     -2.65                                 KURHFS 
  4885.592   23.0051     2.129     -2.84                                 KURHFS 
  4885.597   27.0059     3.927     -3.65                                 KURHFS 
  4885.597   27.0059     3.927     -3.65                                 KURHFS 
  4885.597   27.0059     3.927     -4.39                                 KURHFS 
  4885.598   23.0051     2.129     -2.62                                 KURHFS 
  4885.598   23.0051     2.129     -2.63                                 KURHFS 
  4885.598   23.0051     2.129     -2.84                                 KURHFS 
  4885.607   23.0051     2.129     -2.50                                 KURHFS 
  4885.607   23.0051     2.129     -2.52                                 KURHFS 
  4885.607   23.0051     2.129     -2.62                                 KURHFS 
  4885.609   27.0059     3.927     -3.45                                 KURHFS 
  4885.609   27.0059     3.927     -3.55                                 KURHFS 
  4885.609   27.0059     3.927     -4.39                                 KURHFS 
  4885.620   23.0051     2.129     -2.33                                 KURHFS 
  4885.620   23.0051     2.129     -2.48                                 KURHFS 
  4885.620   23.0051     2.129     -2.52                                 KURHFS 
  4885.624   27.0059     3.927     -3.28                                 KURHFS 
  4885.624   27.0059     3.927     -3.50                                 KURHFS 
  4885.624   27.0059     3.927     -4.49                                 KURHFS 
  4885.636   23.0051     2.129     -2.16                                 KURHFS 
  4885.636   23.0051     2.129     -2.48                                 KURHFS 
  4885.636   23.0051     2.129     -2.49                                 KURHFS 
  4885.638      42.0     3.435     -1.47                                        
  4885.644   27.0059     3.927     -3.13                                 KURHFS 
  4885.644   27.0059     3.927     -3.50                                 KURHFS 
  4885.644   27.0059     3.927     -4.69                                 KURHFS 
  4885.655   23.0051     2.129     -2.00                                 KURHFS 
  4885.655   23.0051     2.129     -2.49                                 KURHFS 
  4885.655   23.0051     2.129     -2.56                                 KURHFS 
  4885.667   27.0059     3.927     -3.00                                 KURHFS 
  4885.667   27.0059     3.927     -3.58                                 KURHFS 
  4885.667   27.0059     3.927     -5.09                                 KURHFS 
  4885.677   23.0051     2.129     -1.85                                 KURHFS 
  4885.677   23.0051     2.129     -2.56                                 KURHFS 
  4885.677   23.0051     2.129     -2.78                                 KURHFS 
  4885.686      28.1     7.247     -2.84                                        
  4885.695   27.0059     3.927     -2.89                                 KURHFS 
  4885.695   27.0059     3.927     -3.79                                 KURHFS 
  4885.703   23.0051     2.129     -1.72                                 KURHFS 
  4885.703   23.0051     2.129     -2.78                                 KURHFS 
  4885.727   27.0059     3.927     -2.78                                 KURHFS 
  4885.770      24.0     2.542     -1.05                                        
  4885.810      21.0     2.109     -3.62                               KURNOHFS 
  4885.834      23.0     2.330     -3.16                               KURNOHFS 
  4885.838      26.0     4.581     -4.07                                        
  4885.918      20.0     6.003     -4.82                                        
  4885.960      24.0     3.085     -1.12                                 SOBECK 
  4885.967      22.0     2.504     -2.88                                        
