Gd II    4215.0      line list
  4212.010      64.1     0.425     -0.42                                        
  4212.049      41.0     1.608     -0.59                                        
  4212.063      44.0     0.811      0.14                                        
  4212.065      26.0     3.414     -4.17                                        
  4212.177   23.0051     1.944     -3.52                                 KURHFS 
  4212.177   23.0051     1.944     -3.77                                 KURHFS 
  4212.181   23.0051     1.944     -3.32                                 KURHFS 
  4212.181   23.0051     1.944     -3.52                                 KURHFS 
  4212.181   23.0051     1.944     -5.42                                 KURHFS 
  4212.186   23.0051     1.944     -3.25                                 KURHFS 
  4212.186   23.0051     1.944     -3.32                                 KURHFS 
  4212.186   23.0051     1.944     -4.18                                 KURHFS 
  4212.194   23.0051     1.944     -3.25                                 KURHFS 
  4212.194   23.0051     1.944     -3.28                                 KURHFS 
  4212.194   23.0051     1.944     -3.46                                 KURHFS 
  4212.203   23.0051     1.944     -3.06                                 KURHFS 
  4212.203   23.0051     1.944     -3.28                                 KURHFS 
  4212.203   23.0051     1.944     -3.46                                 KURHFS 
  4212.214   23.0051     1.944     -2.77                                 KURHFS 
  4212.214   23.0051     1.944     -3.46                                 KURHFS 
  4212.253      92.1     0.548     -1.29                                        
  4212.286 106.00113     0.895     -1.28               3.470               Plez 
  4212.286 106.00113     0.895     -1.30               3.470               Plez 
  4212.320      21.0     1.985     -0.57                               KURNOHFS 
  4212.419   25.0055     2.939     -3.74                                 KURHFS 
  4212.420   25.0055     2.939     -4.11                                 KURHFS 
  4212.420   25.0055     2.939     -4.11                                 KURHFS 
  4212.420   25.0055     2.939     -4.20                                 KURHFS 
  4212.420   25.0055     2.939     -4.22                                 KURHFS 
  4212.420   25.0055     2.939     -4.65                                 KURHFS 
  4212.482      21.0     1.985     -1.19                               KURNOHFS 
  4212.524      41.0     1.353     -0.84                                        
  4212.529      24.0     3.008     -2.26                                        
  4212.585      26.1     7.982     -4.15                                        
  4212.597      40.0     1.349     -0.70                                        
  4212.636 106.00112     0.464     -1.28               3.470               Plez 
  4212.663 106.00112     0.464     -1.31               3.470               Plez 
  4212.709 106.00112     0.464     -3.46               3.470               Plez 
  4212.746      60.1     0.182     -1.53                                        
  4212.790      69.1     1.086     -2.32                                 LAWLER 
  4212.799 106.00113     0.464     -3.46               3.470               Plez 
  4212.814      47.0     3.775     -1.33                                        
  4212.826      25.1     7.752     -2.48                                        
  4212.834      28.0     3.844     -1.13                                        
  4212.930      62.1     0.484     -1.62                                 LAWLER 
  4212.933      25.0     3.370     -3.95                               KURNOHFS 
  4212.934      20.0     2.930     -6.87                                        
  4212.954      46.0     1.452     -0.45                                        
  4213.001      11.0     2.101     -2.65                                        
  4213.017      39.0     2.011     -0.11                                        
  4213.030      62.1     0.484     -1.81                                 LAWLER 
  4213.035      58.1     0.674     -0.94                                 LAWLER 
  4213.051      60.1     1.336     -0.30                                        
  4213.067      90.0     0.317     -1.43                                        
  4213.104   23.0051     1.929     -5.99                                 KURHFS 
  4213.104   23.0051     1.929     -6.24                                 KURHFS 
  4213.112   23.0051     1.929     -5.79                                 KURHFS 
  4213.112   23.0051     1.929     -5.99                                 KURHFS 
  4213.112   23.0051     1.929     -7.89                                 KURHFS 
  4213.124   23.0051     1.929     -5.72                                 KURHFS 
  4213.124   23.0051     1.929     -5.79                                 KURHFS 
  4213.124   23.0051     1.929     -6.65                                 KURHFS 
  4213.140   23.0051     1.929     -5.72                                 KURHFS 
  4213.140   23.0051     1.929     -5.75                                 KURHFS 
  4213.140   23.0051     1.929     -5.93                                 KURHFS 
  4213.160   23.0051     1.929     -5.53                                 KURHFS 
  4213.160   23.0051     1.929     -5.75                                 KURHFS 
  4213.160   23.0051     1.929     -5.93                                 KURHFS 
  4213.169      26.1     7.552     -4.16                                        
  4213.176 106.00112     1.033     -7.42               3.470               Plez 
  4213.179      24.0     3.077     -0.72                                        
  4213.181      66.0     0.874      0.88                                        
  4213.185   23.0051     1.929     -5.24                                 KURHFS 
  4213.185   23.0051     1.929     -5.93                                 KURHFS 
  4213.190 106.00113     0.464     -1.28               3.470               Plez 
  4213.192 106.00113     0.464     -1.31               3.470               Plez 
  4213.198      60.1     1.498     -0.15                                        
  4213.213      27.1     3.007     -5.44                                        
  4213.242      41.0     1.522     -0.67                                        
  4213.265      23.0     2.573     -3.40                               KURNOHFS 
  4213.266      75.0     3.363      0.01                                        
  4213.314      26.0     4.281     -2.83                                        
  4213.332      24.0     3.842     -0.24                                        
  4213.351      24.0     3.373     -1.88                                        
  4213.352      24.0     3.889     -4.33                                        
  4213.380      25.0     4.604     -2.91                                        
  4213.420      65.1     0.856     -0.61                               LAWNOHFS 
  4213.421      26.0     2.725     -3.96                                        
  4213.424      24.0     4.613     -0.80                                        
  4213.426   23.0051     2.284     -5.16                                 KURHFS 
  4213.426   23.0051     2.284     -5.22                                 KURHFS 
  4213.426   23.0051     2.284     -5.86                                 KURHFS 
  4213.432   23.0051     2.284     -4.96                                 KURHFS 
  4213.432   23.0051     2.284     -4.96                                 KURHFS 
  4213.432   23.0051     2.284     -5.70                                 KURHFS 
  4213.432      26.0     4.188     -3.17                                        
  4213.441   23.0051     2.284     -4.76                                 KURHFS 
  4213.441   23.0051     2.284     -4.86                                 KURHFS 
  4213.441   23.0051     2.284     -5.70                                 KURHFS 
  4213.453   23.0051     2.284     -4.59                                 KURHFS 
  4213.453   23.0051     2.284     -4.81                                 KURHFS 
  4213.453   23.0051     2.284     -5.80                                 KURHFS 
  4213.464      41.0     2.085     -0.47                                        
  4213.467   23.0051     2.284     -4.44                                 KURHFS 
  4213.467   23.0051     2.284     -4.81                                 KURHFS 
  4213.467   23.0051     2.284     -6.00                                 KURHFS 
  4213.485   23.0051     2.284     -4.31                                 KURHFS 
  4213.485   23.0051     2.284     -4.89                                 KURHFS 
  4213.485   23.0051     2.284     -6.40                                 KURHFS 
  4213.491      22.0     2.406     -4.84                                        
  4213.506   23.0051     2.284     -4.20                                 KURHFS 
  4213.506   23.0051     2.284     -5.10                                 KURHFS 
  4213.518      26.1     7.767     -2.21                                        
  4213.522      39.0     1.852     -0.56                                        
  4213.530   23.0051     2.284     -4.09                                 KURHFS 
  4213.648      26.0     2.843     -1.29                                        
  4213.660      24.0     2.542     -2.85                                        
  4213.691      20.0     6.017     -2.83                                        
  4213.741      24.0     2.706     -7.22                                        
  4213.780      23.1     5.784     -3.48                                        
  4213.826 106.00112     0.897     -1.28               3.470               Plez 
  4213.860 106.00113     0.897     -3.53               3.470               Plez 
  4213.863      76.0     3.099     -0.03                                        
  4213.865      40.0     0.603     -0.72                                        
  4213.865      92.0     1.401      0.44                                        
  4213.877 106.00112     0.897     -1.30               3.470               Plez 
  4213.899 106.00112     0.897     -3.53               3.470               Plez 
  4213.911      23.0     2.581     -3.67                               KURNOHFS 
  4213.922      24.0     4.385     -4.29                                        
  4213.966      24.0     3.887     -3.46                                        
  4213.982      24.1     4.940     -6.30                                        
  4214.000      59.1     0.216     -1.62                                LINOHFS 
  4214.033      58.1     0.608     -0.45                                 LAWLER 
  4214.044      24.1     7.326     -4.25                                        
  4214.063      42.0     3.031     -1.52                                        
  4214.092      25.0     4.791     -1.37                                        
  4214.144      24.0     2.543     -3.51                                        
  4214.192      24.0     2.543     -4.81                                        
  4214.211      60.1     1.410     -0.16                                        
  4214.240 106.00113     0.897     -1.28               3.470               Plez 
  4214.288 106.00113     0.897     -1.30               3.470               Plez 
  4214.295      68.1     0.891     -2.54                                 LAWLER 
  4214.352      26.0     2.607     -4.15                                        
  4214.400      65.1     0.373     -0.71                               LAWNOHFS 
  4214.409      66.0     0.937     -0.39                                        
  4214.411      92.1     0.036     -2.04                                        
  4214.439      44.0     1.691     -0.10                                        
  4214.440      24.0     2.985     -4.15                                        
  4214.480      26.0     2.467     -3.85                                        
  4214.603      60.1     0.182     -1.38                                        
  4214.604      20.0     6.017     -3.90                                        
  4214.609      21.0     2.000     -2.15                               KURNOHFS 
  4214.609      23.1     6.473     -2.41                                        
  4214.653      28.0     3.838     -2.87                                        
  4214.656      20.0     6.017     -3.47                                        
  4214.724      22.0     2.235     -2.27                                        
  4214.727      41.0     0.130     -1.12                                        
  4214.829      90.0     0.615     -1.43                                        
  4214.830      26.0     4.073     -1.79                                        
  4214.865      25.0     4.270     -2.62                                        
  4214.972      23.1     6.517     -4.53                                        
  4214.990      24.0     2.707     -6.48                                        
  4215.020      64.1     0.427     -0.44                                 LAWLER 
  4215.076      22.0     2.493     -7.47                                        
  4215.155 106.00113     1.055     -7.48               3.470               Plez 
  4215.158      23.1     5.845     -2.94                                        
  4215.160      66.0     0.000     -1.08                                        
  4215.160      76.0     1.746     -1.42                                        
  4215.162      66.0     0.512      0.73                                        
  4215.174      21.0     4.681     -2.54                                        
  4215.298      24.0     4.614     -4.32                                        
  4215.324      21.0     3.055     -3.65                               KURNOHFS 
  4215.349      20.0     5.983     -3.00                                        
  4215.377      74.0     2.420     -0.31                                        
  4215.381 106.00112     0.458     -3.94               3.470               Plez 
  4215.390      60.1     0.742     -1.84                                 LAWLER 
  4215.404      26.1     7.599     -3.25                                        
  4215.423      26.0     2.988     -1.76                                        
  4215.459      22.0     1.738     -4.60                                        
  4215.460      26.0     2.756     -4.02                                        
  4215.482      26.0     2.988     -3.52                                        
  4215.502      22.0     2.173     -4.69                                        
  4215.519      37.0     0.000     -1.88                                        
  4215.519      38.1     0.000     -0.17                                 Fuhr05 
  4215.544      25.1     7.754     -2.31                                        
  4215.555      23.0     2.682     -1.93                               KURNOHFS 
  4215.629 106.00113     0.458     -3.94               3.470               Plez 
  4215.659      26.0     3.036     -7.47                                        
  4215.715      23.1     1.671     -4.11                                        
  4215.735      24.0     3.367     -2.27                                        
  4215.738      24.1     3.102     -2.63                                        
  4215.818 106.00112     0.458     -3.94               3.470               Plez 
  4215.834      25.0     4.265     -2.47                                        
  4215.848      23.0     3.222     -4.60                               KURNOHFS 
  4215.968      26.0     2.690     -3.17                                        
  4216.029      26.0     4.100     -3.01                                        
  4216.057      11.0     2.103     -2.35                                        
  4216.067 106.00113     0.458     -3.94               3.470               Plez 
  4216.083      21.0     1.983     -1.37                               KURNOHFS 
  4216.113      56.1     6.119     -1.21                                        
  4216.139      26.0     4.151     -2.48                                        
  4216.143      28.1     6.468     -5.32                                        
  4216.147      26.0     4.590     -3.36                                        
  4216.183      26.0     0.000     -3.36                                        
  4216.219      26.0     2.452     -4.97                                        
  4216.273      22.0     2.394     -3.81                                        
  4216.307   23.0051     0.286     -6.35                                 KURHFS 
  4216.309   23.0051     0.286     -6.07                                 KURHFS 
  4216.309   23.0051     0.286     -6.35                                 KURHFS 
  4216.309   23.0051     0.286     -7.37                                 KURHFS 
  4216.314 106.00112     0.838     -4.04               3.470               Plez 
  4216.314   23.0051     0.286     -5.93                                 KURHFS 
  4216.314   23.0051     0.286     -6.07                                 KURHFS 
  4216.314   23.0051     0.286     -6.67                                 KURHFS 
  4216.320   23.0051     0.286     -5.86                                 KURHFS 
  4216.320   23.0051     0.286     -5.93                                 KURHFS 
  4216.320   23.0051     0.286     -6.22                                 KURHFS 
  4216.321      20.0     6.018     -3.77                                        
  4216.329   23.0051     0.286     -5.86                                 KURHFS 
  4216.329   23.0051     0.286     -5.86                                 KURHFS 
  4216.329   23.0051     0.286     -5.89                                 KURHFS 
  4216.339   23.0051     0.275     -4.12                                 KURHFS 
  4216.341   23.0051     0.286     -5.63                                 KURHFS 
  4216.341   23.0051     0.286     -5.86                                 KURHFS 
  4216.341   23.0051     0.286     -5.92                                 KURHFS 
  4216.343   23.0051     0.275     -4.12                                 KURHFS 
  4216.343   23.0051     0.275     -4.29                                 KURHFS 
  4216.350   23.0051     0.275     -3.96                                 KURHFS 
  4216.350   23.0051     0.275     -4.42                                 KURHFS 
  4216.350   23.0051     0.275     -4.54                                 KURHFS 
  4216.354   23.0051     0.286     -5.41                                 KURHFS 
  4216.354   23.0051     0.286     -5.92                                 KURHFS 
  4216.354   23.0051     0.286     -6.12                                 KURHFS 
  4216.358      24.0     3.011     -0.80                                        
  4216.359   23.0051     0.275     -3.95                                 KURHFS 
  4216.359   23.0051     0.275     -3.98                                 KURHFS 
  4216.359   23.0051     0.275     -4.97                                 KURHFS 
  4216.370   23.0051     0.275     -3.70                                 KURHFS 
  4216.370   23.0051     0.275     -4.11                                 KURHFS 
  4216.370   23.0051     0.286     -5.22                                 KURHFS 
  4216.370   23.0051     0.286     -6.12                                 KURHFS 
  4216.383   23.0051     0.275     -3.48                                 KURHFS 
  4216.415 106.00113     0.838     -4.04               3.470               Plez 
  4216.475      26.0     4.309     -0.97                                        
  4216.584 106.00112     0.838     -1.32               3.470               Plez 
  4216.599 106.00112     0.839     -1.29               3.470               Plez 
  4216.604      26.0     4.188     -2.81                                        
  4216.645 106.00113     0.839     -3.50               3.470               Plez 
  4216.673 106.00112     0.839     -3.50               3.470               Plez 
  4216.704      22.0     2.248     -3.92                                        
  4216.786      26.0     4.431     -1.28                                        
  4216.807      26.0     4.368     -1.67                                        
  4216.961 106.00112     0.837     -4.04               3.470               Plez 
  4216.964      24.0     4.407     -4.23                                        
  4216.988 106.00113     0.838     -1.32               3.470               Plez 
  4217.009 106.00113     0.839     -1.29               3.470               Plez 
  4217.056      24.1     3.103     -2.81                                        
  4217.063 106.00113     0.837     -4.04               3.470               Plez 
  4217.079      22.0     2.248     -1.97                                        
  4217.082      23.0     2.576     -3.82                               KURNOHFS 
  4217.164      24.0     2.965     -5.20                                        
  4217.178      27.1     5.042     -4.66                                        
  4217.186      25.0     4.709     -2.31                                        
  4217.190      64.1     0.662     -0.39                                 LAWLER 
  4217.209 106.00112     0.410     -1.33               3.470               Plez 
  4217.225      90.1     0.764     -1.86                                        
  4217.239      22.0     3.106     -1.20                                        
  4217.260 106.00112     0.410     -1.30               3.470               Plez 
  4217.266 106.00113     1.484     -5.04               3.470               Plez 
  4217.266      44.0     0.811     -0.82                                        
  4217.270      60.1     0.380     -1.27                                 LAWLER 
  4217.285      21.0     4.187     -2.77                                        
  4217.323      22.1     2.060     -3.76                                        
  4217.326 106.00112     0.410     -3.43               3.470               Plez 
  4217.411 106.00113     0.410     -3.43               3.470               Plez 
  4217.488      23.0     2.580     -1.79                               KURNOHFS 
  4217.515      24.1     6.636     -3.88                                        
  4217.543      57.1     1.945      0.01                                        
  4217.546      26.0     3.428     -0.51                                        
  4217.587      58.1     1.057     -0.12                                BIEMONT 
  4217.608      24.0     3.008     -1.43                                        
  4217.611      23.1     6.529     -4.68                                        
  4217.652      23.0     3.242     -3.20                               KURNOHFS 
  4217.667   23.0051     1.217     -5.29                                 KURHFS 
  4217.667   23.0051     1.217     -5.55                                 KURHFS 
  4217.669   23.0051     1.217     -5.10                                 KURHFS 
  4217.669   23.0051     1.217     -5.29                                 KURHFS 
  4217.669   23.0051     1.217     -7.20                                 KURHFS 
  4217.671   23.0051     1.217     -5.03                                 KURHFS 
  4217.671   23.0051     1.217     -5.10                                 KURHFS 
  4217.671   23.0051     1.217     -5.96                                 KURHFS 
  4217.673   23.0051     1.217     -5.03                                 KURHFS 
  4217.673   23.0051     1.217     -5.06                                 KURHFS 
  4217.673   23.0051     1.217     -5.24                                 KURHFS 
  4217.677   23.0051     1.217     -4.84                                 KURHFS 
  4217.677   23.0051     1.217     -5.06                                 KURHFS 
  4217.677   23.0051     1.217     -5.24                                 KURHFS 
  4217.681   23.0051     1.217     -4.54                                 KURHFS 
  4217.681   23.0051     1.217     -5.24                                 KURHFS 
  4217.712 106.00113     0.410     -1.33               3.470               Plez 
  4217.712      27.1     5.118     -6.26                                        
  4217.748      21.0     2.108     -1.50                               KURNOHFS 
  4217.755      77.0     1.995     -1.69                                        
  4217.775      28.0     3.539     -3.15                                        
  4217.790 106.00113     0.410     -1.30               3.470               Plez 
  4217.798      39.0     1.304     -0.35                                        
  4217.806 106.00112     1.484     -5.04               3.470               Plez 
  4217.818      24.0     2.965     -4.84                                        
  4217.899      23.0     2.357     -7.81                               KURNOHFS 
  4217.907      24.0     3.977     -2.22                                        
  4217.945      41.0     0.086     -1.10                                        
  4217.963      23.0     2.579     -0.81                               KURNOHFS 
  4217.975      28.0     3.844     -2.85                                        
  4217.984      24.0     3.695     -4.51                                        
  4218.053   23.0051     1.847     -4.74                                 KURHFS 
  4218.053   23.0051     1.847     -4.88                                 KURHFS 
  4218.053   23.0051     1.847     -4.88                                 KURHFS 
  4218.053   23.0051     1.847     -5.16                                 KURHFS 
  4218.053   23.0051     1.847     -5.16                                 KURHFS 
  4218.053   23.0051     1.847     -5.48                                 KURHFS 
  4218.053   23.0051     1.847     -6.18                                 KURHFS 
  4218.054   23.0051     1.847     -4.67                                 KURHFS 
  4218.054   23.0051     1.847     -4.74                                 KURHFS 
  4218.054   23.0051     1.847     -5.03                                 KURHFS 
  4218.055   23.0051     1.847     -4.44                                 KURHFS 
  4218.055   23.0051     1.847     -4.67                                 KURHFS 
  4218.055   23.0051     1.847     -4.67                                 KURHFS 
  4218.055   23.0051     1.847     -4.67                                 KURHFS 
  4218.055   23.0051     1.847     -4.70                                 KURHFS 
  4218.055   23.0051     1.847     -4.73                                 KURHFS 
  4218.057   23.0051     1.847     -4.22                                 KURHFS 
  4218.057   23.0051     1.847     -4.73                                 KURHFS 
  4218.057   23.0051     1.847     -4.94                                 KURHFS 
  4218.058   23.0051     1.847     -4.03                                 KURHFS 
  4218.058   23.0051     1.847     -4.94                                 KURHFS 
