Dy II    4449.7       line list
  4446.157      58.1     1.353     -0.60                                        
  4446.179      41.0     1.629     -0.70                                        
  4446.231      26.0     3.571     -4.22                                        
  4446.237      26.1     5.952     -2.44                                        
  4446.275      26.0     4.555     -1.15                                        
  4446.321      23.0     2.614     -2.78                               KURNOHFS 
  4446.335      22.1     4.947     -3.55                                        
  4446.380      60.1     0.204     -0.35                                 LAWLER 
  4446.425      42.0     3.714     -0.21                                        
  4446.479      26.0     3.600     -4.12                                        
  4446.488      24.1     6.892     -4.01                                        
  4446.500      64.1     0.492     -1.29                                 LAWLER 
  4446.567      27.0     4.022     -2.92                               KURNOHFS 
  4446.624      39.0     1.407     -0.48                                        
  4446.675      26.0     4.280     -3.41                                        
  4446.725   23.0051     1.892     -4.79                                 KURHFS 
  4446.725   23.0051     1.892     -4.79                                 KURHFS 
  4446.725   23.0051     1.892     -5.09                                 KURHFS 
  4446.741   23.0051     1.892     -4.62                                 KURHFS 
  4446.741   23.0051     1.892     -4.65                                 KURHFS 
  4446.741   23.0051     1.892     -4.96                                 KURHFS 
  4446.762   23.0051     1.892     -4.36                                 KURHFS 
  4446.762   23.0051     1.892     -4.61                                 KURHFS 
  4446.762   23.0051     1.892     -5.21                                 KURHFS 
  4446.776      42.0     3.176     -1.72                                        
  4446.788   23.0051     1.892     -4.15                                 KURHFS 
  4446.788   23.0051     1.892     -4.77                                 KURHFS 
  4446.788   23.0051     1.892     -5.64                                 KURHFS 
  4446.832      26.0     3.684     -1.33                                        
  4446.896      26.0     3.299     -2.50                                        
  4446.910      62.1     0.434     -1.79                                 LAWLER 
  4446.923      27.0     3.949     -1.78                               KURNOHFS 
  4446.987   27.0059     3.295     -3.77                                 KURHFS 
  4446.987   27.0059     3.295     -3.95                                 KURHFS 
  4446.990   27.0059     3.295     -3.65                                 KURHFS 
  4446.990   27.0059     3.295     -3.77                                 KURHFS 
  4446.994   27.0059     3.295     -3.65                                 KURHFS 
  4446.994   27.0059     3.295     -3.76                                 KURHFS 
  4446.994   27.0059     3.295     -3.96                                 KURHFS 
  4446.999   27.0059     3.295     -3.35                                 KURHFS 
  4446.999   27.0059     3.295     -3.76                                 KURHFS 
  4447.073      27.0     2.875     -3.80                               KURNOHFS 
  4447.130      26.0     2.196     -2.59                                        
  4447.174      41.0     0.739     -1.01                                        
  4447.232      42.0     3.393     -1.00                                        
  4447.247      26.0     4.253     -2.13                                        
  4447.251      27.1     3.457     -2.66                                        
  4447.358      76.0     1.776     -1.12                                        
  4447.389      22.0     2.425     -1.99                                        
  4447.390      24.0     4.437     -3.97                                        
  4447.401      23.0     2.581     -4.47                               KURNOHFS 
  4447.407      27.1     5.118     -5.73                                        
  4447.552      27.0     3.663     -1.71                               KURNOHFS 
  4447.560      23.0     2.357     -1.21                               KURNOHFS 
  4447.586      69.0     2.074     -0.14                                        
  4447.632      26.0     3.249     -2.68                                        
  4447.667      58.0     0.000     -0.93                                        
  4447.717      26.0     2.221     -1.34                                        
  4447.762      20.0     6.012     -2.81                                        
  4447.771      20.0     6.041     -4.66                                        
  4447.802      26.1     6.212     -3.39                                        
  4447.803      26.0     4.217     -2.57                                        
  4447.820      24.0     3.367     -2.37                                        
  4447.835      90.1     0.774     -1.63                                        
  4447.866      23.1     6.517     -1.96                                        
  4447.880      23.1     6.681     -4.11                                        
  4447.918      20.0     6.041     -2.07                                        
  4447.963   27.0059     1.784     -4.49                                 KURHFS 
  4447.963   27.0059     1.784     -4.81                                 KURHFS 
  4447.963   27.0059     1.784     -5.29                                 KURHFS 
  4447.981      20.0     6.041     -1.65                                        
  4447.982   27.0059     1.784     -4.81                                 KURHFS 
  4447.982   27.0059     1.784     -4.83                                 KURHFS 
  4447.982   27.0059     1.784     -4.96                                 KURHFS 
  4448.065   23.0051     1.954     -5.27                                 KURHFS 
  4448.065   23.0051     1.954     -5.33                                 KURHFS 
  4448.065   23.0051     1.954     -5.97                                 KURHFS 
  4448.071   23.0051     1.954     -5.07                                 KURHFS 
  4448.071   23.0051     1.954     -5.07                                 KURHFS 
  4448.071   23.0051     1.954     -5.81                                 KURHFS 
  4448.082   23.0051     1.954     -4.87                                 KURHFS 
  4448.082   23.0051     1.954     -4.97                                 KURHFS 
  4448.082   23.0051     1.954     -5.81                                 KURHFS 
  4448.095   23.0051     1.954     -4.70                                 KURHFS 
  4448.095   23.0051     1.954     -4.92                                 KURHFS 
  4448.095   23.0051     1.954     -5.91                                 KURHFS 
  4448.112   23.0051     1.954     -4.55                                 KURHFS 
  4448.112   23.0051     1.954     -4.93                                 KURHFS 
  4448.112   23.0051     1.954     -6.11                                 KURHFS 
  4448.132   23.0051     1.954     -4.42                                 KURHFS 
  4448.132   23.0051     1.954     -5.00                                 KURHFS 
  4448.132   23.0051     1.954     -6.51                                 KURHFS 
  4448.147      27.0     3.527     -5.30                               KURNOHFS 
  4448.156   23.0051     1.954     -4.31                                 KURHFS 
  4448.156   23.0051     1.954     -5.21                                 KURHFS 
  4448.182      26.0     3.926     -3.08                                        
  4448.183   23.0051     1.954     -4.20                                 KURHFS 
  4448.262      27.0     2.716     -7.21                               KURNOHFS 
  4448.511   25.0055     3.132     -7.13                                 KURHFS 
  4448.515   25.0055     3.132     -6.87                                 KURHFS 
  4448.515   25.0055     3.132     -7.13                                 KURHFS 
  4448.515   25.0055     3.132     -7.90                                 KURHFS 
  4448.523   25.0055     3.132     -6.77                                 KURHFS 
  4448.523   25.0055     3.132     -6.87                                 KURHFS 
  4448.523   25.0055     3.132     -7.20                                 KURHFS 
  4448.535   25.0055     3.132     -6.75                                 KURHFS 
  4448.535   25.0055     3.132     -6.77                                 KURHFS 
  4448.535   25.0055     3.132     -6.77                                 KURHFS 
  4448.550   25.0055     3.132     -6.42                                 KURHFS 
  4448.550   25.0055     3.132     -6.77                                 KURHFS 
  4448.550   25.0055     3.132     -6.94                                 KURHFS 
  4448.570   25.0055     3.132     -6.16                                 KURHFS 
  4448.570   25.0055     3.132     -6.94                                 KURHFS 
  4448.610      68.1     1.700     -0.66                                        
  4448.645   27.0059     3.772     -1.97                                 KURHFS 
  4448.659   27.0059     3.772     -1.95                                 KURHFS 
  4448.659   27.0059     3.772     -2.43                                 KURHFS 
  4448.677   27.0059     3.772     -1.95                                 KURHFS 
  4448.677   27.0059     3.772     -2.10                                 KURHFS 
  4448.700   27.0059     3.772     -1.63                                 KURHFS 
  4448.724      25.0     3.768     -3.99                               KURNOHFS 
  4448.735      22.0     3.291     -2.39                                        
  4448.791      22.0     3.176     -2.03                                        
  4448.792      14.0     4.926     -3.65                                        
  4448.860      25.0     3.768     -3.50                               KURNOHFS 
  4448.898   27.0059     4.069     -4.52                                 KURHFS 
  4448.898   27.0059     4.069     -4.71                                 KURHFS 
  4448.902   27.0059     4.069     -4.49                                 KURHFS 
  4448.902   27.0059     4.069     -4.50                                 KURHFS 
  4448.902   27.0059     4.069     -4.71                                 KURHFS 
  4448.909   27.0059     4.069     -4.37                                 KURHFS 
  4448.909   27.0059     4.069     -4.39                                 KURHFS 
  4448.909   27.0059     4.069     -4.49                                 KURHFS 
  4448.910      26.0     3.637     -4.84                                        
  4448.917   27.0059     4.069     -4.20                                 KURHFS 
  4448.917   27.0059     4.069     -4.35                                 KURHFS 
  4448.917   27.0059     4.069     -4.39                                 KURHFS 
  4448.928   27.0059     4.069     -4.03                                 KURHFS 
  4448.928   27.0059     4.069     -4.35                                 KURHFS 
  4448.928   27.0059     4.069     -4.36                                 KURHFS 
  4448.940   27.0059     4.069     -3.87                                 KURHFS 
  4448.940   27.0059     4.069     -4.36                                 KURHFS 
  4448.940   27.0059     4.069     -4.43                                 KURHFS 
  4448.953   27.0059     4.069     -3.72                                 KURHFS 
  4448.953   27.0059     4.069     -4.43                                 KURHFS 
  4448.953   27.0059     4.069     -4.65                                 KURHFS 
  4448.963      40.0     0.632     -1.94                                        
  4448.968   27.0059     4.069     -3.59                                 KURHFS 
  4448.968   27.0059     4.069     -4.65                                 KURHFS 
  4448.971      25.0     4.270     -2.23                                        
  4448.997      26.0     3.637     -6.37                                        
  4449.003      74.0     1.507     -1.38                                        
  4449.020      64.0     1.831      0.00                                        
  4449.063      24.0     4.774     -3.01                                        
  4449.112      27.0     3.663     -4.10                               KURNOHFS 
  4449.143      22.0     1.886      0.50                                        
  4449.322      26.0     3.637     -3.99                                        
  4449.330      58.1     0.608      0.04                                 LAWLER 
  4449.341      44.0     1.062     -1.02                                        
  4449.351      23.0     2.357     -2.52                               KURNOHFS 
  4449.404      64.0     1.831      0.00                                        
  4449.423      26.0     4.555     -1.40                                        
  4449.434      25.0     4.602     -1.49                                        
  4449.474      23.1     6.551     -2.93                                        
  4449.530   23.0051     1.349     -2.86                                 KURHFS 
  4449.532   23.0051     1.349     -2.58                                 KURHFS 
  4449.532   23.0051     1.349     -2.86                                 KURHFS 
  4449.532   23.0051     1.349     -3.88                                 KURHFS 
  4449.537   23.0051     1.349     -2.44                                 KURHFS 
  4449.537   23.0051     1.349     -2.58                                 KURHFS 
  4449.537   23.0051     1.349     -3.18                                 KURHFS 
  4449.545   23.0051     1.349     -2.37                                 KURHFS 
  4449.545   23.0051     1.349     -2.44                                 KURHFS 
  4449.545   23.0051     1.349     -2.73                                 KURHFS 
  4449.556   23.0051     1.349     -2.37                                 KURHFS 
  4449.556   23.0051     1.349     -2.37                                 KURHFS 
  4449.556   23.0051     1.349     -2.40                                 KURHFS 
  4449.564      26.0     2.557     -4.28                                        
  4449.569   23.0051     1.349     -2.14                                 KURHFS 
  4449.569   23.0051     1.349     -2.37                                 KURHFS 
  4449.569   23.0051     1.349     -2.43                                 KURHFS 
  4449.581   23.0051     1.866     -3.51                                 KURHFS 
  4449.581   23.0051     1.866     -4.23                                 KURHFS 
  4449.581   23.0051     1.866     -5.44                                 KURHFS 
  4449.585   23.0051     1.349     -1.92                                 KURHFS 
  4449.585   23.0051     1.349     -2.43                                 KURHFS 
  4449.585   23.0051     1.349     -2.63                                 KURHFS 
  4449.593   23.0051     1.866     -3.42                                 KURHFS 
  4449.593   23.0051     1.866     -4.01                                 KURHFS 
  4449.593   23.0051     1.866     -5.21                                 KURHFS 
  4449.603   23.0051     1.349     -1.73                                 KURHFS 
  4449.603   23.0051     1.349     -2.63                                 KURHFS 
  4449.607   23.0051     1.866     -3.34                                 KURHFS 
  4449.607   23.0051     1.866     -3.92                                 KURHFS 
  4449.607   23.0051     1.866     -5.16                                 KURHFS 
  4449.616      26.1     7.923     -1.59                                        
  4449.625   23.0051     1.866     -3.25                                 KURHFS 
  4449.625   23.0051     1.866     -3.89                                 KURHFS 
  4449.625   23.0051     1.866     -5.23                                 KURHFS 
  4449.633      58.1     1.012     -0.74                                 LAWLER 
  4449.646   23.0051     1.866     -3.17                                 KURHFS 
  4449.646   23.0051     1.866     -3.91                                 KURHFS 
  4449.646   23.0051     1.866     -5.41                                 KURHFS 
  4449.669   23.0051     1.866     -3.09                                 KURHFS 
  4449.669   23.0051     1.866     -3.99                                 KURHFS 
  4449.669   23.0051     1.866     -5.80                                 KURHFS 
  4449.696   23.0051     1.866     -3.02                                 KURHFS 
  4449.696   23.0051     1.866     -4.22                                 KURHFS 
  4449.700      66.1     0.000     -1.03                                 LAWLER 
  4449.710   59.1141     0.204     -2.20                                 IV/LAW 
  4449.710   59.1141     0.204     -2.28                                 LI/LAW 
  4449.725   23.0051     1.866     -2.95                                 KURHFS 
  4449.728   59.1141     0.204     -2.00                                 IV/LAW 
  4449.728   59.1141     0.204     -2.08                                 LI/LAW 
  4449.734   59.1141     0.204     -1.21                                 IV/LAW 
  4449.734   59.1141     0.204     -1.29                                 LI/LAW 
  4449.738      42.0     2.068     -0.76                                        
  4449.752   59.1141     0.204     -1.95                                 IV/LAW 
  4449.752   59.1141     0.204     -2.03                                 LI/LAW 
  4449.758   59.1141     0.204     -1.16                                 IV/LAW 
  4449.758   59.1141     0.204     -1.25                                 LI/LAW 
  4449.782   59.1141     0.204     -1.99                                 IV/LAW 
  4449.782   59.1141     0.204     -2.08                                 LI/LAW 
  4449.783   59.1141     0.204     -2.20                                 IV/LAW 
  4449.783   59.1141     0.204     -2.28                                 LI/LAW 
  4449.788   59.1141     0.204     -1.09                                 IV/LAW 
  4449.788   59.1141     0.204     -1.18                                 LI/LAW 
  4449.817   59.1141     0.204     -2.19                                 IV/LAW 
  4449.817   59.1141     0.204     -2.27                                 LI/LAW 
  4449.818   59.1141     0.204     -2.00                                 IV/LAW 
  4449.818   59.1141     0.204     -2.08                                 LI/LAW 
  4449.823      23.1     5.829     -3.77                                        
  4449.823   59.1141     0.204     -1.01                                 IV/LAW 
  4449.823   59.1141     0.204     -1.09                                 LI/LAW 
  4449.840   25.0055     3.133     -6.51                                 KURHFS 
  4449.840   25.0055     3.133     -6.54                                 KURHFS 
  4449.840   25.0055     3.133     -7.29                                 KURHFS 
  4449.845   25.0055     3.133     -6.26                                 KURHFS 
  4449.845   25.0055     3.133     -6.34                                 KURHFS 
  4449.845   25.0055     3.133     -7.21                                 KURHFS 
  4449.854   25.0055     3.133     -6.04                                 KURHFS 
  4449.854   25.0055     3.133     -6.27                                 KURHFS 
  4449.854   25.0055     3.133     -7.34                                 KURHFS 
  4449.858   59.1141     0.204     -1.95                                 IV/LAW 
  4449.858   59.1141     0.204     -2.03                                 LI/LAW 
  4449.863   59.1141     0.204     -0.92                                 IV/LAW 
  4449.863   59.1141     0.204     -1.00                                 LI/LAW 
  4449.866   25.0055     3.133     -5.85                                 KURHFS 
  4449.866   25.0055     3.133     -6.30                                 KURHFS 
  4449.866   25.0055     3.133     -7.69                                 KURHFS 
  4449.873   23.0051     2.357     -3.14                                 KURHFS 
  4449.873   23.0051     2.357     -3.39                                 KURHFS 
  4449.873   23.0051     2.357     -3.42                                 KURHFS 
  4449.879   23.0051     2.357     -2.95                                 KURHFS 
  4449.879   23.0051     2.357     -3.01                                 KURHFS 
  4449.879   23.0051     2.357     -3.39                                 KURHFS 
  4449.880   25.0055     3.133     -5.70                                 KURHFS 
  4449.880   25.0055     3.133     -6.47                                 KURHFS 
  4449.888   23.0051     2.357     -2.75                                 KURHFS 
  4449.888   23.0051     2.357     -2.86                                 KURHFS 
  4449.888   23.0051     2.357     -3.44                                 KURHFS 
  4449.897   25.0055     3.133     -5.56                                 KURHFS 
  4449.901      14.0     4.926     -3.01                                        
  4449.901   23.0051     2.357     -2.55                                 KURHFS 
  4449.901   23.0051     2.357     -2.84                                 KURHFS 
  4449.901   23.0051     2.357     -3.57                                 KURHFS 
  4449.904   59.1141     0.204     -1.99                                 IV/LAW 
  4449.904   59.1141     0.204     -2.08                                 LI/LAW 
  4449.908   59.1141     0.204     -0.83                                 IV/LAW 
  4449.908   59.1141     0.204     -0.92                                 LI/LAW 
  4449.916   23.0051     2.357     -2.39                                 KURHFS 
  4449.916   23.0051     2.357     -2.89                                 KURHFS 
  4449.916   23.0051     2.357     -3.79                                 KURHFS 
  4449.926      14.0     4.950     -1.50                                        
  4449.935   23.0051     2.357     -2.25                                 KURHFS 
  4449.935   23.0051     2.357     -3.09                                 KURHFS 
  4449.935   23.0051     2.357     -4.20                                 KURHFS 
  4449.949      20.0     5.987     -4.53                                        
  4449.955   59.1141     0.204     -2.19                                 IV/LAW 
  4449.955   59.1141     0.204     -2.27                                 LI/LAW 
  4449.967      22.0     1.878     -1.68                                        
  4449.970      62.1     0.997     -1.88                                 LAWLER 
  4450.017      26.0     3.412     -8.86                                        
  4450.021   23.0051     2.377     -5.15                                 KURHFS 
  4450.021   23.0051     2.377     -5.78                                 KURHFS 
  4450.021   23.0051     2.377     -6.64                                 KURHFS 
  4450.028   23.0051     2.377     -5.37                                 KURHFS 
  4450.028   23.0051     2.377     -5.61                                 KURHFS 
  4450.028   23.0051     2.377     -6.21                                 KURHFS 
  4450.034   23.0051     2.377     -5.62                                 KURHFS 
  4450.034   23.0051     2.377     -5.65                                 KURHFS 
  4450.034   23.0051     2.377     -5.96                                 KURHFS 
  4450.039   23.0051     2.377     -5.79                                 KURHFS 
  4450.039   23.0051     2.377     -5.79                                 KURHFS 
  4450.039   23.0051     2.377     -6.09                                 KURHFS 
  4450.091      28.0     3.938     -1.77                                        
  4450.108      27.1     5.065     -4.24                                        
  4450.183      77.0     1.995     -2.09                                        
  4450.211      28.0     4.102     -3.13                                        
  4450.270      21.0     5.055     -3.60                                        
  4450.278      40.0     1.349     -0.72                                        
  4450.282      25.0     3.769     -3.98                               KURNOHFS 
  4450.282      25.0     3.769     -4.80                               KURNOHFS 
  4450.305      26.1     6.218     -2.90                                        
  4450.316      26.0     3.109     -2.05                                        
  4450.324      26.0     2.277     -5.03                                        
  4450.340      74.0     2.785     -0.41                                        
  4450.370      22.0     3.177     -3.21                                        
  4450.441      20.0     6.013     -3.32                                        
  4450.449      27.1     5.085     -2.60                                        
  4450.482      22.1     1.083     -1.45                                        
  4450.547      26.1     6.218     -4.14                                        
  4450.565      28.0     2.738     -4.90                                        
  4450.627      24.0     3.119     -4.23                                        
  4450.643      26.0     4.214     -3.69                                        
  4450.663      26.1     7.689     -4.25                                        
  4450.710      73.0     1.654     -1.17                                        
  4450.721   27.0059     3.189     -3.87                                 KURHFS 
  4450.721   27.0059     3.189     -4.13                                 KURHFS 
  4450.721   27.0059     3.189     -4.16                                 KURHFS 
  4450.732   27.0059     3.189     -3.68                                 KURHFS 
  4450.732   27.0059     3.189     -3.74                                 KURHFS 
  4450.732   27.0059     3.189     -4.13                                 KURHFS 
  4450.732      58.1     0.683     -0.17                                 LAWLER 
  4450.747   27.0059     3.189     -3.48                                 KURHFS 
  4450.747   27.0059     3.189     -3.59                                 KURHFS 
  4450.747   27.0059     3.189     -4.18                                 KURHFS 
  4450.767      26.0     3.879     -2.24                                        
  4450.768   27.0059     3.189     -3.29                                 KURHFS 
  4450.768   27.0059     3.189     -3.57                                 KURHFS 
  4450.768   27.0059     3.189     -4.30                                 KURHFS 
  4450.794   27.0059     3.189     -3.12                                 KURHFS 
  4450.794   27.0059     3.189     -3.62                                 KURHFS 
  4450.794   27.0059     3.189     -4.52                                 KURHFS 
  4450.811      71.0     0.926     -0.94                                        
  4450.824   27.0059     3.189     -2.98                                 KURHFS 
  4450.824   27.0059     3.189     -3.82                                 KURHFS 
  4450.824   27.0059     3.189     -4.93                                 KURHFS 
  4450.849      23.0     3.403     -4.00                               KURNOHFS 
  4450.854      58.1     1.013     -1.41                                 LAWLER 
  4450.889   23.0051     2.364     -1.86                                 KURHFS 
  4450.889   23.0051     2.364     -2.06                                 KURHFS 
  4450.889   23.0051     2.364     -2.12                                 KURHFS 
  4450.890   23.0051     2.364     -1.66                                 KURHFS 
  4450.890   23.0051     2.364     -1.86                                 KURHFS 
  4450.890   23.0051     2.364     -2.76                                 KURHFS 
  4450.892   23.0051     2.364     -1.49                                 KURHFS 
  4450.892   23.0051     2.364     -1.76                                 KURHFS 
  4450.892   23.0051     2.364     -2.60                                 KURHFS 
  4450.894      22.0     1.878      0.41                                        
  4450.895   23.0051     2.364     -1.34                                 KURHFS 
  4450.895   23.0051     2.364     -1.71                                 KURHFS 
  4450.895   23.0051     2.364     -2.60                                 KURHFS 
  4450.898   23.0051     2.364     -1.21                                 KURHFS 
  4450.898   23.0051     2.364     -1.72                                 KURHFS 
  4450.898   23.0051     2.364     -2.70                                 KURHFS 
  4450.902   23.0051     2.364     -1.10                                 KURHFS 
  4450.902   23.0051     2.364     -1.79                                 KURHFS 
  4450.902   23.0051     2.364     -2.90                                 KURHFS 
  4450.906   23.0051     2.364     -0.99                                 KURHFS 
  4450.906   23.0051     2.364     -2.00                                 KURHFS 
  4450.906   23.0051     2.364     -3.30                                 KURHFS 
  4450.928      23.1     3.755     -2.02                                        
  4451.015      24.0     3.419     -2.95                                        
  4451.116      22.0     3.291     -3.48                                        
  4451.287      24.0     2.706     -6.04                                        
  4451.349   27.0059     3.927     -3.48                                 KURHFS 
  4451.349   27.0059     3.927     -3.67                                 KURHFS 
  4451.355      24.0     3.119     -2.75                                        
  4451.356   27.0059     3.927     -3.45                                 KURHFS 
  4451.356   27.0059     3.927     -3.46                                 KURHFS 
  4451.356   27.0059     3.927     -3.67                                 KURHFS 
  4451.365   27.0059     3.927     -3.33                                 KURHFS 
  4451.365   27.0059     3.927     -3.35                                 KURHFS 
  4451.365   27.0059     3.927     -3.45                                 KURHFS 
  4451.378   27.0059     3.927     -3.16                                 KURHFS 
  4451.378   27.0059     3.927     -3.31                                 KURHFS 
  4451.378   27.0059     3.927     -3.35                                 KURHFS 
  4451.394   27.0059     3.927     -2.99                                 KURHFS 
  4451.394   27.0059     3.927     -3.31                                 KURHFS 
  4451.394   27.0059     3.927     -3.32                                 KURHFS 
  4451.414   27.0059     3.927     -2.83                                 KURHFS 
  4451.414   27.0059     3.927     -3.32                                 KURHFS 
  4451.414   27.0059     3.927     -3.39                                 KURHFS 
  4451.437   27.0059     3.927     -2.68                                 KURHFS 
  4451.437   27.0059     3.927     -3.39                                 KURHFS 
  4451.437   27.0059     3.927     -3.61                                 KURHFS 
  4451.451      25.0     4.357     -1.54                                        
  4451.463   27.0059     3.927     -2.55                                 KURHFS 
  4451.463   27.0059     3.927     -3.61                                 KURHFS 
  4451.479      23.0     2.682     -4.75                               KURNOHFS 
  4451.491      25.0     3.769     -3.79                               KURNOHFS 
  4451.491      25.0     3.769     -3.94                               KURNOHFS 
  4451.551      26.1     6.133     -1.84                                        
  4451.560      60.1     0.380      0.07                                 LAWLER 
  4451.570   25.0055     2.886     -0.33                                 KURHFS 
  4451.575   25.0055     2.886     -1.32                                 KURHFS 
  4451.576   25.0055     2.886     -1.32                                 KURHFS 
  4451.581   25.0055     2.886     -0.50                                 KURHFS 
  4451.585   25.0055     2.886     -1.14                                 KURHFS 
  4451.586   25.0055     2.886     -1.14                                 KURHFS 
  4451.590   25.0055     2.886     -0.69                                 KURHFS 
  4451.593   25.0055     2.886     -1.11                                 KURHFS 
  4451.594   25.0055     2.886     -1.11                                 KURHFS 
  4451.597   25.0055     2.886     -0.88                                 KURHFS 
  4451.600   25.0055     2.886     -1.18                                 KURHFS 
  4451.600   25.0055     2.886     -1.18                                 KURHFS 
  4451.603   25.0055     2.886     -1.05                                 KURHFS 
  4451.604   25.0055     2.886     -1.37                                 KURHFS 
  4451.605   25.0055     2.886     -1.37                                 KURHFS 
  4451.606   25.0055     2.886     -1.12                                 KURHFS 
  4451.614      23.1     1.792     -4.18                                        
  4451.628      25.0     3.769     -3.84                               KURNOHFS 
  4451.676      26.0     4.280     -3.15                                        
  4451.814      25.1     7.376     -5.73                                        
  4451.909      73.0     1.209     -2.11                                        
  4451.927      23.1     5.784     -2.92                                        
  4451.929   23.0051     1.866     -0.56                                 KURHFS 
  4451.941   23.0051     1.866     -0.50                                 KURHFS 
  4451.941   23.0051     1.866     -1.49                                 KURHFS 
  4451.956   23.0051     1.866     -0.43                                 KURHFS 
  4451.956   23.0051     1.866     -1.26                                 KURHFS 
  4451.956   23.0051     1.866     -2.87                                 KURHFS 
  4451.973   23.0051     1.866     -0.36                                 KURHFS 
  4451.973   23.0051     1.866     -1.17                                 KURHFS 
  4451.973   23.0051     1.866     -2.61                                 KURHFS 
  4451.980      60.1     0.000     -1.10                                 LAWLER 
  4451.983      26.0     3.639     -5.82                                        
  4451.994   23.0051     1.866     -0.29                                 KURHFS 
  4451.994   23.0051     1.866     -1.14                                 KURHFS 
  4451.994   23.0051     1.866     -2.56                                 KURHFS 
  4452.017   23.0051     1.866     -0.23                                 KURHFS 
  4452.017   23.0051     1.866     -1.16                                 KURHFS 
  4452.017   23.0051     1.866     -2.61                                 KURHFS 
  4452.044   23.0051     1.866     -0.17                                 KURHFS 
  4452.044   23.0051     1.866     -1.25                                 KURHFS 
  4452.044   23.0051     1.866     -2.79                                 KURHFS 
  4452.073   23.0051     1.866     -0.10                                 KURHFS 
  4452.073   23.0051     1.866     -1.48                                 KURHFS 
  4452.073   23.0051     1.866     -3.17                                 KURHFS 
