Dy II    4103.3       line list
  4100.088      24.0     4.532     -1.24                                        
  4100.167      28.0     3.741     -3.19                                        
  4100.200   23.0051     1.194     -3.90                                 KURHFS 
  4100.200   23.0051     1.194     -4.08                                 KURHFS 
  4100.203   23.0051     1.194     -3.78                                 KURHFS 
  4100.203   23.0051     1.194     -3.90                                 KURHFS 
  4100.207   23.0051     1.194     -3.78                                 KURHFS 
  4100.207   23.0051     1.194     -3.89                                 KURHFS 
  4100.207   23.0051     1.194     -4.10                                 KURHFS 
  4100.213   23.0051     1.194     -3.48                                 KURHFS 
  4100.213   23.0051     1.194     -3.89                                 KURHFS 
  4100.238      26.0     3.281     -1.66                                        
  4100.240      60.1     0.380     -0.87                                 LAWLER 
  4100.243      25.1     5.393     -6.14                                        
  4100.269      64.0     0.124     -0.32                                        
  4100.286   23.0051     2.113     -1.91                                 KURHFS 
  4100.286   23.0051     2.113     -2.05                                 KURHFS 
  4100.286   23.0051     2.113     -2.21                                 KURHFS 
  4100.286   23.0051     2.113     -2.41                                 KURHFS 
  4100.286   23.0051     2.113     -2.50                                 KURHFS 
  4100.286   23.0051     2.113     -2.52                                 KURHFS 
  4100.286   23.0051     2.113     -2.55                                 KURHFS 
  4100.286   23.0051     2.113     -2.61                                 KURHFS 
  4100.286   23.0051     2.113     -2.67                                 KURHFS 
  4100.286   23.0051     2.113     -2.75                                 KURHFS 
  4100.286   23.0051     2.113     -2.80                                 KURHFS 
  4100.286   23.0051     2.113     -3.05                                 KURHFS 
  4100.286   23.0051     2.113     -3.05                                 KURHFS 
  4100.286   23.0051     2.113     -3.08                                 KURHFS 
  4100.286   23.0051     2.113     -3.10                                 KURHFS 
  4100.286   23.0051     2.113     -3.23                                 KURHFS 
  4100.286   23.0051     2.113     -3.45                                 KURHFS 
  4100.286   23.0051     2.113     -3.86                                 KURHFS 
  4100.288      76.0     1.083     -1.94                                        
  4100.341      90.0     0.000     -1.27                                        
  4100.348      26.0     4.253     -1.86                                        
  4100.350      26.0     2.849     -3.97                                        
  4100.362      22.0     2.295     -2.96                                        
  4100.364      44.0     0.259     -2.49                                        
  4100.391      41.0     0.049     -0.98                                        
  4100.410      20.0     2.930     -4.49                                        
  4100.501      24.0     3.123     -8.30                                        
  4100.558      68.1     0.669     -0.92                                 LAWLER 
  4100.687      20.0     2.930     -8.70                                        
  4100.717      59.1     0.550      0.60                                        
  4100.738      26.0     0.858     -3.18                                        
  4100.819      90.1     1.794     -0.39                                        
  4100.846      20.0     4.621     -3.01                                        
  4100.910      26.0     2.452     -3.86                                        
  4100.915      28.0     4.161     -2.64                                        
  4100.915      41.0     0.049      0.13                                        
  4100.971      26.0     3.639     -3.58                                        
  4100.988      23.0     2.573     -1.95                               KURNOHFS 
  4101.006      23.1     3.121     -2.23                                        
  4101.034      22.0     2.083     -4.29                                        
  4101.085      67.0     0.000     -0.59                                        
  4101.097      26.0     3.632     -4.19                                        
  4101.155      24.0     2.965     -1.54                                        
  4101.261      26.0     3.394     -1.38                                        
  4101.310   23.0051     2.121     -1.95                                 KURHFS 
  4101.311   23.0051     2.121     -1.67                                 KURHFS 
  4101.311   23.0051     2.121     -1.95                                 KURHFS 
  4101.311   23.0051     2.121     -2.97                                 KURHFS 
  4101.315   23.0051     2.121     -1.53                                 KURHFS 
  4101.315   23.0051     2.121     -1.67                                 KURHFS 
  4101.315   23.0051     2.121     -2.27                                 KURHFS 
  4101.319   23.0051     2.121     -1.46                                 KURHFS 
  4101.319   23.0051     2.121     -1.53                                 KURHFS 
  4101.319   23.0051     2.121     -1.82                                 KURHFS 
  4101.325   23.0051     2.121     -1.46                                 KURHFS 
  4101.325   23.0051     2.121     -1.46                                 KURHFS 
  4101.325   23.0051     2.121     -1.49                                 KURHFS 
  4101.333   23.0051     2.121     -1.23                                 KURHFS 
  4101.333   23.0051     2.121     -1.46                                 KURHFS 
  4101.333   23.0051     2.121     -1.52                                 KURHFS 
  4101.342   23.0051     2.121     -1.01                                 KURHFS 
  4101.342   23.0051     2.121     -1.52                                 KURHFS 
  4101.342   23.0051     2.121     -1.72                                 KURHFS 
  4101.353   23.0051     2.121     -0.82                                 KURHFS 
  4101.353   23.0051     2.121     -1.72                                 KURHFS 
  4101.449      26.0     4.280     -4.50                                        
  4101.454      24.0     3.963     -2.79                                        
  4101.470      62.1     0.333     -2.36                                 LAWLER 
  4101.556      27.0     3.729     -2.68                               KURNOHFS 
  4101.563      23.1     1.554     -3.73                                        
  4101.571   23.0051     2.113     -1.49                                 KURHFS 
  4101.571   23.0051     2.113     -1.55                                 KURHFS 
  4101.571   23.0051     2.113     -1.55                                 KURHFS 
  4101.571   23.0051     2.113     -1.75                                 KURHFS 
  4101.571   23.0051     2.113     -1.75                                 KURHFS 
  4101.571   23.0051     2.113     -2.00                                 KURHFS 
  4101.571   23.0051     2.113     -2.41                                 KURHFS 
  4101.571   23.0051     2.113     -3.66                                 KURHFS 
  4101.572   23.0051     2.113     -1.00                                 KURHFS 
  4101.572   23.0051     2.113     -1.29                                 KURHFS 
  4101.572   23.0051     2.113     -1.49                                 KURHFS 
  4101.572   23.0051     2.113     -1.52                                 KURHFS 
  4101.572   23.0051     2.113     -1.52                                 KURHFS 
  4101.572   23.0051     2.113     -1.70                                 KURHFS 
  4101.572   23.0051     2.113     -1.70                                 KURHFS 
  4101.572   23.0051     2.113     -1.70                                 KURHFS 
  4101.578   27.0059     3.663     -4.17                                 KURHFS 
  4101.633   27.0059     3.663     -4.38                                 KURHFS 
  4101.633   27.0059     3.663     -4.79                                 KURHFS 
  4101.652      26.0     3.428     -2.48                                        
  4101.678   27.0059     3.663     -4.63                                 KURHFS 
  4101.678   27.0059     3.663     -4.66                                 KURHFS 
  4101.678   27.0059     3.663     -5.66                                 KURHFS 
  4101.679      25.1     5.394     -6.10                                        
  4101.686      26.0     2.482     -2.59                                        
  4101.714   27.0059     3.663     -4.64                                 KURHFS 
  4101.714   27.0059     3.663     -5.10                                 KURHFS 
  4101.714   27.0059     3.663     -5.23                                 KURHFS 
  4101.732      24.0     4.407     -2.97                                        
  4101.734       1.0    10.191     -0.75                                        
  4101.741   27.0059     3.663     -4.80                                 KURHFS 
  4101.741   27.0059     3.663     -4.98                                 KURHFS 
  4101.741      44.0     1.122     -1.09                                        
  4101.759   27.0059     3.663     -4.80                                 KURHFS 
  4101.765      49.0     0.000     -0.55                                        
  4101.769      58.1     0.863      0.05                                 LAWLER 
  4101.905      92.0     0.870      0.11                                        
  4101.917      22.0     2.304     -4.01                                        
  4101.933      66.1     1.960     -0.23                                        
  4102.016      25.1     5.376     -3.52                                        
  4102.019   27.0059     3.512     -6.88                                 KURHFS 
  4102.019   27.0059     3.512     -6.95                                 KURHFS 
  4102.019   27.0059     3.512     -7.58                                 KURHFS 
  4102.028   27.0059     3.512     -6.68                                 KURHFS 
  4102.028   27.0059     3.512     -6.68                                 KURHFS 
  4102.028   27.0059     3.512     -7.42                                 KURHFS 
  4102.042   27.0059     3.512     -6.48                                 KURHFS 
  4102.042   27.0059     3.512     -6.58                                 KURHFS 
  4102.042   27.0059     3.512     -7.42                                 KURHFS 
  4102.060   27.0059     3.512     -6.31                                 KURHFS 
  4102.060   27.0059     3.512     -6.53                                 KURHFS 
  4102.060   27.0059     3.512     -7.52                                 KURHFS 
  4102.083   27.0059     3.512     -6.16                                 KURHFS 
  4102.083   27.0059     3.512     -6.54                                 KURHFS 
  4102.083   27.0059     3.512     -7.72                                 KURHFS 
  4102.110   27.0059     3.512     -6.04                                 KURHFS 
  4102.110   27.0059     3.512     -6.61                                 KURHFS 
  4102.110   27.0059     3.512     -8.12                                 KURHFS 
  4102.142   27.0059     3.512     -5.92                                 KURHFS 
  4102.142   27.0059     3.512     -6.82                                 KURHFS 
  4102.149   23.0051     1.050     -0.54                                 KURHFS 
  4102.149   23.0051     1.050     -0.75                                 KURHFS 
  4102.149   23.0051     1.050     -1.00                                 KURHFS 
  4102.149   23.0051     1.050     -1.01                                 KURHFS 
  4102.149   23.0051     1.050     -1.04                                 KURHFS 
  4102.149   23.0051     1.050     -1.16                                 KURHFS 
  4102.149   23.0051     1.050     -1.17                                 KURHFS 
  4102.149   23.0051     1.050     -1.17                                 KURHFS 
  4102.149   23.0051     1.050     -1.35                                 KURHFS 
  4102.149   23.0051     1.050     -1.48                                 KURHFS 
  4102.149   23.0051     1.050     -1.60                                 KURHFS 
  4102.149   23.0051     1.050     -2.03                                 KURHFS 
  4102.149      42.0     2.062     -1.04                                        
  4102.178   27.0059     3.512     -5.81                                 KURHFS 
  4102.208      24.0     3.090     -3.85                                        
  4102.228      23.0     2.576     -3.08                               KURNOHFS 
  4102.277      44.0     0.927     -1.81                                        
  4102.367      58.1     1.106     -0.38                                BIEMONT 
  4102.369      39.0     0.066      0.41                                        
  4102.472      23.0     2.576     -0.99                               KURNOHFS 
  4102.510      65.1     1.026     -0.43                               LAWNOHFS 
  4102.533      26.1     5.906     -4.31                                        
  4102.549      22.0     2.660     -2.31                                        
  4102.555      60.1     1.618     -0.13                                        
  4102.618      90.0     0.929     -0.78                                        
  4102.701      74.0     0.771     -1.11                                        
  4102.743      28.0     4.232     -1.38                                        
  4102.763      26.0     4.183     -4.32                                        
  4102.865      26.0     3.637     -3.68                                        
  4102.885      22.0     2.173     -3.51                                        
  4102.901      27.0     3.407     -3.69                               KURNOHFS 
  4102.936      14.0     1.907     -3.14                                        
  4102.952      25.0     4.350     -1.85                                        
  4102.984      25.0     5.345     -2.87                                        
  4102.985      24.0     2.913     -4.51                                        
  4102.990      24.0     4.774     -2.31                                        
  4103.012      24.0     2.985     -2.29                                        
  4103.113      92.0     0.908      0.13                                        
  4103.250      22.0     2.248     -5.28                                        
  4103.267      26.0     4.309     -2.53                                        
  4103.298      26.0     3.015     -5.54                                        
  4103.310      66.1     0.100     -0.38                                 LAWLER 
  4103.358   23.0051     1.929     -1.87                                 KURHFS 
  4103.366   23.0051     1.929     -1.87                                 KURHFS 
  4103.366   23.0051     1.929     -2.05                                 KURHFS 
  4103.375      20.0     3.907     -5.40                                        
  4103.378   23.0051     1.929     -1.71                                 KURHFS 
  4103.378   23.0051     1.929     -2.17                                 KURHFS 
  4103.378   23.0051     1.929     -2.30                                 KURHFS 
  4103.393   23.0051     1.929     -1.70                                 KURHFS 
  4103.393   23.0051     1.929     -1.73                                 KURHFS 
  4103.393   23.0051     1.929     -2.73                                 KURHFS 
  4103.402      22.0     2.304     -4.42                                        
  4103.412   23.0051     1.929     -1.45                                 KURHFS 
  4103.412   23.0051     1.929     -1.86                                 KURHFS 
  4103.435   23.0051     1.929     -1.23                                 KURHFS 
  4103.446   25.0055     2.886     -3.78                                 KURHFS 
  4103.450   25.0055     2.886     -3.92                                 KURHFS 
  4103.450   25.0055     2.886     -4.70                                 KURHFS 
  4103.452      28.0     3.703     -0.99                                        
  4103.454   25.0055     2.886     -4.08                                 KURHFS 
  4103.454   25.0055     2.886     -4.52                                 KURHFS 
  4103.454   25.0055     2.886     -5.92                                 KURHFS 
  4103.454      25.0     4.357     -1.70                                        
  4103.456   25.0055     2.886     -4.26                                 KURHFS 
  4103.456   25.0055     2.886     -4.50                                 KURHFS 
  4103.456   25.0055     2.886     -5.56                                 KURHFS 
  4103.458   25.0055     2.886     -4.48                                 KURHFS 
  4103.458   25.0055     2.886     -4.56                                 KURHFS 
  4103.458   25.0055     2.886     -5.44                                 KURHFS 
  4103.460   25.0055     2.886     -4.74                                 KURHFS 
  4103.460   25.0055     2.886     -4.77                                 KURHFS 
  4103.460   25.0055     2.886     -5.52                                 KURHFS 
  4103.543      25.0     4.357     -0.95                                        
  4103.559      28.0     4.232     -2.02                                        
  4103.604      26.0     3.651     -3.43                                        
  4103.611      26.0     3.249     -3.23                                        
  4103.659      25.1     5.105     -4.10                                        
  4103.737      25.1     5.811     -8.46                                        
  4103.751      42.0     3.441     -0.95                                        
  4103.796      67.0     0.000      0.85                                        
  4103.826      24.0     3.119     -2.32                                        
  4103.862      24.0     3.432     -4.47                                        
  4103.863      24.0     3.110     -3.85                                        
  4103.875      22.0     1.442     -6.35                                        
  4103.875      66.0     0.874      0.60                                        
  4103.910      65.1     0.126     -0.91                               LAWNOHFS 
  4103.979      68.1     0.636     -1.83                                 LAWLER 
  4104.114      26.0     3.263     -0.99                                        
  4104.119      62.1     0.040     -1.66                                        
  4104.128      26.0     4.442     -4.38                                        
  4104.154      26.0     2.829     -4.95                                        
  4104.188      26.1     2.853     -5.34                                        
  4104.217      29.0     4.970     -1.82                                        
  4104.225      24.0     3.142     -7.29                                        
  4104.228      60.1     0.380     -0.96                                        
  4104.234      72.0     0.699     -1.50                                        
  4104.259      24.0     3.553     -3.46                                        
  4104.318   23.0051     2.136     -1.70                                 KURHFS 
  4104.318   23.0051     2.136     -2.15                                 KURHFS 
  4104.318   23.0051     2.136     -3.15                                 KURHFS 
  4104.318      24.0     2.542     -6.01                                        
  4104.326   23.0051     2.136     -1.58                                 KURHFS 
  4104.326   23.0051     2.136     -1.94                                 KURHFS 
  4104.326   23.0051     2.136     -2.94                                 KURHFS 
  4104.326      24.0     4.204     -2.16                                        
  4104.328      25.1     5.468     -3.86                                        
  4104.336   23.0051     2.136     -1.46                                 KURHFS 
  4104.336   23.0051     2.136     -1.84                                 KURHFS 
  4104.336   23.0051     2.136     -2.92                                 KURHFS 
  4104.349   23.0051     2.136     -1.35                                 KURHFS 
  4104.349   23.0051     2.136     -1.81                                 KURHFS 
  4104.349   23.0051     2.136     -3.00                                 KURHFS 
  4104.365   23.0051     2.136     -1.25                                 KURHFS 
  4104.365   23.0051     2.136     -1.82                                 KURHFS 
  4104.365   23.0051     2.136     -3.19                                 KURHFS 
  4104.369      24.1     5.326     -3.36                                        
  4104.378   23.0051     2.129     -1.62                                 KURHFS 
  4104.378   23.0051     2.129     -1.81                                 KURHFS 
  4104.382   23.0051     2.129     -1.59                                 KURHFS 
  4104.382   23.0051     2.129     -1.60                                 KURHFS 
  4104.382   23.0051     2.129     -1.81                                 KURHFS 
  4104.382      90.1     1.038     -1.14                                        
  4104.383   23.0051     2.136     -1.15                                 KURHFS 
  4104.383   23.0051     2.136     -1.91                                 KURHFS 
  4104.383   23.0051     2.136     -3.58                                 KURHFS 
  4104.389   23.0051     2.129     -1.47                                 KURHFS 
  4104.389   23.0051     2.129     -1.49                                 KURHFS 
  4104.389   23.0051     2.129     -1.59                                 KURHFS 
  4104.398   23.0051     2.129     -1.30                                 KURHFS 
  4104.398   23.0051     2.129     -1.45                                 KURHFS 
  4104.398   23.0051     2.129     -1.49                                 KURHFS 
  4104.401   27.0059     2.041     -3.88                                 KURHFS 
  4104.401   27.0059     2.041     -4.06                                 KURHFS 
  4104.404   23.0051     2.136     -1.06                                 KURHFS 
  4104.404   23.0051     2.136     -2.12                                 KURHFS 
  4104.405   27.0059     2.041     -3.76                                 KURHFS 
  4104.405   27.0059     2.041     -3.88                                 KURHFS 
  4104.409   23.0051     2.129     -1.13                                 KURHFS 
  4104.409   23.0051     2.129     -1.45                                 KURHFS 
  4104.409   23.0051     2.129     -1.46                                 KURHFS 
  4104.409   27.0059     2.041     -3.76                                 KURHFS 
  4104.409   27.0059     2.041     -3.87                                 KURHFS 
  4104.409   27.0059     2.041     -4.08                                 KURHFS 
  4104.410      28.0     4.164     -1.66                                        
  4104.415   27.0059     2.041     -3.46                                 KURHFS 
  4104.415   27.0059     2.041     -3.87                                 KURHFS 
  4104.416   27.0059     2.540     -5.50                                 KURHFS 
  4104.417      75.0     2.411     -0.46                                        
  4104.422   23.0051     2.129     -0.97                                 KURHFS 
  4104.422   23.0051     2.129     -1.46                                 KURHFS 
  4104.422   23.0051     2.129     -1.53                                 KURHFS 
  4104.422      58.1     0.674     -1.19                                        
  4104.427   23.0051     2.136     -0.98                                 KURHFS 
  4104.436   27.0059     2.540     -5.48                                 KURHFS 
  4104.436   27.0059     2.540     -5.95                                 KURHFS 
  4104.438   23.0051     2.129     -0.82                                 KURHFS 
  4104.438   23.0051     2.129     -1.53                                 KURHFS 
  4104.438   23.0051     2.129     -1.75                                 KURHFS 
  4104.456   23.0051     2.129     -0.69                                 KURHFS 
  4104.456   23.0051     2.129     -1.75                                 KURHFS 
  4104.460      26.0     2.988     -3.25                                        
  4104.463   27.0059     2.540     -5.48                                 KURHFS 
  4104.463   27.0059     2.540     -5.62                                 KURHFS 
  4104.480      25.0     4.191     -2.38                                        
  4104.480      25.0     4.191     -2.86                                        
  4104.497   27.0059     2.540     -5.16                                 KURHFS 
  4104.703   23.0051     1.954     -1.11                                 KURHFS 
  4104.703   23.0051     1.954     -1.18                                 KURHFS 
  4104.703   23.0051     1.954     -1.81                                 KURHFS 
  4104.708   23.0051     1.954     -0.91                                 KURHFS 
  4104.708   23.0051     1.954     -0.91                                 KURHFS 
  4104.708   23.0051     1.954     -1.65                                 KURHFS 
  4104.717   23.0051     1.954     -0.71                                 KURHFS 
  4104.717   23.0051     1.954     -0.81                                 KURHFS 
  4104.717   23.0051     1.954     -1.65                                 KURHFS 
  4104.722   27.0059     2.326     -1.81                                 KURHFS 
  4104.728   23.0051     1.954     -0.54                                 KURHFS 
  4104.728   23.0051     1.954     -0.76                                 KURHFS 
  4104.728   23.0051     1.954     -1.75                                 KURHFS 
  4104.736   27.0059     2.326     -1.96                                 KURHFS 
  4104.736   27.0059     2.326     -2.29                                 KURHFS 
  4104.743   23.0051     1.954     -0.39                                 KURHFS 
  4104.743   23.0051     1.954     -0.77                                 KURHFS 
  4104.743   23.0051     1.954     -1.95                                 KURHFS 
  4104.748      25.0     4.350     -0.77                                        
  4104.750   27.0059     2.326     -1.81                                 KURHFS 
  4104.760   23.0051     1.954     -0.26                                 KURHFS 
  4104.760   23.0051     1.954     -0.84                                 KURHFS 
  4104.760   23.0051     1.954     -2.35                                 KURHFS 
  4104.760      26.0     2.806     -4.81                                        
  4104.780   23.0051     1.954     -0.15                                 KURHFS 
  4104.780   23.0051     1.954     -1.05                                 KURHFS 
  4104.783      23.0     1.042     -2.12                               KURNOHFS 
  4104.803   23.0051     1.954     -0.04                                 KURHFS 
  4104.830      62.1     0.248     -2.89                                 LAWLER 
  4104.859      24.0     2.965     -1.17                                        
  4104.876      57.0     0.331     -0.67                                        
  4104.904      24.0     2.542     -4.73                                        
  4104.943      26.0     3.329     -2.18                                        
  4104.949      20.0     4.621     -3.82                                        
  4104.984      64.0     0.880     -0.27                                        
  4104.995      24.0     3.008     -3.52                                        
  4104.996      58.1     1.057     -0.08                                BIEMONT 
  4105.012      73.0     0.249     -1.84                                        
  4105.016      26.0     4.253     -2.15                                        
  4105.040      66.1     0.590     -1.46                                 LAWLER 
  4105.058      26.0     3.428     -2.98                                        
  4105.081      42.0     3.031     -0.52                                        
  4105.144   23.0051     0.267     -1.33                                 KURHFS 
  4105.144   23.0051     0.267     -1.33                                 KURHFS 
  4105.144   23.0051     0.267     -1.64                                 KURHFS 
  4105.150   23.0051     0.267     -1.17                                 KURHFS 
  4105.150   23.0051     0.267     -1.20                                 KURHFS 
  4105.150   23.0051     0.267     -1.51                                 KURHFS 
  4105.160   23.0051     0.267     -0.91                                 KURHFS 
  4105.160   23.0051     0.267     -1.16                                 KURHFS 
  4105.160   23.0051     0.267     -1.76                                 KURHFS 
  4105.171   23.0051     0.267     -0.70                                 KURHFS 
  4105.171   23.0051     0.267     -1.32                                 KURHFS 
  4105.171   23.0051     0.267     -2.19                                 KURHFS 
  4105.262      23.0     2.503     -6.84                               KURNOHFS 
  4105.330      90.1     0.867     -1.02                                        
  4105.380      25.0     4.329     -0.47                                        
  4105.404      26.0     3.639     -7.15                                        
  4105.417      26.0     4.309     -3.85                                        
  4105.449      26.0     2.996     -7.29                                        
  4105.526      42.0     2.678     -1.35                                        
  4105.582      27.0     3.407     -5.21                               KURNOHFS 
  4105.655      21.0     4.602     -2.15                                        
  4105.783      25.0     4.317     -4.40                                        
  4105.806      20.0     4.677     -3.66                                        
  4105.838      69.0     0.000      0.18                                        
  4105.915      90.1     1.322     -1.16                                        
  4105.930      23.1     4.700     -2.74                                        
