Nd II    5255.5       line list
  5252.019      22.1     2.588     -2.50                                        
  5252.028      58.0     0.620     -0.69                                        
  5252.100      22.0     0.048     -2.45                                        
  5252.147      64.0     0.841    -10.00                                        
  5252.156      64.1     1.371     -0.81                                        
  5252.209      28.1     4.029     -5.61                                        
  5252.217      22.0     3.321     -2.57                                        
  5252.228      23.0     2.579     -5.96                               KURNOHFS 
  5252.377      22.0     2.331     -1.54                                        
  5252.380      23.0     2.914     -3.44                               KURNOHFS 
  5252.662      58.1     1.154     -0.87                                        
  5252.707   23.0051     2.246     -3.84                                 KURHFS 
  5252.707   23.0051     2.246     -4.02                                 KURHFS 
  5252.724   23.0051     2.246     -3.72                                 KURHFS 
  5252.724   23.0051     2.246     -3.84                                 KURHFS 
  5252.746   23.0051     2.246     -3.72                                 KURHFS 
  5252.746   23.0051     2.246     -3.83                                 KURHFS 
  5252.746   23.0051     2.246     -4.04                                 KURHFS 
  5252.764      62.1     0.997     -1.89                                        
  5252.773   23.0051     2.246     -3.42                                 KURHFS 
  5252.773   23.0051     2.246     -3.83                                 KURHFS 
  5252.817      58.1     1.326     -1.15                                 LAWLER 
  5252.933      24.0     2.985     -3.27                                        
  5252.954      21.0     5.261     -1.93                                        
  5253.021      26.0     2.277     -3.94                                        
  5253.026      41.0     1.393     -1.50                                        
  5253.178   23.0051     2.241     -2.32                                 KURHFS 
  5253.178   23.0051     2.241     -2.80                                 KURHFS 
  5253.212   23.0051     2.241     -2.32                                 KURHFS 
  5253.212   23.0051     2.241     -2.47                                 KURHFS 
  5253.225      21.0     2.606     -2.99                               KURNOHFS 
  5253.239      26.0     3.632     -2.70                                        
  5253.316      26.0     4.317     -4.29                                        
  5253.333      22.0     3.696     -1.13                                        
  5253.346      23.0     3.930     -2.84                               KURNOHFS 
  5253.393      23.0     2.330     -3.34                               KURNOHFS 
  5253.413      58.0     0.294     -1.01                                        
  5253.448      57.0     0.130     -0.82                                        
  5253.462      26.0     3.281     -1.67                                        
  5253.514   23.0051     2.255     -4.09                                 KURHFS 
  5253.514   23.0051     2.255     -4.35                                 KURHFS 
  5253.524   23.0051     2.255     -3.89                                 KURHFS 
  5253.524   23.0051     2.255     -4.09                                 KURHFS 
  5253.524   23.0051     2.255     -6.00                                 KURHFS 
  5253.539   23.0051     2.255     -3.83                                 KURHFS 
  5253.539   23.0051     2.255     -3.89                                 KURHFS 
  5253.539   23.0051     2.255     -4.76                                 KURHFS 
  5253.546      24.0     3.844     -2.80                                        
  5253.559   23.0051     2.255     -3.83                                 KURHFS 
  5253.559   23.0051     2.255     -3.86                                 KURHFS 
  5253.559   23.0051     2.255     -4.04                                 KURHFS 
  5253.583   23.0051     2.255     -3.63                                 KURHFS 
  5253.583   23.0051     2.255     -3.86                                 KURHFS 
  5253.583   23.0051     2.255     -4.04                                 KURHFS 
  5253.613   23.0051     2.255     -3.34                                 KURHFS 
  5253.613   23.0051     2.255     -4.04                                 KURHFS 
  5253.668      22.0     2.238     -1.37                                        
  5253.735      28.0     4.415     -1.79                                        
  5253.796      24.0     4.204     -3.68                                        
  5253.807      23.0     3.071     -2.67                               KURNOHFS 
  5253.813      62.0     1.413     -0.29                                        
  5253.846      27.0     4.172     -1.32                                        
  5253.915      41.0     1.094     -1.34                                        
  5253.923      23.0     3.111     -1.64                               KURNOHFS 
  5254.033      22.0     2.248     -1.79                                        
  5254.140      24.0     4.385     -1.95                                        
  5254.362      27.0     4.392     -2.10                                        
  5254.497      22.0     2.332     -1.56                                        
  5254.647      27.0     3.968     -1.25                               KURNOHFS 
  5254.746      64.0     0.790     -0.73                                        
  5254.766      26.0     4.962     -4.09                                        
  5254.822      58.0     0.719     -0.13                                        
  5254.857      27.0     4.206     -1.18                                        
  5254.898      27.0     4.912     -3.41                                        
  5254.929      26.1     3.228     -3.23                                        
  5254.930      24.0     3.407     -0.41                                 SOBECK 
  5254.955      26.0     0.110     -4.76                                        
  5254.977      26.0     4.291     -1.72                                        
  5254.981      23.0     2.614     -3.29                               KURNOHFS 
  5255.017      23.0     1.871     -5.56                               KURNOHFS 
  5255.130      24.0     3.461     -0.10                                 SOBECK 
  5255.255      26.0     4.442     -4.34                                        
  5255.271      22.0     2.493     -5.02                                        
  5255.275   25.0055     3.130     -3.96                                 KURHFS 
  5255.280   25.0055     3.130     -2.64                                 KURHFS 
  5255.283   25.0055     3.130     -3.80                                 KURHFS 
  5255.284   25.0055     3.130     -1.84                                 KURHFS 
  5255.290   25.0055     3.130     -2.45                                 KURHFS 
  5255.293   25.0055     3.130     -3.88                                 KURHFS 
  5255.295   25.0055     3.130     -1.75                                 KURHFS 
  5255.297   23.0051     1.948     -6.90                                 KURHFS 
  5255.301   23.0051     1.948     -6.62                                 KURHFS 
  5255.301   23.0051     1.948     -6.90                                 KURHFS 
  5255.301   23.0051     1.948     -7.92                                 KURHFS 
  5255.301   25.0055     3.130     -2.40                                 KURHFS 
  5255.306   25.0055     3.130     -4.21                                 KURHFS 
  5255.308   25.0055     3.130     -1.65                                 KURHFS 
  5255.310   23.0051     1.948     -6.48                                 KURHFS 
  5255.310   23.0051     1.948     -6.62                                 KURHFS 
  5255.310   23.0051     1.948     -7.22                                 KURHFS 
  5255.316   25.0055     3.130     -2.44                                 KURHFS 
  5255.322   23.0051     1.948     -6.42                                 KURHFS 
  5255.322   23.0051     1.948     -6.48                                 KURHFS 
  5255.322   23.0051     1.948     -6.78                                 KURHFS 
  5255.324   25.0055     3.130     -1.56                                 KURHFS 
  5255.332   25.0055     3.130     -2.63                                 KURHFS 
  5255.338   23.0051     1.948     -6.41                                 KURHFS 
  5255.338   23.0051     1.948     -6.42                                 KURHFS 
  5255.338   23.0051     1.948     -6.45                                 KURHFS 
  5255.342   25.0055     3.130     -1.47                                 KURHFS 
  5255.359   23.0051     1.948     -6.18                                 KURHFS 
  5255.359   23.0051     1.948     -6.41                                 KURHFS 
  5255.359   23.0051     1.948     -6.47                                 KURHFS 
  5255.362   25.0055     3.130     -1.39                                 KURHFS 
  5255.384   23.0051     1.948     -5.96                                 KURHFS 
  5255.384   23.0051     1.948     -6.47                                 KURHFS 
  5255.384   23.0051     1.948     -6.68                                 KURHFS 
  5255.401      74.0     2.785     -0.72                                        
  5255.412   23.0051     1.948     -5.78                                 KURHFS 
  5255.412   23.0051     1.948     -6.68                                 KURHFS 
  5255.510      60.1     0.204     -0.67                                 LAWLER 
  5255.663      26.0     4.217     -1.82                                        
  5255.736      26.0     4.280     -1.36                                        
  5255.806      22.0     2.115     -0.42                                        
  5255.808      64.0     0.812     -0.50                                        
  5255.823      76.0     2.367     -1.44                                        
  5255.883      20.0     5.177     -3.73                                        
  5255.933      68.1     1.614     -0.51                                        
  5255.945      23.1     2.599     -3.61                                        
  5255.982      58.0     1.156      0.01                                        
  5256.030      64.1     1.725     -1.24                                 LAWLER 
  5256.116   23.0051     2.267     -3.41                                 KURHFS 
  5256.121   23.0051     2.267     -3.13                                 KURHFS 
  5256.121   23.0051     2.267     -3.41                                 KURHFS 
  5256.121   23.0051     2.267     -4.43                                 KURHFS 
  5256.131   23.0051     2.267     -2.99                                 KURHFS 
  5256.131   23.0051     2.267     -3.13                                 KURHFS 
  5256.131   23.0051     2.267     -3.73                                 KURHFS 
  5256.145   23.0051     2.267     -2.92                                 KURHFS 
  5256.145   23.0051     2.267     -2.99                                 KURHFS 
  5256.145   23.0051     2.267     -3.28                                 KURHFS 
  5256.164   23.0051     2.267     -2.92                                 KURHFS 
  5256.164   23.0051     2.267     -2.92                                 KURHFS 
  5256.164   23.0051     2.267     -2.95                                 KURHFS 
  5256.187   23.0051     2.267     -2.69                                 KURHFS 
  5256.187   23.0051     2.267     -2.92                                 KURHFS 
  5256.187   23.0051     2.267     -2.98                                 KURHFS 
  5256.216   23.0051     2.267     -2.47                                 KURHFS 
  5256.216   23.0051     2.267     -2.98                                 KURHFS 
  5256.216   23.0051     2.267     -3.19                                 KURHFS 
  5256.249   23.0051     2.267     -2.28                                 KURHFS 
  5256.249   23.0051     2.267     -3.19                                 KURHFS 
  5256.470      68.1     2.211     -0.72                                        
  5256.529      26.0     2.988     -6.42                                        
  5256.680      24.1     4.411     -3.64                                        
  5256.692      22.0     0.812     -4.09                                        
  5256.821      23.0     2.614     -0.34                               KURNOHFS 
  5256.893      23.0     3.812     -4.22                               KURNOHFS 
  5256.893      38.0     2.270      0.39                                        
  5256.907      25.1     6.489     -5.24                                        
  5256.938      26.1     2.889     -4.25                                        
  5256.990      23.0     2.581     -5.23                               KURNOHFS 
  5256.992      26.0     5.082     -1.36                                        
  5257.028      23.0     3.076     -2.55                               KURNOHFS 
  5257.045      92.1     0.702     -1.92                                        
  5257.073      24.0     3.432     -3.49                                        
  5257.081      44.0     3.783      0.23                                        
  5257.487      70.1     4.261     -0.45                                        
  5257.501      23.1     2.274     -3.44                                        
  5257.526      25.1     5.396     -8.17                                        
  5257.581      22.0     2.486     -1.29                                        
  5257.583      26.0     3.981     -4.19                                        
  5257.609      27.0     3.968     -0.93                               KURNOHFS 
  5257.655      26.0     3.571     -2.99                                        
  5257.859      15.0     6.980     -3.00                                        
  5257.874      22.0     2.295     -3.87                                        
  5257.875      15.0     6.949     -3.00                                        
