Nd II    5319.8       line list
  5316.017   23.0051     1.948     -5.29                                 KURHFS 
  5316.021   23.0051     1.948     -5.03                                 KURHFS 
  5316.021   23.0051     1.948     -5.22                                 KURHFS 
  5316.030   23.0051     1.948     -4.83                                 KURHFS 
  5316.030   23.0051     1.948     -5.03                                 KURHFS 
  5316.030   23.0051     1.948     -5.92                                 KURHFS 
  5316.042   23.0051     1.948     -4.66                                 KURHFS 
  5316.042   23.0051     1.948     -4.92                                 KURHFS 
  5316.042   23.0051     1.948     -5.77                                 KURHFS 
  5316.059   23.0051     1.948     -4.51                                 KURHFS 
  5316.059   23.0051     1.948     -4.88                                 KURHFS 
  5316.059   23.0051     1.948     -5.77                                 KURHFS 
  5316.080   23.0051     1.948     -4.38                                 KURHFS 
  5316.080   23.0051     1.948     -4.88                                 KURHFS 
  5316.080   23.0051     1.948     -5.87                                 KURHFS 
  5316.105   23.0051     1.948     -4.26                                 KURHFS 
  5316.105   23.0051     1.948     -4.96                                 KURHFS 
  5316.105   23.0051     1.948     -6.07                                 KURHFS 
  5316.135   23.0051     1.948     -4.16                                 KURHFS 
  5316.135   23.0051     1.948     -5.17                                 KURHFS 
  5316.135   23.0051     1.948     -6.47                                 KURHFS 
  5316.287      24.1     7.326     -1.96                                        
  5316.418      26.0     4.984     -2.67                                        
  5316.502      27.0     4.471     -4.31                                        
  5316.599      60.1     0.380     -1.47                                        
  5316.615      26.1     3.150     -1.85                                        
  5316.698      24.0     3.842     -3.42                                        
  5316.765      27.0     4.022     -0.62                               KURNOHFS 
  5316.784      26.1     3.219     -2.91                                        
  5316.791   23.0051     1.929     -4.24                                 KURHFS 
  5316.791   23.0051     1.929     -4.49                                 KURHFS 
  5316.791   23.0051     1.929     -4.52                                 KURHFS 
  5316.793      64.1     2.447     -0.36                                        
  5316.804   23.0051     1.929     -4.05                                 KURHFS 
  5316.804   23.0051     1.929     -4.10                                 KURHFS 
  5316.804   23.0051     1.929     -4.49                                 KURHFS 
  5316.823   23.0051     1.929     -3.85                                 KURHFS 
  5316.823   23.0051     1.929     -3.96                                 KURHFS 
  5316.823   23.0051     1.929     -4.54                                 KURHFS 
  5316.849   23.0051     1.929     -3.65                                 KURHFS 
  5316.849   23.0051     1.929     -3.93                                 KURHFS 
  5316.849   23.0051     1.929     -4.67                                 KURHFS 
  5316.881   23.0051     1.929     -3.48                                 KURHFS 
  5316.881   23.0051     1.929     -3.99                                 KURHFS 
  5316.881   23.0051     1.929     -4.89                                 KURHFS 
  5316.920   23.0051     1.929     -3.34                                 KURHFS 
  5316.920   23.0051     1.929     -4.18                                 KURHFS 
  5316.920   23.0051     1.929     -5.30                                 KURHFS 
  5316.931      26.0     5.082     -1.21                                        
  5316.985      41.0     1.368     -2.18                                        
  5317.084   25.0055     3.380     -2.66                                 KURHFS 
  5317.093   25.0055     3.380     -3.02                                 KURHFS 
  5317.093   25.0055     3.380     -3.12                                 KURHFS 
  5317.100   25.0055     3.380     -3.02                                 KURHFS 
  5317.100   25.0055     3.380     -3.56                                 KURHFS 
  5317.104   25.0055     3.380     -3.13                                 KURHFS 
  5317.116      42.0     2.595     -2.31                                        
  5317.183      26.0     3.015     -5.26                                        
  5317.200      27.0     4.146     -1.65                                        
  5317.274      75.0     3.303     -0.76                                        
  5317.344      23.1     7.766     -4.33                                        
  5317.361      28.1     6.388     -4.12                                        
  5317.401      20.0     5.295     -3.31                                        
  5317.446      26.0     3.299     -5.05                                        
  5317.475       6.0     7.679     -3.61                                        
  5317.525      26.0     4.140     -1.24                                        
  5317.531      24.0     4.528     -1.55                                        
  5317.532      22.0     2.173     -2.72                                        
  5317.554      23.0     3.111     -1.94                               KURNOHFS 
  5317.582      26.0     4.470     -2.23                                        
  5317.588      58.0     0.302     -1.02                                        
  5317.623      68.1     2.602     -1.29                                 LAWLER 
  5317.886      20.0     5.296     -4.85                                        
  5317.887      25.0     3.370     -5.64                               KURNOHFS 
  5317.942      42.0     2.596     -2.01                                        
  5318.018      23.0     3.236     -3.35                               KURNOHFS 
  5318.032      26.0     3.015     -4.38                                        
  5318.034      28.0     1.934     -6.80                                        
  5318.136      23.0     3.938     -4.37                               KURNOHFS 
  5318.237   23.0051     1.944     -3.75                                 KURHFS 
  5318.237   23.0051     1.944     -4.01                                 KURHFS 
  5318.243   23.0051     1.944     -3.55                                 KURHFS 
  5318.243   23.0051     1.944     -3.75                                 KURHFS 
  5318.243   23.0051     1.944     -5.66                                 KURHFS 
  5318.251   23.0051     1.944     -3.49                                 KURHFS 
  5318.251   23.0051     1.944     -3.55                                 KURHFS 
  5318.251   23.0051     1.944     -4.42                                 KURHFS 
  5318.263   23.0051     1.944     -3.49                                 KURHFS 
  5318.263   23.0051     1.944     -3.52                                 KURHFS 
  5318.263   23.0051     1.944     -3.70                                 KURHFS 
  5318.277   23.0051     1.944     -3.29                                 KURHFS 
  5318.277   23.0051     1.944     -3.52                                 KURHFS 
  5318.277   23.0051     1.944     -3.70                                 KURHFS 
  5318.283      28.0     3.838     -2.28                                        
  5318.285      24.0     4.774     -2.63                                        
  5318.295   23.0051     1.944     -3.00                                 KURHFS 
  5318.295   23.0051     1.944     -3.70                                 KURHFS 
  5318.336   21.1045     1.356     -3.75                                 KURHFS 
  5318.342   21.1045     1.356     -3.05                                 KURHFS 
  5318.342   21.1045     1.356     -3.31                                 KURHFS 
  5318.347   21.1045     1.356     -2.94                                 KURHFS 
  5318.347   21.1045     1.356     -3.04                                 KURHFS 
  5318.350   21.1045     1.356     -2.56                                 KURHFS 
  5318.350   21.1045     1.356     -3.06                                 KURHFS 
  5318.353   21.1045     1.356     -2.86                                 KURHFS 
  5318.355   21.1045     1.356     -3.31                                 KURHFS 
  5318.375      26.0     5.082     -2.33                                        
  5318.382      24.1     3.711     -3.13                                        
  5318.504      23.0     3.880     -4.19                               KURNOHFS 
  5318.588      22.0     3.675     -3.82                                        
  5318.598      41.0     0.197     -1.13                                        
  5318.623      23.1     2.274     -4.58                                        
  5318.648      73.0     3.120     -0.36                                        
  5318.688      25.0     5.083     -2.71                                        
  5318.730      26.0     5.029     -4.05                                        
  5318.771      24.0     3.435     -0.69                                        
  5318.810      24.0     3.435     -0.67                                 SOBECK 
  5318.864      74.0     3.427     -0.29                                        
  5318.993   23.0051     1.892     -3.44                                 KURHFS 
  5318.993   23.0051     1.892     -3.44                                 KURHFS 
  5318.993   23.0051     1.892     -3.75                                 KURHFS 
  5319.002      25.1     6.828     -4.47                                        
  5319.009      26.0     5.008     -2.34                                        
  5319.016   23.0051     1.892     -3.28                                 KURHFS 
  5319.016   23.0051     1.892     -3.31                                 KURHFS 
  5319.016   23.0051     1.892     -3.62                                 KURHFS 
  5319.036      26.0     4.831     -2.45                                        
  5319.046   23.0051     1.892     -3.02                                 KURHFS 
  5319.046   23.0051     1.892     -3.27                                 KURHFS 
  5319.046   23.0051     1.892     -3.87                                 KURHFS 
  5319.085   23.0051     1.892     -2.81                                 KURHFS 
  5319.085   23.0051     1.892     -3.43                                 KURHFS 
  5319.085   23.0051     1.892     -4.30                                 KURHFS 
  5319.175      23.0     3.096     -3.48                               KURNOHFS 
  5319.211      26.0     4.073     -2.37                                        
  5319.287      24.0     3.844     -3.38                                        
  5319.332      24.0     4.529     -0.57                                        
  5319.396      92.0     1.249     -0.84                                        
  5319.475      41.0     1.079     -1.57                                        
  5319.607      26.0     4.412     -3.66                                        
  5319.616      24.1     6.681     -4.54                                        
  5319.623      26.0     2.988     -4.37                                        
  5319.763      26.0     4.952     -2.16                                        
  5319.810      60.1     0.550     -0.14                                 LAWLER 
  5319.831      21.0     3.081     -3.62                               KURNOHFS 
  5319.875      42.0     3.901     -0.79                                        
  5319.911      26.1     7.569     -3.15                                        
  5320.037      26.0     3.639     -2.54                                        
  5320.125   23.0051     2.255     -5.31                                 KURHFS 
  5320.125   23.0051     2.255     -5.57                                 KURHFS 
  5320.136   23.0051     2.255     -5.11                                 KURHFS 
  5320.136   23.0051     2.255     -5.31                                 KURHFS 
  5320.136   23.0051     2.255     -7.22                                 KURHFS 
  5320.140      57.0     0.433     -1.87                                        
  5320.151   23.0051     2.255     -5.05                                 KURHFS 
  5320.151   23.0051     2.255     -5.11                                 KURHFS 
  5320.151   23.0051     2.255     -5.98                                 KURHFS 
  5320.171   23.0051     2.255     -5.05                                 KURHFS 
  5320.171   23.0051     2.255     -5.08                                 KURHFS 
  5320.171   23.0051     2.255     -5.26                                 KURHFS 
  5320.197   23.0051     2.255     -4.85                                 KURHFS 
  5320.197   23.0051     2.255     -5.08                                 KURHFS 
  5320.197   23.0051     2.255     -5.26                                 KURHFS 
  5320.227   23.0051     2.255     -4.56                                 KURHFS 
  5320.227   23.0051     2.255     -5.26                                 KURHFS 
  5320.406      24.1     6.280     -4.63                                        
  5320.428      24.0     3.367     -2.13                                        
  5320.430      24.0     4.774     -3.96                                        
  5320.442      28.0     3.737     -3.00                                        
  5320.445      42.0     3.907     -0.61                                        
  5320.543   27.0059     0.922     -8.03                                 KURHFS 
  5320.547   27.0059     0.922     -7.75                                 KURHFS 
  5320.547   27.0059     0.922     -8.03                                 KURHFS 
  5320.547   27.0059     0.922     -9.05                                 KURHFS 
  5320.554   27.0059     0.922     -7.62                                 KURHFS 
  5320.554   27.0059     0.922     -7.75                                 KURHFS 
  5320.554   27.0059     0.922     -8.36                                 KURHFS 
  5320.566   27.0059     0.922     -7.55                                 KURHFS 
  5320.566   27.0059     0.922     -7.62                                 KURHFS 
  5320.566   27.0059     0.922     -7.91                                 KURHFS 
  5320.576      62.0     0.282     -0.63                                        
  5320.581      26.1     7.798     -3.50                                        
  5320.581   27.0059     0.922     -7.54                                 KURHFS 
  5320.581   27.0059     0.922     -7.55                                 KURHFS 
  5320.581   27.0059     0.922     -7.58                                 KURHFS 
  5320.599   27.0059     0.922     -7.31                                 KURHFS 
  5320.599   27.0059     0.922     -7.54                                 KURHFS 
  5320.599   27.0059     0.922     -7.61                                 KURHFS 
  5320.603      22.0     2.776     -3.56                                        
  5320.621   27.0059     0.922     -7.09                                 KURHFS 
  5320.621   27.0059     0.922     -7.61                                 KURHFS 
  5320.621   27.0059     0.922     -7.81                                 KURHFS 
  5320.647   27.0059     0.922     -6.91                                 KURHFS 
  5320.647   27.0059     0.922     -7.81                                 KURHFS 
  5320.778      60.0     1.090      0.03                                        
  5320.782      39.1     1.083     -1.95                                BIEMONT 
  5320.998      23.0     2.636     -3.08                               KURNOHFS 
  5321.070      59.1     0.508     -0.99                                LINOHFS 
  5321.108      26.0     4.431     -1.44                                        
  5321.178   23.0051     3.113     -4.65                                 KURHFS 
  5321.178   23.0051     3.113     -5.35                                 KURHFS 
  5321.183   23.0051     3.113     -4.94                                 KURHFS 
  5321.183   23.0051     3.113     -5.17                                 KURHFS 
  5321.183   23.0051     3.113     -5.35                                 KURHFS 
  5321.187   23.0051     3.113     -5.13                                 KURHFS 
  5321.187   23.0051     3.113     -5.17                                 KURHFS 
  5321.187   23.0051     3.113     -5.35                                 KURHFS 
  5321.190   23.0051     3.113     -5.13                                 KURHFS 
  5321.190   23.0051     3.113     -5.20                                 KURHFS 
  5321.190   23.0051     3.113     -6.06                                 KURHFS 
  5321.193   23.0051     3.113     -5.20                                 KURHFS 
  5321.193   23.0051     3.113     -5.40                                 KURHFS 
  5321.193   23.0051     3.113     -7.31                                 KURHFS 
  5321.195   23.0051     3.113     -5.40                                 KURHFS 
  5321.195   23.0051     3.113     -5.65                                 KURHFS 
  5321.247      64.0     0.812     -1.00                                        
  5321.250      40.0     0.632     -2.25                                        
  5321.273      75.0     1.811     -1.99                                        
  5321.321      25.0     4.824     -2.63                                        
  5321.493      64.0     0.790     -0.56                                        
  5321.588      26.0     3.571     -5.99                                        
  5321.606      92.1     0.702     -2.38                                        
  5321.703   23.0051     2.255     -5.23                                 KURHFS 
  5321.712      27.0     4.172     -1.64                                        
  5321.713   23.0051     2.255     -5.23                                 KURHFS 
  5321.713   23.0051     2.255     -5.40                                 KURHFS 
  5321.728   23.0051     2.255     -5.06                                 KURHFS 
  5321.728   23.0051     2.255     -5.53                                 KURHFS 
  5321.728   23.0051     2.255     -5.65                                 KURHFS 
  5321.749   23.0051     2.255     -5.06                                 KURHFS 
  5321.749   23.0051     2.255     -5.09                                 KURHFS 
  5321.749   23.0051     2.255     -6.08                                 KURHFS 
  5321.774   23.0051     2.255     -4.81                                 KURHFS 
  5321.774   23.0051     2.255     -5.22                                 KURHFS 
  5321.778      64.0     0.841     -0.18                                        
  5321.786      26.0     4.470     -4.33                                        
  5321.804   23.0051     2.255     -4.59                                 KURHFS 
  5321.820      59.1     0.949     -0.79                                LINOHFS 
  5321.835      26.0     3.632     -2.50                                        
  5321.984      25.0     4.824     -3.95                                        
