Y II     5200.4       line list
  5197.014      24.0     4.446     -2.09                                        
  5197.055      24.1     6.277     -4.14                                        
  5197.084      24.0     3.844     -2.69                                        
  5197.097      26.0     3.981     -3.64                                        
  5197.157      28.0     3.895     -1.19                                        
  5197.188   25.0055     3.133     -3.46                                 KURHFS 
  5197.191   25.0055     3.133     -3.21                                 KURHFS 
  5197.191   25.0055     3.133     -3.26                                 KURHFS 
  5197.196   25.0055     3.133     -3.14                                 KURHFS 
  5197.196   25.0055     3.133     -3.20                                 KURHFS 
  5197.199   25.0055     3.133     -3.46                                 KURHFS 
  5197.200      20.0     5.296     -4.11                                        
  5197.203   25.0055     3.133     -2.97                                 KURHFS 
  5197.204   25.0055     3.133     -3.23                                 KURHFS 
  5197.207   25.0055     3.133     -3.26                                 KURHFS 
  5197.212   25.0055     3.133     -2.77                                 KURHFS 
  5197.214   25.0055     3.133     -3.41                                 KURHFS 
  5197.216      24.0     3.553     -2.09                                        
  5197.218   25.0055     3.133     -3.20                                 KURHFS 
  5197.223   25.0055     3.133     -2.59                                 KURHFS 
  5197.232   25.0055     3.133     -3.23                                 KURHFS 
  5197.237   25.0055     3.133     -2.42                                 KURHFS 
  5197.247   25.0055     3.133     -3.41                                 KURHFS 
  5197.256      20.0     5.317     -4.86                                        
  5197.480      26.1     5.952     -2.72                                        
  5197.577      26.0     4.952     -2.32                                        
  5197.577      26.1     3.228     -2.10                                        
  5197.586      20.0     4.621     -4.50                                        
  5197.666      66.1     0.538     -1.85                                        
  5197.692      22.0     3.556     -3.41                                        
  5197.742      26.0     5.060     -2.61                                        
  5197.768      26.0     4.368     -3.29                                        
  5197.773      64.0     0.880      0.05                                        
  5197.784      26.0     5.066     -3.63                                        
  5197.790      23.0     2.573     -5.33                               KURNOHFS 
  5197.936      26.0     4.298     -1.64                                        
  5197.972      24.0     5.663     -1.83                                        
  5198.053      60.0     0.140     -0.68                                        
  5198.120      22.0     3.397     -3.18                                        
  5198.125      27.0     4.392     -3.85                                        
  5198.131      23.0     2.573     -4.75                               KURNOHFS 
  5198.317      22.0     3.548     -3.27                                        
  5198.409      24.0     4.444     -1.38                                        
  5198.531      24.1     6.800     -4.61                                        
  5198.541      22.0     2.304     -4.55                                        
  5198.550      42.0     3.300     -1.43                                        
  5198.711      26.0     2.221     -2.13                                        
  5198.800      90.0     1.304     -0.78                                        
  5198.838      22.0     3.567     -3.76                                        
  5198.867      26.0     3.544     -3.55                                        
  5198.952      25.0     5.392     -4.08                                        
  5199.089      22.0     1.045     -5.43                                        
  5199.163   23.0051     1.349     -9.73                                 KURHFS 
  5199.164      90.0     0.479     -1.31                                        
  5199.167   23.0051     1.349     -9.45                                 KURHFS 
  5199.167   23.0051     1.349     -9.70                                 KURHFS 
  5199.174   23.0051     1.349     -9.26                                 KURHFS 
  5199.174   23.0051     1.349     -9.70                                 KURHFS 
  5199.174   23.0051     1.349     -9.75                                 KURHFS 
  5199.185   23.0051     1.349     -9.17                                 KURHFS 
  5199.185   23.0051     1.349     -9.31                                 KURHFS 
  5199.185   23.0051     1.349     -9.88                                 KURHFS 
  5199.199   23.0051     1.349    -10.10                                 KURHFS 
  5199.199   23.0051     1.349     -9.06                                 KURHFS 
  5199.199   23.0051     1.349     -9.14                                 KURHFS 
  5199.200      64.1     1.620     -1.25                                 LAWLER 
  5199.217   23.0051     1.349    -10.51                                 KURHFS 
  5199.217   23.0051     1.349     -8.86                                 KURHFS 
  5199.217   23.0051     1.349     -9.20                                 KURHFS 
  5199.239   23.0051     1.349     -8.70                                 KURHFS 
  5199.239   23.0051     1.349     -9.39                                 KURHFS 
  5199.264   23.0051     1.349     -8.55                                 KURHFS 
  5199.361      26.0     4.730     -3.74                                        
  5199.398      24.1     6.892     -4.04                                        
  5199.474      25.0     4.426     -1.72                                        
  5199.510      22.0     3.407     -4.20                                        
  5199.531      26.0     3.879     -3.49                                        
  5199.655      23.1     2.266     -3.99                                        
  5199.696      26.0     3.544     -3.37                                        
  5199.715      27.0     2.875     -4.80                               KURNOHFS 
  5199.722      60.0     0.000     -0.81                                        
  5199.728      24.1     6.800     -3.28                                        
  5199.779      26.0     5.029     -2.46                                        
  5199.877      44.0     3.613     0.410
  5200.004      25.1     7.754     -2.66                                        
  5200.012   23.0051     2.255     -4.30                                 KURHFS 
  5200.022   23.0051     2.255     -4.30                                 KURHFS 
  5200.022   23.0051     2.255     -4.47                                 KURHFS 
  5200.022      42.0     3.245     -1.90                                        
  5200.036   23.0051     2.255     -4.13                                 KURHFS 
  5200.036   23.0051     2.255     -4.60                                 KURHFS 
  5200.036   23.0051     2.255     -4.72                                 KURHFS 
  5200.056   23.0051     2.255     -4.12                                 KURHFS 
  5200.056   23.0051     2.255     -4.16                                 KURHFS 
  5200.056   23.0051     2.255     -5.15                                 KURHFS 
  5200.080   23.0051     2.255     -3.88                                 KURHFS 
  5200.080   23.0051     2.255     -4.29                                 KURHFS 
  5200.083      23.1     3.800     -4.78                                        
  5200.109   23.0051     2.255     -3.66                                 KURHFS 
  5200.109      58.0     0.384     -0.65                                        
  5200.121      60.1     0.559     -0.49                                        
  5200.123      25.0     4.426     -1.24                                        
  5200.153      42.0     2.678     -0.93                                        
  5200.173      24.0     3.382     -0.66                                        
  5200.175      21.0     2.606     -2.89                               KURNOHFS 
  5200.183      25.1     6.172     -8.16                                        
  5200.210      24.0     3.382     -0.58                                 SOBECK 
  5200.350      23.0     2.614     -0.78                               KURNOHFS 
  5200.365      28.0     4.085     -1.49                                        
  5200.408      58.0     0.302     -0.67                                        
  5200.413      39.1     0.992     -0.57                                BIEMONT 
  5200.461      58.0     0.978     -0.49                                        
  5200.541      64.1     2.471     -0.36                                        
  5200.578      62.0     0.185      0.02                                        
  5200.738      42.0     2.274     -1.69                                        
  5200.840      23.0     2.357     -2.69                               KURNOHFS 
  5200.897      29.0     5.417     -0.93                                        
  5200.954      63.0     1.976      0.10                                        
  5201.081      22.0     2.091     -0.75                                        
  5201.143      40.0     0.542     -1.72                                        
  5201.276      25.0     4.426     -1.10                                        
  5201.368      58.0     0.000     -0.83                                        
  5201.387      23.0     2.503     -4.15                               KURNOHFS 
  5201.437      82.0     3.651     -0.70                                        
  5201.444      62.0     1.542     -0.04                                        
  5201.549      22.0     3.102     -2.15                                        
  5201.553   23.0051     2.357     -4.63                                 KURHFS 
  5201.553   23.0051     2.357     -4.88                                 KURHFS 
  5201.553   23.0051     2.357     -4.91                                 KURHFS 
  5201.561   23.0051     2.357     -4.44                                 KURHFS 
  5201.561   23.0051     2.357     -4.49                                 KURHFS 
  5201.561   23.0051     2.357     -4.88                                 KURHFS 
  5201.574   23.0051     2.357     -4.24                                 KURHFS 
  5201.574   23.0051     2.357     -4.35                                 KURHFS 
  5201.574   23.0051     2.357     -4.93                                 KURHFS 
  5201.591   23.0051     2.357     -4.04                                 KURHFS 
  5201.591   23.0051     2.357     -4.33                                 KURHFS 
  5201.591   23.0051     2.357     -5.06                                 KURHFS 
  5201.612   23.0051     2.357     -3.88                                 KURHFS 
  5201.612   23.0051     2.357     -4.38                                 KURHFS 
  5201.612   23.0051     2.357     -5.28                                 KURHFS 
  5201.638   23.0051     2.357     -3.74                                 KURHFS 
  5201.638   23.0051     2.357     -4.58                                 KURHFS 
  5201.638   23.0051     2.357     -5.69                                 KURHFS 
  5201.920      26.0     4.987     -2.65                                        
  5202.015   23.0051     1.847     -8.16                                 KURHFS 
  5202.016   23.0051     1.847     -7.74                                 KURHFS 
  5202.016   23.0051     1.847     -7.88                                 KURHFS 
  5202.016   23.0051     1.847     -7.88                                 KURHFS 
  5202.016   23.0051     1.847     -8.16                                 KURHFS 
  5202.016   23.0051     1.847     -8.48                                 KURHFS 
  5202.016   23.0051     1.847     -9.18                                 KURHFS 
  5202.017   23.0051     1.847     -7.67                                 KURHFS 
  5202.017   23.0051     1.847     -7.74                                 KURHFS 
  5202.017   23.0051     1.847     -8.03                                 KURHFS 
  5202.018   23.0051     1.847     -7.67                                 KURHFS 
  5202.018   23.0051     1.847     -7.67                                 KURHFS 
  5202.018   23.0051     1.847     -7.70                                 KURHFS 
  5202.020   23.0051     1.847     -7.44                                 KURHFS 
  5202.020   23.0051     1.847     -7.67                                 KURHFS 
  5202.020   23.0051     1.847     -7.73                                 KURHFS 
  5202.022   23.0051     1.847     -7.22                                 KURHFS 
  5202.022   23.0051     1.847     -7.73                                 KURHFS 
  5202.022   23.0051     1.847     -7.93                                 KURHFS 
  5202.024   23.0051     1.847     -7.03                                 KURHFS 
  5202.024   23.0051     1.847     -7.93                                 KURHFS 
  5202.123      44.0     2.485     -0.91                                        
  5202.242      21.0     3.187     -1.64                               KURNOHFS 
  5202.256      26.0     4.253     -1.87                                        
  5202.280      25.1     5.373     -7.72                                        
  5202.336      26.0     2.174     -1.84                                        
  5202.453   23.0051     1.892     -4.66                                 KURHFS 
  5202.453   23.0051     1.892     -4.66                                 KURHFS 
  5202.453   23.0051     1.892     -4.96                                 KURHFS 
  5202.459      58.0     0.998      0.07                                        
  5202.475   23.0051     1.892     -4.49                                 KURHFS 
  5202.475   23.0051     1.892     -4.52                                 KURHFS 
  5202.475   23.0051     1.892     -4.83                                 KURHFS 
  5202.504   23.0051     1.892     -4.23                                 KURHFS 
  5202.504   23.0051     1.892     -4.48                                 KURHFS 
  5202.504   23.0051     1.892     -5.08                                 KURHFS 
  5202.540   23.0051     1.892     -4.02                                 KURHFS 
  5202.540   23.0051     1.892     -4.64                                 KURHFS 
  5202.540   23.0051     1.892     -5.51                                 KURHFS 
  5202.567      24.1     6.280     -2.18                                        
  5202.588      58.0     0.588     -0.34                                        
  5202.637      76.0     1.259     -1.73                                        
  5202.686      24.0     4.613     -3.04                                        
  5202.700      62.1     0.333     -2.23                                 LAWLER 
  5202.714      22.0     3.106     -2.82                                        
  5202.743      24.1     4.407     -5.30                                        
  5202.927      23.1     2.599     -2.97                                        
