Zr II    5112.3       line list
  5108.966   27.0059     3.927     -1.08                                 KURHFS 
  5108.966   27.0059     3.927     -2.14                                 KURHFS 
  5109.062      21.0     2.134     -0.28                               KURNOHFS 
  5109.083      24.1     6.798     -3.92                                        
  5109.378      73.1     1.201     -1.48                                        
  5109.431      22.0     1.442     -1.44                                        
  5109.488      26.0     2.557     -6.34                                        
  5109.507      22.0     3.580     -0.56                                        
  5109.545   23.0051     1.194     -5.73                                 KURHFS 
  5109.545   23.0051     1.194     -5.91                                 KURHFS 
  5109.550   23.0051     1.194     -5.61                                 KURHFS 
  5109.550   23.0051     1.194     -5.73                                 KURHFS 
  5109.556   23.0051     1.194     -5.61                                 KURHFS 
  5109.556   23.0051     1.194     -5.72                                 KURHFS 
  5109.556   23.0051     1.194     -5.93                                 KURHFS 
  5109.564   23.0051     1.194     -5.31                                 KURHFS 
  5109.564   23.0051     1.194     -5.72                                 KURHFS 
  5109.625      15.0     6.980     -1.09                                        
  5109.652      26.0     4.298     -0.98                                        
  5109.708      42.0     2.521     -1.01                                        
  5109.725      26.0     3.940     -4.30                                        
  5109.774      22.0     2.266     -3.50                                        
  5109.775      28.1     6.468     -2.92                                        
  5109.783      73.0     0.696     -2.59                                        
  5109.885      24.0     5.316     -3.52                                        
  5109.968      26.0     4.604     -4.30                                        
  5110.004      26.0     5.006     -1.59                                        
  5110.269      26.0     4.952     -0.95                                        
  5110.298   59.1141     0.508     -3.57                                 LI/LAW 
  5110.298   59.1141     0.508     -3.70                                 IV/LAW 
  5110.300   59.1141     0.508     -3.24                                 LI/LAW 
  5110.300   59.1141     0.508     -3.37                                 IV/LAW 
  5110.304   59.1141     0.508     -3.15                                 LI/LAW 
  5110.304   59.1141     0.508     -3.29                                 IV/LAW 
  5110.308      26.0     4.603     -3.31                                        
  5110.308   59.1141     0.508     -3.30                                 LI/LAW 
  5110.308   59.1141     0.508     -3.43                                 IV/LAW 
  5110.324      66.0     2.423      0.80                                        
  5110.335   59.1141     0.508     -2.08                                 LI/LAW 
  5110.335   59.1141     0.508     -2.21                                 IV/LAW 
  5110.338   59.1141     0.508     -1.89                                 LI/LAW 
  5110.338   59.1141     0.508     -2.02                                 IV/LAW 
  5110.342   59.1141     0.508     -1.83                                 LI/LAW 
  5110.342   59.1141     0.508     -1.97                                 IV/LAW 
  5110.347   59.1141     0.508     -1.88                                 LI/LAW 
  5110.347   59.1141     0.508     -2.01                                 IV/LAW 
  5110.353   59.1141     0.508     -2.07                                 LI/LAW 
  5110.353   59.1141     0.508     -2.20                                 IV/LAW 
  5110.353      74.0     1.867     -1.65                                        
  5110.354   59.1141     0.508     -1.41                                 LI/LAW 
  5110.354   59.1141     0.508     -1.55                                 IV/LAW 
  5110.358      26.0     3.571     -1.37                                        
  5110.364   59.1141     0.508     -1.30                                 LI/LAW 
  5110.364   59.1141     0.508     -1.44                                 IV/LAW 
  5110.365      42.0     2.756     -1.67                                        
  5110.376   59.1141     0.508     -1.19                                 LI/LAW 
  5110.376   59.1141     0.508     -1.33                                 IV/LAW 
  5110.389   59.1141     0.508     -1.09                                 LI/LAW 
  5110.389   59.1141     0.508     -1.22                                 IV/LAW 
  5110.402   59.1141     0.508     -0.99                                 LI/LAW 
  5110.402   59.1141     0.508     -1.12                                 IV/LAW 
  5110.413      26.0     0.000     -3.76                                        
  5110.416   59.1141     0.508     -0.90                                 LI/LAW 
  5110.416   59.1141     0.508     -1.03                                 IV/LAW 
  5110.443      26.0     4.257     -2.46                                        
  5110.512      24.1     6.681     -2.47                                        
  5110.750      24.0     2.707     -1.32                                 SOBECK 
  5110.760      59.1     1.147      0.32                                        
  5110.794      27.0     4.229     -2.90                                        
  5110.823      76.0     1.367     -2.30                                        
  5110.841      46.0     4.392      0.13                                        
  5110.864      90.1     2.052     -0.88                                        
  5110.998      23.0     1.941     -4.05                               KURNOHFS 
  5111.041      22.0     3.164     -1.14                                        
  5111.150      62.1     0.333     -2.33                                 LAWLER 
  5111.182   23.0051     3.113     -1.00                                 KURHFS 
  5111.182   23.0051     3.113     -1.84                                 KURHFS 
  5111.182   23.0051     3.113     -2.96                                 KURHFS 
  5111.186   23.0051     3.113     -1.14                                 KURHFS 
  5111.186   23.0051     3.113     -1.65                                 KURHFS 
  5111.186   23.0051     3.113     -2.55                                 KURHFS 
  5111.190      20.0     5.177     -2.17                                        
  5111.190   23.0051     3.113     -1.31                                 KURHFS 
  5111.190   23.0051     3.113     -1.59                                 KURHFS 
  5111.190   23.0051     3.113     -2.32                                 KURHFS 
  5111.194   23.0051     3.113     -1.50                                 KURHFS 
  5111.194   23.0051     3.113     -1.61                                 KURHFS 
  5111.194   23.0051     3.113     -2.20                                 KURHFS 
  5111.196   23.0051     3.113     -1.71                                 KURHFS 
  5111.196   23.0051     3.113     -1.76                                 KURHFS 
  5111.196   23.0051     3.113     -2.15                                 KURHFS 
  5111.197   23.0051     3.113     -1.89                                 KURHFS 
  5111.197   23.0051     3.113     -2.15                                 KURHFS 
  5111.197   23.0051     3.113     -2.18                                 KURHFS 
  5111.209      24.0     4.189     -3.42                                        
  5111.257      20.0     5.317     -5.52                                        
  5111.355      26.0     3.544     -3.70                                        
  5111.382      23.0     3.880     -4.16                               KURNOHFS 
  5111.444      26.0     3.271     -4.17                                        
  5111.458      23.1     6.659     -4.06                                        
  5111.544      23.0     2.573     -3.43                               KURNOHFS 
  5111.610      58.0     0.590     -0.32                                        
  5111.625      20.0     5.685     -2.06                                        
  5111.855      26.0     4.909     -0.66                                        
  5111.868      25.1     5.563     -5.38                                        
  5111.873   23.0051     2.113     -5.06                                 KURHFS 
  5111.873   23.0051     2.113     -5.36                                 KURHFS 
  5111.873   23.0051     2.113     -5.55                                 KURHFS 
  5111.873   23.0051     2.113     -5.55                                 KURHFS 
  5111.873   23.0051     2.113     -5.58                                 KURHFS 
  5111.873   23.0051     2.113     -5.58                                 KURHFS 
  5111.873   23.0051     2.113     -5.61                                 KURHFS 
  5111.873   23.0051     2.113     -5.61                                 KURHFS 
  5111.873   23.0051     2.113     -5.76                                 KURHFS 
  5111.873   23.0051     2.113     -5.76                                 KURHFS 
  5111.873   23.0051     2.113     -5.76                                 KURHFS 
  5111.873   23.0051     2.113     -5.81                                 KURHFS 
  5111.873   23.0051     2.113     -5.81                                 KURHFS 
  5111.873   23.0051     2.113     -6.07                                 KURHFS 
  5111.873   23.0051     2.113     -6.48                                 KURHFS 
  5111.873   23.0051     2.113     -7.72                                 KURHFS 
  5111.915      29.0     5.565     -1.08                                        
  5111.920      64.1     1.574     -1.48                                 LAWLER 
  5111.952      28.0     5.359     -4.11                                        
  5112.022      22.1     7.755     -3.69                                        
  5112.080      24.1     6.798     -2.75                                        
  5112.111      22.0     3.164     -1.67                                        
  5112.130      72.0     0.699     -2.36                                        
  5112.140      27.0     3.527     -4.89                               KURNOHFS 
  5112.212      19.0     1.616     -3.04                                        
  5112.246      19.0     1.616     -2.08                                        
  5112.279      40.1     1.664     -0.59                                BIEMONT 
  5112.294      62.1     0.884     -1.25                                        
  5112.446      27.1     3.405     -4.61                                        
  5112.475      23.1     6.096     -4.73                                        
  5112.485      24.0     1.003     -3.70                                        
  5112.543      58.1     1.026     -1.83                                 LAWLER 
  5112.704      58.0     0.552      0.11                                        
  5112.774      26.0     3.692     -8.51                                        
  5112.849      21.0     2.144     -0.41                               KURNOHFS 
  5112.912      24.0     3.102     -4.14                                        
  5112.917      26.0     4.952     -2.61                                        
  5112.982      24.1     6.800     -4.33                                        
  5113.084   27.0059     2.079     -3.64                                 KURHFS 
  5113.084   27.0059     2.079     -3.89                                 KURHFS 
  5113.108   27.0059     2.079     -3.44                                 KURHFS 
  5113.108   27.0059     2.079     -3.64                                 KURHFS 
  5113.108   27.0059     2.079     -5.54                                 KURHFS 
  5113.120      24.0     2.708     -1.48                                 SOBECK 
  5113.120      27.0     4.107     -1.56                                        
  5113.144   27.0059     2.079     -3.37                                 KURHFS 
  5113.144   27.0059     2.079     -3.44                                 KURHFS 
  5113.144   27.0059     2.079     -4.30                                 KURHFS 
  5113.192   27.0059     2.079     -3.37                                 KURHFS 
  5113.192   27.0059     2.079     -3.40                                 KURHFS 
  5113.192   27.0059     2.079     -3.58                                 KURHFS 
  5113.234      26.0     4.214     -1.95                                        
  5113.253   27.0059     2.079     -3.18                                 KURHFS 
  5113.253   27.0059     2.079     -3.40                                 KURHFS 
  5113.253   27.0059     2.079     -3.58                                 KURHFS 
  5113.326   27.0059     2.079     -2.89                                 KURHFS 
  5113.326   27.0059     2.079     -3.58                                 KURHFS 
  5113.413      23.0     1.798     -2.86                               KURNOHFS 
  5113.440      22.0     1.442     -0.78                                        
  5113.547      26.0     4.952     -1.80                                        
  5113.603      22.0     1.748     -5.10                                        
  5113.785      24.1     3.736     -7.49                                        
  5113.800      15.0     6.930     -2.00                                        
  5113.822      24.0     0.960     -5.03                                        
  5113.888      26.0     4.984     -2.40                                        
  5113.910      22.0     2.248     -2.32                                        
  5113.970      69.0     0.000     -2.14                                        
  5114.057      24.0     3.842     -4.41                                        
  5114.060      21.0     3.337     -3.53                               KURNOHFS 
  5114.141      24.1     6.800     -4.35                                        
  5114.170      22.0     0.899     -4.30                                        
  5114.188      25.1     5.986     -3.85                                        
  5114.331      26.0     2.586     -7.44                                        
  5114.370      63.0     1.617     -0.04                                        
  5114.376      23.0     2.573     -6.16                               KURNOHFS 
  5114.467      24.0     3.553     -2.33                                        
  5114.510      26.0     4.590     -2.71                                        
  5114.511   57.1139     0.235     -1.62                                 LAWLER 
  5114.528   57.1139     0.235     -1.82                                 LAWLER 
  5114.550      69.1     2.852     -0.53                                 LAWLER 
  5114.555   57.1139     0.235     -1.82                                 LAWLER 
  5114.572   57.1139     0.235     -3.01                                 LAWLER 
  5114.586   57.1139     0.235     -1.82                                 LAWLER 
  5114.607   57.1139     0.235     -1.82                                 LAWLER 
  5114.620   57.1139     0.235     -2.08                                 LAWLER 
  5114.863      26.0     3.940     -4.47                                        
  5114.966      42.0     2.274     -1.47                                        
  5114.968      20.0     5.295     -6.06                                        
  5114.993      24.0     4.436     -1.68                                        
  5115.001      23.0     3.085     -4.45                               KURNOHFS 
