Y II     5087.4       line list
  5084.089      28.0     3.676      0.03                                        
  5084.154      22.0     3.152     -3.06                                        
  5084.170      58.0     0.590     -0.60                                        
  5084.230      19.0     1.609     -2.57                                        
  5084.463      58.0     0.889     -0.39                                        
  5084.502      24.0     5.207     -4.18                                        
  5084.506      28.0     4.534     -0.69                                        
  5084.543      23.1     6.674     -3.60                                        
  5084.544      26.0     3.692     -2.55                                        
  5084.668      42.0     3.357     -1.67                                        
  5085.051      24.0     4.437     -2.99                                        
  5085.088      22.0     2.493     -1.93                                        
  5085.093      69.0     2.447     -0.09                                        
  5085.138      22.0     3.405     -3.37                                        
  5085.210   23.0051     1.194     -6.68                                 KURHFS 
  5085.210   23.0051     1.194     -6.68                                 KURHFS 
  5085.210   23.0051     1.194     -6.98                                 KURHFS 
  5085.215   23.0051     1.194     -6.52                                 KURHFS 
  5085.215   23.0051     1.194     -6.54                                 KURHFS 
  5085.215   23.0051     1.194     -6.86                                 KURHFS 
  5085.216      58.1     1.013     -2.10                                 LAWLER 
  5085.221   23.0051     1.194     -6.26                                 KURHFS 
  5085.221   23.0051     1.194     -6.51                                 KURHFS 
  5085.221   23.0051     1.194     -7.11                                 KURHFS 
  5085.227      24.0     4.096     -3.39                                        
  5085.228      40.0     1.832     -0.47                                        
  5085.229   23.0051     1.194     -6.04                                 KURHFS 
  5085.229   23.0051     1.194     -6.67                                 KURHFS 
  5085.229   23.0051     1.194     -7.54                                 KURHFS 
  5085.289      26.0     2.947     -4.63                                        
  5085.330      28.0     3.676     -1.66                                        
  5085.335      22.0     1.429     -1.48                                        
  5085.391      23.1     2.520     -8.94                                        
  5085.463      22.0     3.152     -2.92                                        
  5085.474      28.0     3.655     -1.48                                        
  5085.495      25.0     3.761     -4.02                               KURNOHFS 
  5085.524   21.0045     1.432     -1.15                                 KURHFS 
  5085.524   21.0045     1.432     -1.40                                 KURHFS 
  5085.527   21.0045     1.432     -0.95                                 KURHFS 
  5085.527   21.0045     1.432     -1.15                                 KURHFS 
  5085.527   21.0045     1.432     -3.05                                 KURHFS 
  5085.531   21.0045     1.432     -0.88                                 KURHFS 
  5085.531   21.0045     1.432     -0.95                                 KURHFS 
  5085.531   21.0045     1.432     -1.81                                 KURHFS 
  5085.534   23.0051     1.182     -5.57                                 KURHFS 
  5085.534   23.0051     1.182     -5.89                                 KURHFS 
  5085.534   23.0051     1.182     -6.37                                 KURHFS 
  5085.536   21.0045     1.432     -0.88                                 KURHFS 
  5085.536   21.0045     1.432     -0.91                                 KURHFS 
  5085.536   21.0045     1.432     -1.09                                 KURHFS 
  5085.543   21.0045     1.432     -0.69                                 KURHFS 
  5085.543   21.0045     1.432     -0.91                                 KURHFS 
  5085.543   21.0045     1.432     -1.09                                 KURHFS 
  5085.546   23.0051     1.182     -5.89                                 KURHFS 
  5085.546   23.0051     1.182     -5.91                                 KURHFS 
  5085.546   23.0051     1.182     -6.04                                 KURHFS 
  5085.551   21.0045     1.432     -0.40                                 KURHFS 
  5085.551   21.0045     1.432     -1.09                                 KURHFS 
  5085.586      24.0     4.528     -3.62                                        
  5085.658      24.1     5.867     -2.24                                        
  5085.658   27.0059     0.629     -4.91                                 KURHFS 
  5085.676      26.0     4.175     -2.61                                        
  5085.695   27.0059     0.629     -5.13                                 KURHFS 
  5085.696   27.0059     0.629     -5.54                                 KURHFS 
  5085.726   27.0059     0.629     -5.38                                 KURHFS 
  5085.726   27.0059     0.629     -5.41                                 KURHFS 
  5085.727   27.0059     0.629     -6.40                                 KURHFS 
  5085.751   27.0059     0.629     -5.38                                 KURHFS 
  5085.751   27.0059     0.629     -5.85                                 KURHFS 
  5085.751   27.0059     0.629     -5.97                                 KURHFS 
  5085.769   27.0059     0.629     -5.72                                 KURHFS 
  5085.770   27.0059     0.629     -5.55                                 KURHFS 
  5085.782   27.0059     0.629     -5.55                                 KURHFS 
  5085.824      48.0     3.943     -0.23                                        
  5085.838      26.0     3.881     -4.04                                        
  5085.848      92.1     0.113     -2.58                                        
  5085.933      26.0     3.940     -3.15                                        
  5085.963      27.0     4.022     -2.73                               KURNOHFS 
  5086.025   23.0051     2.136     -5.86                                 KURHFS 
  5086.025   23.0051     2.136     -6.31                                 KURHFS 
  5086.025   23.0051     2.136     -7.31                                 KURHFS 
  5086.037   23.0051     2.136     -5.74                                 KURHFS 
  5086.037   23.0051     2.136     -6.10                                 KURHFS 
  5086.037   23.0051     2.136     -7.11                                 KURHFS 
  5086.053   23.0051     2.136     -5.62                                 KURHFS 
  5086.053   23.0051     2.136     -6.00                                 KURHFS 
  5086.053   23.0051     2.136     -7.08                                 KURHFS 
  5086.073   23.0051     2.136     -5.51                                 KURHFS 
  5086.073   23.0051     2.136     -5.97                                 KURHFS 
  5086.073   23.0051     2.136     -7.16                                 KURHFS 
  5086.097   23.0051     2.136     -5.41                                 KURHFS 
  5086.097   23.0051     2.136     -5.99                                 KURHFS 
  5086.097   23.0051     2.136     -7.35                                 KURHFS 
  5086.125   23.0051     2.136     -5.31                                 KURHFS 
  5086.125   23.0051     2.136     -6.07                                 KURHFS 
  5086.125   23.0051     2.136     -7.74                                 KURHFS 
  5086.157   23.0051     2.136     -5.22                                 KURHFS 
  5086.157   23.0051     2.136     -6.29                                 KURHFS 
  5086.186      24.0     3.373     -3.82                                        
  5086.193   23.0051     2.136     -5.14                                 KURHFS 
  5086.231      26.0     3.940     -4.24                                        
  5086.251      26.0     4.984     -1.52                                        
  5086.267   23.0051     1.948     -4.70                                 KURHFS 
  5086.271   23.0051     1.948     -4.42                                 KURHFS 
  5086.271   23.0051     1.948     -4.70                                 KURHFS 
  5086.271   23.0051     1.948     -5.72                                 KURHFS 
  5086.279   23.0051     1.948     -4.29                                 KURHFS 
  5086.279   23.0051     1.948     -4.42                                 KURHFS 
  5086.279   23.0051     1.948     -5.03                                 KURHFS 
  5086.291   23.0051     1.948     -4.22                                 KURHFS 
  5086.291   23.0051     1.948     -4.29                                 KURHFS 
  5086.291   23.0051     1.948     -4.58                                 KURHFS 
  5086.306   23.0051     1.948     -4.21                                 KURHFS 
  5086.306   23.0051     1.948     -4.22                                 KURHFS 
  5086.306   23.0051     1.948     -4.25                                 KURHFS 
  5086.325   23.0051     1.948     -3.98                                 KURHFS 
  5086.325   23.0051     1.948     -4.21                                 KURHFS 
  5086.325   23.0051     1.948     -4.28                                 KURHFS 
  5086.348   23.0051     1.948     -3.77                                 KURHFS 
  5086.348   23.0051     1.948     -4.28                                 KURHFS 
  5086.348   23.0051     1.948     -4.48                                 KURHFS 
  5086.375   23.0051     1.948     -3.58                                 KURHFS 
  5086.375   23.0051     1.948     -4.48                                 KURHFS 
  5086.522      22.0     3.152     -4.04                                        
  5086.533      23.0     3.071     -3.28                               KURNOHFS 
  5086.603      26.0     3.412     -3.79                                        
  5086.693      21.0     2.108     -1.23                               KURNOHFS 
  5086.743      26.0     4.151     -2.40                                        
  5086.803   23.0051     1.929     -3.08                                 KURHFS 
  5086.803   23.0051     1.929     -3.34                                 KURHFS 
  5086.815   23.0051     1.929     -2.89                                 KURHFS 
  5086.815   23.0051     1.929     -3.08                                 KURHFS 
  5086.815   23.0051     1.929     -4.99                                 KURHFS 
  5086.825   25.0055     3.376     -2.02                                 KURHFS 
  5086.829   25.0055     3.376     -2.23                                 KURHFS 
  5086.829   25.0055     3.376     -2.71                                 KURHFS 
  5086.830      23.0     1.798     -2.54                               KURNOHFS 
  5086.832   23.0051     1.929     -2.82                                 KURHFS 
  5086.832   23.0051     1.929     -2.89                                 KURHFS 
  5086.832   23.0051     1.929     -3.75                                 KURHFS 
  5086.832   25.0055     3.376     -2.51                                 KURHFS 
  5086.832   25.0055     3.376     -2.56                                 KURHFS 
  5086.832   25.0055     3.376     -3.66                                 KURHFS 
  5086.835      22.0     2.235     -3.38                                        
  5086.835   25.0055     3.376     -2.58                                 KURHFS 
  5086.835   25.0055     3.376     -2.92                                 KURHFS 
  5086.835   25.0055     3.376     -3.28                                 KURHFS 
  5086.836   25.0055     3.376     -2.74                                 KURHFS 
  5086.836   25.0055     3.376     -3.11                                 KURHFS 
  5086.837   25.0055     3.376     -3.06                                 KURHFS 
  5086.856   23.0051     1.929     -2.82                                 KURHFS 
  5086.856   23.0051     1.929     -2.85                                 KURHFS 
  5086.856   23.0051     1.929     -3.03                                 KURHFS 
  5086.883      24.0     4.156     -2.90                                        
  5086.885   23.0051     1.929     -2.63                                 KURHFS 
  5086.885   23.0051     1.929     -2.85                                 KURHFS 
  5086.885   23.0051     1.929     -3.03                                 KURHFS 
  5086.920   23.0051     1.929     -2.33                                 KURHFS 
  5086.920   23.0051     1.929     -3.03                                 KURHFS 
  5086.932   21.0045     1.427     -0.47                                 KURHFS 
  5086.932   21.0045     1.427     -0.88                                 KURHFS 
  5086.939   21.0045     1.427     -0.76                                 KURHFS 
  5086.939   21.0045     1.427     -0.88                                 KURHFS 
  5086.939   21.0045     1.427     -1.08                                 KURHFS 
  5086.944   21.0045     1.427     -0.76                                 KURHFS 
  5086.944   21.0045     1.427     -0.89                                 KURHFS 
  5086.948   21.0045     1.427     -0.89                                 KURHFS 
  5086.948   21.0045     1.427     -1.06                                 KURHFS 
  5086.988      26.1     3.384     -5.87                                        
  5087.030      24.0     3.320     -2.66                                        
  5087.047   23.0051     0.286     -6.92                                 KURHFS 
  5087.051   23.0051     0.286     -6.64                                 KURHFS 
  5087.051   23.0051     0.286     -6.92                                 KURHFS 
  5087.051   23.0051     0.286     -7.94                                 KURHFS 
  5087.057   23.0051     0.286     -6.50                                 KURHFS 
  5087.057   23.0051     0.286     -6.64                                 KURHFS 
  5087.057   23.0051     0.286     -7.24                                 KURHFS 
  5087.058      22.0     1.429     -0.78                                        
  5087.061      26.0     4.291     -2.21                                        
  5087.067   23.0051     0.286     -6.43                                 KURHFS 
  5087.067   23.0051     0.286     -6.50                                 KURHFS 
  5087.067   23.0051     0.286     -6.79                                 KURHFS 
  5087.070      62.1     0.248     -2.10                                 LAWLER 
  5087.080   23.0051     0.286     -6.42                                 KURHFS 
  5087.080   23.0051     0.286     -6.43                                 KURHFS 
  5087.080   23.0051     0.286     -6.46                                 KURHFS 
  5087.097   23.0051     0.286     -6.20                                 KURHFS 
  5087.097   23.0051     0.286     -6.42                                 KURHFS 
  5087.097   23.0051     0.286     -6.49                                 KURHFS 
  5087.107      59.0     0.353      0.40                                        
  5087.117   23.0051     0.286     -5.98                                 KURHFS 
  5087.117   23.0051     0.286     -6.49                                 KURHFS 
  5087.117   23.0051     0.286     -6.69                                 KURHFS 
  5087.136      21.0     2.144      0.06                               KURNOHFS 
  5087.140   23.0051     0.286     -5.79                                 KURHFS 
  5087.140   23.0051     0.286     -6.69                                 KURHFS 
  5087.171      22.0     1.738     -4.74                                        
  5087.171      24.0     3.553     -2.00                                        
  5087.215      26.1     7.691     -2.10                                        
  5087.234      24.0     4.529     -3.71                                        
  5087.254      24.0     4.398     -4.07                                        
  5087.280      24.0     3.548     -2.82                                        
  5087.371      73.0     1.393     -1.71                                        
  5087.420      39.1     1.083     -0.17                                BIEMONT 
  5087.583      24.0     5.270     -2.37                                        
  5087.622      62.1     1.412     -1.52                                        
  5087.764      42.0     3.396     -1.91                                        
  5087.841   23.0051     2.121     -6.23                                 KURHFS 
  5087.842      21.0     1.985     -2.90                               KURNOHFS 
  5087.843   23.0051     2.121     -5.95                                 KURHFS 
  5087.843   23.0051     2.121     -6.20                                 KURHFS 
  5087.848   23.0051     2.121     -5.76                                 KURHFS 
  5087.848   23.0051     2.121     -6.20                                 KURHFS 
  5087.848   23.0051     2.121     -6.25                                 KURHFS 
  5087.853      27.0     4.022     -0.85                               KURNOHFS 
  5087.855   23.0051     2.121     -5.67                                 KURHFS 
  5087.855   23.0051     2.121     -5.82                                 KURHFS 
  5087.855   23.0051     2.121     -6.38                                 KURHFS 
  5087.865   23.0051     2.121     -5.56                                 KURHFS 
  5087.865   23.0051     2.121     -5.65                                 KURHFS 
  5087.865   23.0051     2.121     -6.60                                 KURHFS 
  5087.877   23.0051     2.121     -5.36                                 KURHFS 
  5087.877   23.0051     2.121     -5.70                                 KURHFS 
  5087.877   23.0051     2.121     -7.01                                 KURHFS 
  5087.891   23.0051     2.121     -5.20                                 KURHFS 
  5087.891   23.0051     2.121     -5.90                                 KURHFS 
  5087.891      24.0     3.553     -2.35                                        
  5087.897      20.0     5.295     -6.34                                        
  5087.908   23.0051     2.121     -5.06                                 KURHFS 
  5087.972      21.0     1.994     -1.77                               KURNOHFS 
  5088.078      21.0     1.985     -2.01                               KURNOHFS 
  5088.083      21.0     4.690     -2.73                                        
  5088.091      23.0     2.576     -3.90                               KURNOHFS 
  5088.153      26.0     4.151     -1.78                                        
  5088.202      39.0     2.357     -0.62                                        
  5088.286      92.0     0.000     -2.02                                        
  5088.319      62.0     0.101     -1.21                                        
  5088.341      20.0     5.296     -6.54                                        
  5088.488      24.0     3.320     -3.35                                        
  5088.507   23.0051     2.121     -4.99                                 KURHFS 
  5088.509   23.0051     2.121     -4.71                                 KURHFS 
  5088.509   23.0051     2.121     -4.96                                 KURHFS 
  5088.514   23.0051     2.121     -4.52                                 KURHFS 
  5088.514   23.0051     2.121     -4.96                                 KURHFS 
  5088.514   23.0051     2.121     -5.01                                 KURHFS 
  5088.521   23.0051     2.121     -4.43                                 KURHFS 
  5088.521   23.0051     2.121     -4.57                                 KURHFS 
  5088.521   23.0051     2.121     -5.14                                 KURHFS 
  5088.531   23.0051     2.121     -4.32                                 KURHFS 
  5088.531   23.0051     2.121     -4.41                                 KURHFS 
  5088.531   23.0051     2.121     -5.36                                 KURHFS 
  5088.532      28.0     3.844     -0.98                                        
  5088.542   23.0051     2.121     -4.12                                 KURHFS 
  5088.542   23.0051     2.121     -4.46                                 KURHFS 
  5088.542   23.0051     2.121     -5.77                                 KURHFS 
  5088.557   23.0051     2.121     -3.96                                 KURHFS 
  5088.557   23.0051     2.121     -4.66                                 KURHFS 
  5088.573   23.0051     2.121     -3.81                                 KURHFS 
  5088.715   23.0051     2.113     -3.97                                 KURHFS 
  5088.715   23.0051     2.113     -4.26                                 KURHFS 
  5088.715   23.0051     2.113     -4.46                                 KURHFS 
  5088.715   23.0051     2.113     -4.46                                 KURHFS 
  5088.715   23.0051     2.113     -4.49                                 KURHFS 
  5088.715   23.0051     2.113     -4.49                                 KURHFS 
  5088.715   23.0051     2.113     -4.52                                 KURHFS 
  5088.715   23.0051     2.113     -4.52                                 KURHFS 
  5088.715   23.0051     2.113     -4.67                                 KURHFS 
  5088.715   23.0051     2.113     -4.67                                 KURHFS 
  5088.715   23.0051     2.113     -4.67                                 KURHFS 
  5088.715   23.0051     2.113     -4.72                                 KURHFS 
  5088.715   23.0051     2.113     -4.72                                 KURHFS 
  5088.715   23.0051     2.113     -4.98                                 KURHFS 
  5088.715   23.0051     2.113     -5.39                                 KURHFS 
  5088.715   23.0051     2.113     -6.63                                 KURHFS 
  5088.715      25.0     3.769     -6.08                               KURNOHFS 
  5088.749      24.0     3.842     -3.16                                        
  5088.953      28.0     3.676     -1.34                                        
  5088.964      62.1     1.585     -1.47                                        
  5088.969      23.0     2.503     -4.41                               KURNOHFS 
  5089.057      27.0     3.250     -4.88                               KURNOHFS 
  5089.169      23.0     2.636     -0.47                               KURNOHFS 
  5089.169      27.0     2.868     -5.09                               KURNOHFS 
  5089.231      24.0     4.436     -2.32                                        
  5089.365      23.0     1.871     -6.00                               KURNOHFS 
  5089.487      58.1     1.078     -1.90                                 LAWLER 
  5089.540      20.0     5.317     -1.84                                        
  5089.617      58.0     0.849     -0.16                                        
  5089.643      25.0     4.657     -2.85                                        
  5089.758      20.0     5.177     -1.38                                        
  5089.832      60.1     0.204     -1.16                                        
  5089.886      23.0     3.242     -3.23                               KURNOHFS 
  5089.899      21.0     2.109     -0.06                               KURNOHFS 
