Mg I     5175        the three Mg b lines
  5164.027      21.0     2.144    -0.738
  5164.032      24.0     3.090    -3.804
  5164.113      26.0     4.188    -2.182
  5164.115      66.1     2.937     0.154
  5164.139      92.0     1.006    -0.627
  5164.164      26.0     3.412    -4.699
  5164.232      24.1     6.892    -3.355
  5164.315      23.0     2.573    -2.700
  5164.366      41.0     0.267    -1.040
  5164.375      58.0     1.020     0.321
  5164.451      25.1     6.523    -5.849
  5164.510      27.0     4.471    -3.665
  5164.533      64.1     1.424    -1.080
  5164.552      26.0     4.431    -1.360
  5164.606      21.0     3.170    -2.857
  5164.619      62.0     1.472    -0.218
  5164.631      24.0     3.119    -4.318
  5164.691      26.0     2.586    -4.072
  5164.790      23.0     2.129    -2.854
  5164.881      23.0     2.262    -1.676
  5164.912      26.0     4.140    -1.976
  5164.974      90.0     1.760    -0.317
  5164.999      20.0     5.041    -4.108
  5165.051      23.0     3.869    -4.083
  5165.057      22.1     7.715    -4.226
  5165.065      37.0     0.000    -5.686
  5165.065      37.0     0.000    -5.686
  5165.129      60.1     0.680    -0.060
  5165.142      27.0     1.709    -2.880
  5165.182      37.0     0.000    -5.863
  5165.332      66.0     2.272     0.432
  5165.360      24.0     3.102    -3.642
  5165.377      24.1     5.869    -4.330
  5165.410      26.0     4.217    -0.026
  5165.431      20.0     5.295    -4.751
  5165.433      23.0     3.890    -4.260
  5165.593      26.0     4.604    -3.353
  5165.601      23.0     2.113    -6.528
  5165.626      24.0     5.619    -3.443
  5165.641      27.0     3.927    -3.353
  5165.727      24.0     3.077    -5.576
  5165.795      20.0     4.621    -1.298
  5165.888      20.0     5.296    -4.372
  5165.946      40.0     1.529    -0.790
  5166.029      15.0     6.930    -2.000
  5166.036      62.1     1.374    -1.135
  5166.060      27.0     4.256    -0.502
  5166.092      23.0     2.573    -3.811
  5166.101      24.0     3.432    -1.745
  5166.217      24.0     3.432    -0.518
  5166.282      26.0     0.000    -4.195
  5166.410      23.0     1.868    -5.498
  5166.619      15.0     6.980    -1.630
  5166.693      63.0     1.617     0.050
  5166.762      24.0     3.085    -4.172
  5166.781      23.0     1.892    -1.746
  5166.795      73.0     1.594    -1.920
  5166.933      23.0     1.941    -2.755
  5166.963      21.0     5.222    -2.357
  5167.050      26.0     3.045    -8.142
  5167.166      23.0     3.265    -4.257
  5167.312      26.1     3.422    -9.009
  5167.379      72.0     3.071    -0.080
  5167.488      26.0     1.484    -1.260
  5167.718      26.0     3.412    -3.419
  5167.732      28.0     4.263    -2.199
  5167.746      42.0     2.678    -1.054
  5167.791      57.0     0.511    -1.060
  5167.830      24.0     4.436    -2.572
  5167.914      23.0     3.824    -3.766
  5167.919      60.1     0.559    -0.980
  5167.951      24.0     3.432    -1.604
  5168.026      23.0     2.121    -3.300
  5168.039      24.0     4.443    -1.332
  5168.182      26.0     3.940    -3.979
  5168.290      22.0     3.282    -3.678
  5168.323      59.0     0.000    -0.813
  5168.355      62.0     1.910     0.572
  5168.453      23.0     3.812    -4.165
  5168.624      24.0     1.029    -4.330
  5168.640      14.0     5.615    -2.160
  5168.656      28.0     3.696    -0.430
  5168.678      20.0     5.295    -4.650
  5168.785      27.1     5.204    -2.841
  5168.843      26.0     2.988    -5.483
  5168.865      26.0     3.298    -4.682
  5168.898      26.0     0.052    -3.969
  5168.953      76.0     4.768     0.110
  5169.033      26.1     2.889    -0.870
  5169.081      23.0     2.579    -4.010
  5169.137      20.0     5.296    -5.838
  5169.212      21.0     2.294    -3.757
  5169.213      24.0     5.230    -1.863
  5169.229      58.0     0.517    -0.774
  5169.241      22.0     3.407    -2.372
  5169.299      26.0     4.073    -0.324
  5169.333      26.0     4.909    -3.108
  5169.458      24.0     4.437    -3.938
  5169.472      26.0     4.291    -2.581
  5169.552      26.0     4.962    -3.794
  5169.586      24.0     4.385    -4.072
  5169.648      37.0     1.558    -2.674
  5169.688      66.1     0.103    -2.211
  5169.701      22.0     3.102    -0.928
  5169.716      26.0     4.984    -2.216
  5169.722      58.0     0.028    -0.992
  5169.725      26.0     3.249    -4.741
  5169.747      23.0     2.372    -2.244
  5169.836      24.0     3.548    -1.927
  5169.862      28.1     6.571    -3.793
  5169.906      22.0     3.580    -1.882
  5169.913      23.0     2.241    -0.882
  5170.012      27.0     4.055    -2.403
  5170.050      24.0     4.444    -2.121
  5170.052      23.0     2.576    -3.277
  5170.066      26.0     4.590    -3.036
  5170.167      72.0     2.452    -0.540
  5170.223      90.1     1.377    -1.882
  5170.237      26.0     3.692    -4.794
  5170.327      27.0     4.143    -3.932
  5170.445      26.0     4.730    -3.093
  5170.522      23.0     3.908    -3.653
  5170.523      22.0     2.266    -3.202
  5170.547      24.0     5.267    -3.187
  5170.547      22.1     5.688    -4.280
  5170.692      42.0     2.621    -2.149
  5170.728      23.0     2.682    -2.188
  5170.937      60.1     0.550    -1.650
  5171.020      44.0     0.927    -0.470
  5171.064      42.0     3.173    -0.286
  5171.073      23.0     3.281    -3.396
  5171.135      23.1     2.513    -4.442
  5171.168      26.0     2.586    -6.567
  5171.240      42.0     2.494    -1.456
  5171.317      26.0     4.952    -4.122
  5171.463      26.0     4.981    -3.153
  5171.596      26.0     1.484    -1.793
  5171.608      22.0     3.567    -1.948
  5171.630      73.0     1.324    -2.070
  5171.640      26.1     2.805    -4.372
  5171.672      26.0     3.639    -1.912
  5171.698      64.0     0.000    -1.774
  5171.775      22.0     2.266    -2.352
  5171.833      23.0     2.576    -5.709
  5171.948      23.1     6.329    -3.370
  5172.074      23.0     2.252    -1.559
  5172.082       6.0     7.679    -4.570
  5172.144      22.1     7.755    -4.063
  5172.202      26.0     2.557    -4.078
  5172.285      27.0     3.949    -1.634
  5172.409      20.0     5.014    -3.828
  5172.574      22.1     7.732    -4.464
  5172.735      62.0     0.282    -0.418
  5172.746      21.0     4.501    -2.080
  5172.746      21.0     4.501    -3.740
  5172.776      68.0     0.000    -1.461
  5172.795      26.0     3.981    -4.472
  5172.860      20.0     5.045    -3.826
  5172.869      28.0     3.696    -1.147
  5172.914      57.1     2.341    -1.050
  5172.940      42.0     3.173    -0.084
  5172.990      26.1     5.906    -2.463
  5173.002      26.0     4.981    -2.656
  5173.042      26.0     4.635    -3.286
  5173.124      26.0     2.947    -5.854
  5173.296      26.0     5.006    -2.532
  5173.482      27.0     4.143    -1.556
  5173.502      26.0     2.988    -3.909
  5173.715      24.0     4.446    -2.642
  5173.743      22.0     0.000    -1.118
  5173.790      57.1     3.989     0.900
  5173.902      59.1     0.967     0.340
  5174.035      26.0     4.603    -2.787
  5174.180      42.0     3.173    -0.154
  5174.380      42.0     3.499    -1.729
  5174.415      22.0     3.106    -3.107
  5174.475      26.0     5.066    -4.076
  5174.505      23.0     2.284    -2.147
  5174.534      27.0     4.069    -3.645
  5174.660      26.0     3.109    -4.924
  5174.850      24.1     6.863    -2.214
  5174.920      24.0     3.090    -6.815
  5175.051      24.0     4.200    -3.121
  5175.060      20.0     5.317    -5.168
  5175.107      22.1     7.755    -3.247
  5175.268      59.1     0.216    -1.279
  5175.392      26.1     7.721    -2.272
  5175.416      62.0     0.498     0.288
  5175.432      23.0     2.676    -1.642
  5175.714      26.0     0.087    -6.924
  5175.765      28.0     3.844    -3.301
  5175.798      22.0     3.556    -2.056
  5175.844      59.1     0.422    -1.326
  5175.962      45.0     3.536     0.530
  5176.024      27.0     4.069    -1.005
  5176.075      27.0     2.079    -1.720
  5176.203      24.1     4.009    -3.953
  5176.288      64.1     1.059    -0.904
  5176.313      22.1     7.732    -4.070
  5176.340      27.0     4.061    -3.199
  5176.361      26.0     4.981    -2.727
  5176.479      23.0     2.267    -1.781
  5176.509      23.0     3.113    -2.301
  5176.559      28.0     3.895    -0.440
  5176.607      26.0     3.926    -4.470
  5176.766      23.0     2.636    -0.017
  5176.781      60.1     1.120    -0.550
  5176.961      90.0     1.387    -0.688
  5176.993      26.0     4.635    -2.484
  5177.027      26.1     7.562    -4.166
  5177.089      42.0     2.644    -2.136
  5177.139      25.0     5.401    -2.383
  5177.233      26.0     3.692    -2.420
  5177.249      45.0     3.970     0.120
  5177.308      57.0     0.433    -0.280
  5177.364      27.0     4.146    -3.250
  5177.367      59.0     0.353    -0.260
  5177.377      27.0     4.107    -1.007
  5177.402      24.0     3.426    -0.570
  5177.478      22.0     0.899    -6.233
  5177.597      27.0     4.146    -0.422
  5177.648      25.1     6.001    -1.772
  5177.728      58.0     0.398    -0.893
  5177.813      24.0     3.419    -2.736
  5177.954      77.0     1.995    -2.240
  5177.958      26.0     4.984    -1.275
  5177.967      25.0     4.824    -2.171
  5177.994      62.1     0.884    -1.681
  5178.015      26.0     4.981    -2.478
  5178.033      24.0     4.437    -0.997
  5178.037      23.1     7.703    -2.802
  5178.076      24.0     4.447    -3.977
  5178.097      64.1     1.657    -0.990
  5178.262      23.0     2.579    -3.959
  5178.448      27.0     4.146    -3.658
  5178.474      25.1     6.568    -4.242
  5178.509      23.0     2.255    -1.591
  5178.652      22.0     1.066    -2.900
  5178.663      20.0     5.317    -5.517
  5178.676      58.0     0.547    -0.577
  5178.692      23.0     3.930    -3.283
  5178.707      26.1     2.826    -6.886
  5178.743      60.0     0.140    -1.060
  5178.796      42.0     3.154    -2.040
  5178.801      26.0     4.383    -1.840
  5178.827      26.0     3.879    -3.950
  5178.841      26.0     5.008    -3.259
  5178.841      64.1     2.471    -0.134
  5178.858      25.1     6.568    -4.215
  5178.869      25.0     4.824    -3.627
  5178.901      75.0     2.059    -2.400
  5178.959      26.1     2.853    -5.383
  5179.014      40.0     0.519    -2.490
  5179.059      23.0     2.245    -1.464
  5179.094      57.0     1.046    -1.060
  5179.119      28.0     3.895    -1.470
  5179.399      42.0     2.932    -2.141
  5179.491      68.1     3.321     0.483
  5179.650      23.1     3.750    -3.111
  5179.676      27.0     4.146    -0.420
  5179.754      22.0     3.106    -2.728
  5179.776      60.1     0.742    -1.350
  5179.794      23.0     2.357    -1.996
  5179.829      23.0     3.824    -3.220
  5179.917      64.1     1.371    -1.274
  5179.965      42.0     3.300    -1.554
  5179.978      22.0     3.196    -2.641
  5180.054      24.0     3.885    -4.287
  5180.056      26.0     4.470    -1.260
  5180.170      26.0     4.987    -1.228
  5180.176      27.0     3.949    -0.509
  5180.207      42.0     3.263    -1.268
  5180.299      41.0     0.086    -1.280
  5180.304      25.0     4.191    -1.799
  5180.417      26.0     4.368    -2.210
  5180.471      22.0     3.548    -2.180
  5180.490      22.0     2.238    -6.285
  5180.502      24.0     4.200    -3.465
  5180.529      26.1     2.842    -5.428
  5180.597      22.0     1.967    -6.779
  5180.704      23.0     2.246    -1.522
  5180.761      27.0     4.146    -2.770
  5180.768      26.0     5.008    -3.756
  5180.849      23.0     2.136    -4.439
  5180.882      22.0     3.109    -3.899
  5180.884      58.0     0.000    -0.691
  5180.914      27.0     4.172    -3.559
  5180.927      73.0     2.708    -0.740
  5180.933      23.0     3.313    -1.212
  5181.051      24.1     6.817    -1.984
  5181.160      28.0     4.263    -1.682
  5181.169      60.1     0.859    -0.600
  5181.195      42.0     3.273    -1.749
  5181.259      22.0     3.317    -3.596
  5181.263      24.1     5.867    -2.563
  5181.400      22.1     7.755    -3.571
  5181.454      24.1     6.892    -2.643
  5181.460      24.0     4.436    -1.289
  5181.473      22.0     1.995    -5.467
  5181.505      23.1     2.219    -4.462
  5181.746      75.0     2.745    -2.170
  5181.747      58.0     0.398    -0.811
  5181.870      72.0     0.000    -1.890
  5181.927      58.0     0.294    -0.623
  5181.960      24.0     3.553    -3.380
  5181.977      26.1     3.195    -5.727
  5181.980      26.0     5.029    -2.169
  5181.981      30.0     5.791    -1.611
  5182.001      23.1     6.334    -4.278
  5182.034      67.0     1.038    -0.378
  5182.120      21.0     3.187    -3.948
  5182.220      26.0     4.984    -2.626
  5182.500      24.0     3.886    -4.378
  5182.527      90.1     2.331    -0.778
  5182.576      25.1     6.568    -9.123
  5182.587      60.1     0.744    -0.740
  5182.654      26.0     3.298    -4.317
  5182.678      69.0     2.701    -0.127
  5182.741      28.0     4.086    -1.381
  5182.797      23.0     2.241    -1.561
  5182.848      21.0     5.401    -3.130
  5182.867      26.0     4.984    -3.830
  5182.953      26.0     3.881    -3.815
  5183.049      27.0     4.061    -1.120
  5183.097      24.0     4.437    -1.960
  5183.179      22.0     2.736    -1.036
  5183.198      58.0     0.690    -0.340
  5183.203      58.0     0.302    -0.724
  5183.224      21.0     5.055    -1.640
  5183.224      21.0     5.055    -3.395
  5183.399      24.0     1.003    -4.185
  5183.409      57.1     0.403    -0.690
  5183.436      24.1     6.277    -4.006
  5183.465      26.0     3.109    -4.681
  5183.466      27.0     4.110    -1.187
  5183.544      26.0     5.060    -2.405
  5183.598      23.1     6.896    -3.568
  5183.695      26.0     3.299    -4.436
  5183.708      40.0     0.632    -1.620
  5183.710      22.1     1.890    -2.780
  5183.803      24.0     5.273    -3.520
  5183.810      22.0     1.066    -2.851
  5183.845      59.1     0.633    -1.119
  5183.907      57.0     0.130    -1.380
  5183.963      74.0     2.351    -1.260
  5183.990      90.1     1.547    -1.553
  5184.146      26.0     5.029    -1.526
  5184.149      21.0     2.301    -3.758
  5184.162      70.1     4.169    -0.766
  5184.177      26.0     4.309    -1.953
  5184.194      45.0     0.965    -2.280
  5184.254      26.0     4.987    -1.146
  5184.266      26.0     4.280    -1.000
  5184.296      25.0     4.191    -2.622
  5184.400      26.0     5.066    -2.939
  5184.486      22.0     3.282    -2.977
  5184.526      26.0     4.984    -1.436
  5184.546      14.0     7.481    -4.050
  5184.557      24.0     3.407    -0.410
  5184.557      28.0     3.703    -0.833
  5184.570      92.1     0.669    -1.855
  5184.643      41.0     0.019    -1.690
  5184.720      24.0     3.432    -2.512
  5184.831      27.0     2.868    -5.187
  5184.864      26.0     4.952    -1.104
  5185.021      24.0     3.548    -2.535
  5185.025      45.0     1.576    -2.440
  5185.058      56.1     5.247    -1.550
  5185.108      26.0     4.909    -3.660
  5185.244      69.0     1.087    -1.400
  5185.294      66.0     1.488    -0.144
  5185.480      23.0     2.129    -3.840
  5185.488      27.0     4.069    -2.685
  5185.563      27.0     3.295    -5.575
  5185.679      22.0     3.427    -3.659
  5185.725      26.0     3.571    -4.047
  5185.879      26.0     4.442    -4.208
  5185.913      22.1     1.891    -1.350
  5185.923      25.0     4.191    -3.737
