Mg I      5170                line list
  5164.027      21.0     2.144    -0.738
  5164.032      24.0     3.090    -3.804
  5164.113      26.0     4.188    -2.182
  5164.115      66.1     2.937     0.154
  5164.139      92.0     1.006    -0.627
  5164.164      26.0     3.412    -4.699
  5164.232      24.1     6.892    -3.355
  5164.315      23.0     2.573    -2.700
  5164.366      41.0     0.267    -1.040
  5164.375      58.0     1.020     0.321
  5164.451      25.1     6.523    -5.849
  5164.510      27.0     4.471    -3.665
  5164.533      64.1     1.424    -1.080
  5164.552      26.0     4.431    -1.360
  5164.606      21.0     3.170    -2.857
  5164.619      62.0     1.472    -0.218
  5164.631      24.0     3.119    -4.318
  5164.691      26.0     2.586    -4.072
  5164.790      23.0     2.129    -2.854
  5164.881      23.0     2.262    -1.676
  5164.912      26.0     4.140    -1.976
  5164.974      90.0     1.760    -0.317
  5164.999      20.0     5.041    -4.108
  5165.051      23.0     3.869    -4.083
  5165.057      22.1     7.715    -4.226
  5165.065      37.0     0.000    -5.686
  5165.065      37.0     0.000    -5.686
  5165.129      60.1     0.680    -0.060
  5165.142      27.0     1.709    -2.880
  5165.182      37.0     0.000    -5.863
  5165.332      66.0     2.272     0.432
  5165.360      24.0     3.102    -3.642
  5165.377      24.1     5.869    -4.330
  5165.410      26.0     4.217    -0.026
  5165.431      20.0     5.295    -4.751
  5165.433      23.0     3.890    -4.260
  5165.593      26.0     4.604    -3.353
  5165.601      23.0     2.113    -6.528
  5165.626      24.0     5.619    -3.443
  5165.641      27.0     3.927    -3.353
  5165.727      24.0     3.077    -5.576
  5165.795      20.0     4.621    -1.298
  5165.888      20.0     5.296    -4.372
  5165.946      40.0     1.529    -0.790
  5166.029      15.0     6.930    -2.000
  5166.036      62.1     1.374    -1.135
  5166.060      27.0     4.256    -0.502
  5166.092      23.0     2.573    -3.811
  5166.101      24.0     3.432    -1.745
  5166.217      24.0     3.432    -0.518
  5166.282      26.0     0.000    -4.195
  5166.410      23.0     1.868    -5.498
  5166.619      15.0     6.980    -1.630
  5166.693      63.0     1.617     0.050
  5166.762      24.0     3.085    -4.172
  5166.781      23.0     1.892    -1.746
  5166.795      73.0     1.594    -1.920
  5166.933      23.0     1.941    -2.755
  5166.963      21.0     5.222    -2.357
  5167.050      26.0     3.045    -8.142
  5167.166      23.0     3.265    -4.257
  5167.312      26.1     3.422    -9.009
  5167.379      72.0     3.071    -0.080
  5167.488      26.0     1.484    -1.260
  5167.718      26.0     3.412    -3.419
  5167.732      28.0     4.263    -2.199
  5167.746      42.0     2.678    -1.054
  5167.791      57.0     0.511    -1.060
  5167.830      24.0     4.436    -2.572
  5167.914      23.0     3.824    -3.766
  5167.919      60.1     0.559    -0.980
  5167.951      24.0     3.432    -1.604
  5168.026      23.0     2.121    -3.300
  5168.039      24.0     4.443    -1.332
  5168.182      26.0     3.940    -3.979
  5168.290      22.0     3.282    -3.678
  5168.323      59.0     0.000    -0.813
  5168.355      62.0     1.910     0.572
  5168.453      23.0     3.812    -4.165
  5168.624      24.0     1.029    -4.330
  5168.640      14.0     5.615    -2.160
  5168.656      28.0     3.696    -0.430
  5168.678      20.0     5.295    -4.650
  5168.785      27.1     5.204    -2.841
  5168.843      26.0     2.988    -5.483
  5168.865      26.0     3.298    -4.682
  5168.898      26.0     0.052    -3.969
  5168.953      76.0     4.768     0.110
  5169.033      26.1     2.889    -0.870
  5169.081      23.0     2.579    -4.010
  5169.137      20.0     5.296    -5.838
  5169.212      21.0     2.294    -3.757
  5169.213      24.0     5.230    -1.863
  5169.229      58.0     0.517    -0.774
  5169.241      22.0     3.407    -2.372
  5169.299      26.0     4.073    -0.324
  5169.333      26.0     4.909    -3.108
  5169.458      24.0     4.437    -3.938
  5169.472      26.0     4.291    -2.581
  5169.552      26.0     4.962    -3.794
  5169.586      24.0     4.385    -4.072
  5169.648      37.0     1.558    -2.674
  5169.688      66.1     0.103    -2.211
  5169.701      22.0     3.102    -0.928
  5169.716      26.0     4.984    -2.216
  5169.722      58.0     0.028    -0.992
  5169.725      26.0     3.249    -4.741
  5169.747      23.0     2.372    -2.244
  5169.836      24.0     3.548    -1.927
  5169.862      28.1     6.571    -3.793
  5169.906      22.0     3.580    -1.882
  5169.913      23.0     2.241    -0.882
  5170.012      27.0     4.055    -2.403
  5170.050      24.0     4.444    -2.121
  5170.052      23.0     2.576    -3.277
  5170.066      26.0     4.590    -3.036
  5170.167      72.0     2.452    -0.540
  5170.223      90.1     1.377    -1.882
  5170.237      26.0     3.692    -4.794
  5170.327      27.0     4.143    -3.932
  5170.445      26.0     4.730    -3.093
  5170.522      23.0     3.908    -3.653
  5170.523      22.0     2.266    -3.202
  5170.547      24.0     5.267    -3.187
  5170.547      22.1     5.688    -4.280
  5170.692      42.0     2.621    -2.149
  5170.728      23.0     2.682    -2.188
  5170.937      60.1     0.550    -1.650
  5171.020      44.0     0.927    -0.470
  5171.064      42.0     3.173    -0.286
  5171.073      23.0     3.281    -3.396
  5171.135      23.1     2.513    -4.442
  5171.168      26.0     2.586    -6.567
  5171.240      42.0     2.494    -1.456
  5171.317      26.0     4.952    -4.122
  5171.463      26.0     4.981    -3.153
  5171.596      26.0     1.484    -1.793
  5171.608      22.0     3.567    -1.948
  5171.630      73.0     1.324    -2.070
  5171.640      26.1     2.805    -4.372
  5171.672      26.0     3.639    -1.912
  5171.698      64.0     0.000    -1.774
  5171.775      22.0     2.266    -2.352
  5171.833      23.0     2.576    -5.709
  5171.948      23.1     6.329    -3.370
  5172.074      23.0     2.252    -1.559
  5172.082       6.0     7.679    -4.570
  5172.144      22.1     7.755    -4.063
  5172.202      26.0     2.557    -4.078
  5172.285      27.0     3.949    -1.634
  5172.409      20.0     5.014    -3.828
  5172.574      22.1     7.732    -4.464
  5172.735      62.0     0.282    -0.418
  5172.746      21.0     4.501    -2.080
  5172.746      21.0     4.501    -3.740
  5172.776      68.0     0.000    -1.461
  5172.795      26.0     3.981    -4.472
  5172.860      20.0     5.045    -3.826
  5172.869      28.0     3.696    -1.147
  5172.914      57.1     2.341    -1.050
  5172.940      42.0     3.173    -0.084
  5172.990      26.1     5.906    -2.463
  5173.002      26.0     4.981    -2.656
  5173.042      26.0     4.635    -3.286
  5173.124      26.0     2.947    -5.854
  5173.296      26.0     5.006    -2.532
  5173.482      27.0     4.143    -1.556
  5173.502      26.0     2.988    -3.909
  5173.715      24.0     4.446    -2.642
  5173.743      22.0     0.000    -1.118
  5173.790      57.1     3.989     0.900
  5173.902      59.1     0.967     0.340
