Nd II    5273.4       line list
  5270.041      60.0     1.042      0.30                                        
  5270.058      26.0     3.632     -3.55                                        
  5270.246      20.0     5.317     -4.05                                        
  5270.270      20.0     2.524      0.02                                        
  5270.329      27.0     4.998     -3.14                                        
  5270.344      20.0     5.386     -4.71                                        
  5270.356      26.0     1.607     -1.51                                        
  5270.363      26.0     5.008     -4.30                                        
  5270.401   23.0051     2.262     -2.84                                 KURHFS 
  5270.401   23.0051     2.262     -3.10                                 KURHFS 
  5270.403   23.0051     2.262     -2.65                                 KURHFS 
  5270.403   23.0051     2.262     -2.84                                 KURHFS 
  5270.403   23.0051     2.262     -4.75                                 KURHFS 
  5270.406   23.0051     2.262     -2.58                                 KURHFS 
  5270.406   23.0051     2.262     -2.65                                 KURHFS 
  5270.406   23.0051     2.262     -3.51                                 KURHFS 
  5270.410   23.0051     2.262     -2.58                                 KURHFS 
  5270.410   23.0051     2.262     -2.61                                 KURHFS 
  5270.410   23.0051     2.262     -2.79                                 KURHFS 
  5270.415   23.0051     2.262     -2.39                                 KURHFS 
  5270.415   23.0051     2.262     -2.61                                 KURHFS 
  5270.415   23.0051     2.262     -2.79                                 KURHFS 
  5270.420   23.0051     2.262     -2.09                                 KURHFS 
  5270.420   23.0051     2.262     -2.79                                 KURHFS 
  5270.512      27.1     3.405     -4.87                                        
  5270.591      28.0     3.938     -2.75                                        
  5270.686      60.1     0.204     -1.63                                        
  5271.001      75.0     2.928      0.69                                        
  5271.012      23.0     1.710     -1.97                               KURNOHFS 
  5271.044      58.0     0.517     -0.53                                        
  5271.051      26.0     4.909     -1.68                                        
  5271.182      57.0     0.130     -0.79                                        
  5271.261   23.0051     1.929     -4.38                                 KURHFS 
  5271.262      23.1     2.266     -4.35                                        
  5271.273   23.0051     1.929     -4.38                                 KURHFS 
  5271.273   23.0051     1.929     -4.56                                 KURHFS 
  5271.292   23.0051     1.929     -4.22                                 KURHFS 
  5271.292   23.0051     1.929     -4.68                                 KURHFS 
  5271.292   23.0051     1.929     -4.81                                 KURHFS 
  5271.293      26.0     4.909     -1.46                                        
  5271.318   23.0051     1.929     -4.21                                 KURHFS 
  5271.318   23.0051     1.929     -4.25                                 KURHFS 
  5271.318   23.0051     1.929     -5.24                                 KURHFS 
  5271.349   23.0051     1.929     -3.96                                 KURHFS 
  5271.349   23.0051     1.929     -4.37                                 KURHFS 
  5271.387   23.0051     1.929     -3.75                                 KURHFS 
  5271.390      62.0     0.101     -0.30                                        
  5271.443      22.0     2.316     -4.05                                        
  5271.524      41.0     0.142     -1.24                                        
  5271.611      22.0     2.776     -0.86                                        
  5271.673      22.0     3.724     -0.86                                        
  5271.783      42.0     2.497     -1.73                                        
  5271.789      64.0     0.864     -1.25                                        
  5271.805      58.0     0.384     -0.66                                        
  5271.815      39.0     2.294     -1.57                                        
  5271.862      58.0     0.588     -0.35                                        
  5271.897      24.0     3.963     -4.37                                        
  5271.917      58.0     1.064      0.01                                        
  5271.957      63.0     1.930      0.61                                        
  5272.005      92.0     0.947     -1.24                                        
  5272.010      24.0     3.447     -0.42                                 SOBECK 
  5272.046      60.1     0.985     -1.07                                        
  5272.135      25.1     5.988     -5.30                                        
  5272.177      23.1     3.755     -3.50                                        
  5272.249      66.1     0.538     -2.14                                        
  5272.268      26.0     5.029     -0.72                                        
  5272.341      21.0     3.337     -3.72                               KURNOHFS 
  5272.362      64.0     1.981     -0.01                                        
  5272.397      26.1     5.952     -2.03                                        
  5272.469      63.0     1.667     -0.22                                        
  5272.477      41.0     1.079     -1.88                                        
  5272.593   23.0051     2.255     -2.43                                 KURHFS 
  5272.603   23.0051     2.255     -2.43                                 KURHFS 
  5272.603   23.0051     2.255     -2.61                                 KURHFS 
  5272.618   23.0051     2.255     -2.27                                 KURHFS 
  5272.618   23.0051     2.255     -2.73                                 KURHFS 
  5272.618   23.0051     2.255     -2.86                                 KURHFS 
  5272.638   23.0051     2.255     -2.26                                 KURHFS 
  5272.638   23.0051     2.255     -2.30                                 KURHFS 
  5272.638   23.0051     2.255     -3.29                                 KURHFS 
  5272.650      64.1     1.371     -1.78                                 LAWLER 
  5272.663   23.0051     2.255     -2.01                                 KURHFS 
  5272.663   23.0051     2.255     -2.42                                 KURHFS 
  5272.693   23.0051     2.255     -1.80                                 KURHFS 
  5272.714      59.1     0.922     -1.30                                        
  5272.850      62.1     0.932     -1.65                                 LAWLER 
  5272.903      64.0     0.790     -0.93                                        
  5273.164      26.0     3.289     -1.04                                        
  5273.373      26.0     2.482     -2.18                                        
  5273.381      27.0     3.407     -2.10                               KURNOHFS 
  5273.425      24.0     3.447     -0.69                                        
  5273.430      60.1     0.680     -0.18                                 LAWLER 
  5273.460      24.0     3.447     -0.51                                 SOBECK 
  5273.506      14.0     7.521     -4.29                                        
  5273.624      26.0     4.309     -2.72                                        
  5273.626      23.0     1.711     -3.20                               KURNOHFS 
  5273.830      22.0     3.688     -2.10                                        
  5273.987      20.0     4.621     -2.98                                        
  5274.011      22.0     3.688     -1.59                                        
  5274.171      25.0     4.791     -3.12                                        
  5274.196      25.0     5.392     -0.88                                        
  5274.212      26.0     5.096     -1.85                                        
  5274.229      58.1     1.044      0.13                                 LAWLER 
  5274.244      23.0     1.941     -6.86                               KURNOHFS 
  5274.324      23.1     3.793     -4.05                                        
  5274.353      22.0     3.087     -3.03                                        
  5274.486      24.0     3.553     -3.94                                        
  5274.539      25.0     4.791     -4.25                                        
  5274.635      22.0     2.425     -2.96                                        
  5274.697      27.0     4.501     -3.33                                        
  5274.784      24.0     4.452     -1.14                                        
  5274.857      24.0     4.464     -1.20                                        
  5274.886      25.1     6.128     -7.73                                        
  5274.953      23.0     2.330     -2.91                               KURNOHFS 
  5274.964      24.1     4.068     -1.29                                        
  5274.981      26.0     4.073     -2.56                                        
  5274.990      26.0     4.952     -1.65                                        
  5275.002      22.0     3.705     -0.84                                        
  5275.004      24.0     3.553     -3.27                                        
  5275.037      72.0     2.002     -1.16                                        
  5275.082   23.0051     1.868     -6.42                                 KURHFS 
  5275.082   23.0051     1.868     -6.44                                 KURHFS 
  5275.082   23.0051     1.868     -6.57                                 KURHFS 
  5275.135   23.0051     1.868     -6.10                                 KURHFS 
  5275.135   23.0051     1.868     -6.42                                 KURHFS 
  5275.135   23.0051     1.868     -6.90                                 KURHFS 
  5275.171      24.0     3.373     -0.35                                        
  5275.204      42.0     3.315     -1.89                                        
  5275.277      24.0     2.887     -0.28                                        
  5275.280      66.1     2.410     -0.44                                 LAWLER 
  5275.299      26.0     3.544     -3.32                                        
  5275.309      24.0     4.102     -3.73                                        
  5275.445      26.0     5.082     -1.92                                        
  5275.454      25.1     6.489     -4.76                                        
  5275.468      23.1     2.048     -4.63                                        
  5275.507      24.0     3.553     -2.40                                        
  5275.538      74.0     2.386     -1.11                                        
  5275.549      75.0     0.000     -2.12                                        
  5275.563      23.1     3.756     -2.08                                        
  5275.606      26.0     4.730     -3.08                                        
  5275.633   23.0051     2.276     -2.81                                 KURHFS 
  5275.633   23.0051     2.276     -3.10                                 KURHFS 
  5275.633   23.0051     2.276     -3.10                                 KURHFS 
  5275.633   23.0051     2.276     -4.12                                 KURHFS 
  5275.635   23.0051     2.276     -2.68                                 KURHFS 
  5275.635   23.0051     2.276     -2.81                                 KURHFS 
  5275.635   23.0051     2.276     -3.42                                 KURHFS 
  5275.637   23.0051     2.276     -2.61                                 KURHFS 
  5275.637   23.0051     2.276     -2.68                                 KURHFS 
  5275.637   23.0051     2.276     -2.97                                 KURHFS 
  5275.640   23.0051     2.276     -2.60                                 KURHFS 
  5275.640   23.0051     2.276     -2.61                                 KURHFS 
  5275.640   23.0051     2.276     -2.64                                 KURHFS 
  5275.643   23.0051     2.276     -2.38                                 KURHFS 
  5275.643   23.0051     2.276     -2.60                                 KURHFS 
  5275.643   23.0051     2.276     -2.67                                 KURHFS 
  5275.647   23.0051     2.276     -2.16                                 KURHFS 
  5275.647   23.0051     2.276     -2.67                                 KURHFS 
  5275.647   23.0051     2.276     -2.87                                 KURHFS 
  5275.652   23.0051     2.276     -1.97                                 KURHFS 
  5275.652   23.0051     2.276     -2.87                                 KURHFS 
  5275.673   27.0059     1.881     -6.44                                 KURHFS 
  5275.673   27.0059     1.881     -6.83                                 KURHFS 
  5275.676   27.0059     1.881     -6.19                                 KURHFS 
  5275.683   27.0059     1.881     -5.99                                 KURHFS 
  5275.687   27.0059     1.881     -6.58                                 KURHFS 
  5275.693   27.0059     1.881     -6.39                                 KURHFS 
  5275.694   27.0059     1.881     -5.83                                 KURHFS 
  5275.694   27.0059     1.881     -6.86                                 KURHFS 
  5275.704   27.0059     1.881     -6.30                                 KURHFS 
  5275.707   27.0059     1.881     -6.83                                 KURHFS 
  5275.710   27.0059     1.881     -5.69                                 KURHFS 
  5275.718   27.0059     1.881     -6.28                                 KURHFS 
  5275.724   27.0059     1.881     -6.88                                 KURHFS 
  5275.735   27.0059     1.881     -6.33                                 KURHFS 
  5275.745   27.0059     1.881     -7.01                                 KURHFS 
  5275.749      26.1     7.767     -4.01                                        
  5275.750      24.0     2.887     -0.05                                        
  5275.758      24.0     4.609     -3.70                                        
  5275.758   27.0059     1.881     -6.53                                 KURHFS 
  5275.770   27.0059     1.881     -7.23                                 KURHFS 
  5275.778      24.0     3.553     -2.40                                        
  5275.799   27.0059     1.881     -7.64                                 KURHFS 
  5275.806      58.1     1.278     -1.08                                        
  5275.974      26.0     5.066     -3.19                                        
  5276.044      23.0     3.085     -1.67                               KURNOHFS 
  5276.050      21.0     3.081     -3.88                               KURNOHFS 
