Cu I     5105.5             line list
  5103.522      22.0     3.389     -3.03                                        
  5103.567      22.1     7.715     -3.68                                        
  5103.620      24.0     4.443     -1.42                                        
  5103.671      22.1     7.755     -4.20                                        
  5103.689      24.1     6.798     -4.14                                        
  5103.734      20.0     5.295     -5.96                                        
  5103.849 112.00124     0.535     -0.28               1.999                    
  5103.875 112.00124     0.355     -1.62               1.999                    
  5103.880 112.00124     1.170      0.17               1.999                    
  5103.890 112.00124     0.384     -0.35               1.999                    
  5103.893 112.00124     0.535     -2.70               1.999                    
  5103.906      23.0     2.357     -2.23                                        
  5103.920 606.01212     1.166     -2.57               6.250                    
  5103.931 606.01212     3.113     -2.77               6.250                    
  5103.964 112.00124     1.170     -2.31               1.999                    
  5103.999      24.1     4.009     -6.20                                        
  5104.024 606.01212     2.956     -1.60               6.250                    
  5104.029 112.00124     1.306     -1.97               1.999                    
  5104.029 112.00124     1.306     -1.99               1.999                    
  5104.030      26.0     3.015     -2.87                                        
  5104.048 112.00124     0.284     -0.15               1.999                    
  5104.059      25.0     3.769     -5.93                                        
  5104.080      62.1     1.265     -1.00                                 LAWLER 
  5104.097 112.00124     1.218     -1.12               1.999                    
  5104.097 112.00124     1.218     -3.19               1.999                    
  5104.125 112.00124     0.284     -2.08               1.999                    
  5104.181      20.0     5.296     -5.70                                        
  5104.190      26.0     4.175     -1.97                                        
  5104.197 606.01212     3.049     -2.08               6.250                    
  5104.252      22.1     7.732     -3.95                                        
  5104.255      24.1     6.863     -4.01                                        
  5104.268 606.01212     2.506     -4.25               6.250                    
  5104.277      24.0     3.886     -3.85                                        
  5104.295 112.00124     0.516     -0.64               1.999                    
  5104.297 112.00124     1.085     -1.92               1.999                    
  5104.297 112.00124     1.085     -1.94               1.999                    
  5104.316 112.00124     0.508     -1.16               1.999                    
  5104.320 112.00124     0.516     -2.58               1.999                    
  5104.336 112.00124     0.535     -2.69               1.999                    
  5104.381 112.00124     0.535     -0.21               1.999                    
  5104.432      22.0     2.235     -4.99                                        
  5104.432      74.1     2.353     -0.91                                        
  5104.438      26.0     4.280     -1.69                                        
  5104.480      62.1     0.997     -0.65                                 LAWLER 
  5104.483 112.00124     0.977     -2.22               1.999                    
  5104.512 112.00124     0.575      0.40               1.999                    
  5104.521      21.0     2.612     -3.63                                        
  5104.533 112.00124     0.512     -0.90               1.999                    
  5104.536 112.00124     1.218     -1.09               1.999                    
  5104.536      25.0     4.824     -2.79                                        
  5104.550 112.00124     0.284     -0.13               1.999                    
  5104.552 112.00124     0.512     -2.63               1.999                    
  5104.604 606.01212     3.446     -2.19               6.250                    
  5104.638      23.0     2.357     -3.11                                        
  5104.640 112.00124     0.575     -3.08               1.999                    
  5104.642 606.01212     2.670     -1.87               6.250                    
  5104.681 112.00124     1.287     -0.85               1.999                    
  5104.688      42.0     3.387     -1.70                                        
  5104.704 606.01212     2.055     -4.30               6.250                    
  5104.713 112.00124     1.160     -2.34               1.999                    
  5104.719      27.0     4.256     -4.25                                        
  5104.729      26.0     4.984     -2.92                                        
  5104.739 112.00124     0.575     -3.07               1.999                    
  5104.745 606.01212     0.545     -3.77               6.250                    
  5104.748 112.00124     0.741     -2.44               1.999                    
  5104.748 112.00124     0.741     -2.47               1.999                    
  5104.805 606.01212     2.979     -3.58               6.250                    
  5104.813      26.0     3.015     -5.74                                        
  5104.821 112.00124     1.279      0.27               1.999                    
  5104.828      23.0     2.121     -6.05                                        
  5104.842 112.00124     0.521     -2.57               1.999                    
  5104.842      22.0     2.776     -4.21                                        
  5104.867 112.00124     0.575      0.41               1.999                    
  5104.874 112.00124     0.521     -0.37               1.999                    
  5104.906 112.00124     0.527     -0.37               1.999                    
  5104.908 112.00124     1.170      0.15               1.999                    
  5104.944 112.00124     0.527     -2.65               1.999                    
  5104.976 112.00124     1.279     -2.31               1.999                    
  5104.979 112.00124     0.957     -2.28               1.999                    
  5104.979 112.00124     0.957     -2.35               1.999                    
  5104.998      26.1     7.700     -4.22                                        
  5105.140 606.01212     2.043     -2.11               6.250                    
  5105.142      24.0     4.452     -1.97                                        
  5105.199 606.01212     2.469     -2.03               6.250                    
  5105.227      58.1     0.899     -1.32                                 LAWLER 
  5105.230      60.1     1.136     -0.61                                 LAWLER 
  5105.308 112.00124     0.546      0.21               1.999                    
  5105.326 606.01212     2.098     -2.02               6.250                    
  5105.332 112.00124     1.149     -2.42               1.999                    
  5105.332 112.00124     1.149     -2.42               1.999                    
  5105.341 606.01212     0.446     -3.18               6.250                    
  5105.401 112.00124     0.546     -3.00               1.999                    
  5105.407 606.01212     2.566     -5.16               6.250                    
  5105.457 112.00124     0.527     -2.63               1.999                    
  5105.482 112.00124     1.345     -0.54               1.999                    
  5105.482 112.00124     1.345     -4.05               1.999                    
  5105.496 112.00124     0.527     -0.28               1.999                    
  5105.503   29.0065     1.388    -3.720                                 KURHFS
  5105.505   29.0063     1.388    -3.720                                 KURHFS
  5105.506   29.0065     1.388    -2.766                                 KURHFS
  5105.509   29.0063     1.388    -2.766                                 KURHFS
  5105.509   29.0065     1.388    -2.720                                 KURHFS
  5105.510   29.0065     1.388    -3.896                                 KURHFS
  5105.511   29.0063     1.388    -2.720                                 KURHFS
  5105.512   29.0063     1.388    -3.896                                 KURHFS
  5105.513 606.01212     2.333     -2.03               6.250                    
  5105.515   29.0065     1.388    -2.653                                 KURHFS
  5105.517   29.0063     1.388    -2.653                                 KURHFS
  5105.519   29.0065     1.388    -2.398                                 KURHFS
  5105.520   29.0063     1.388    -2.398                                 KURHFS
  5105.530   29.0065     1.388    -2.750                                 KURHFS
  5105.531   29.0063     1.388    -2.750                                 KURHFS
  5105.536   29.0063     1.388    -2.148                                 KURHFS
  5105.536   29.0065     1.388    -2.148                                 KURHFS
  5105.548 112.00124     1.279      0.26               1.999                    
  5105.552 112.00124     1.358     -1.58               1.999                    
  5105.552 112.00124     1.358     -1.59               1.999                    
  5105.558   29.0063     1.388    -1.942                                 KURHFS
  5105.560   29.0065     1.388    -1.942                                 KURHFS
  5105.581      24.0     4.444     -3.95                                        
  5105.601      24.0     3.548     -2.19                                        
  5105.630 112.00124     0.546     -2.99               1.999                    
  5105.631      21.0     3.099     -1.86                                        
  5105.647 112.00124     0.516     -2.50               1.999                    
  5105.652      22.0     2.235     -2.82                                        
  5105.670 112.00124     0.997     -2.24               1.999                    
  5105.672 112.00124     0.516     -0.47               1.999                    
  5105.703 606.01212     3.452     -2.58               6.250                    
  5105.707      23.0     1.852     -6.93                                        
  5105.723 112.00124     0.546      0.24               1.999                    
  5105.753 112.00124     1.287     -0.86               1.999                    
  5105.753 112.00124     1.287     -3.23               1.999                    
  5105.789      20.0     5.045     -1.68                                        
  5105.801 112.00124     0.521     -0.48               1.999                    
  5105.833 112.00124     0.521     -2.61               1.999                    
  5105.889      25.1     6.128     -5.06                                        
  5105.891 112.00124     1.345     -0.52               1.999                    
  5105.891 112.00124     1.345     -4.03               1.999                    
  5105.892      24.0     4.407     -4.05                                        
  5105.978 112.00124     1.135     -2.33               1.999                    
  5106.061      23.0     1.802     -3.67                                        
  5106.090      23.0     3.111     -4.70                                        
  5106.095 606.01212     1.549     -2.46               6.250                    
  5106.100 112.00124     0.892     -1.07               1.999                    
  5106.100 112.00124     0.892     -1.09               1.999                    
  5106.182 112.00124     1.134      0.15               1.999                    
  5106.198 112.00124     1.134     -2.31               1.999                    
  5106.210 112.00124     0.686     -1.76               1.999                    
  5106.217      58.1     1.278     -1.75                                 LAWLER 
  5106.223      23.1     2.554     -2.44                                        
  5106.226 112.00124     0.586      0.67               1.999                    
  5106.236      57.0     0.331     -0.83                                        
  5106.239      26.0     4.909     -0.84                                        
  5106.306 112.00124     1.175     -3.28               1.999                    
  5106.306 112.00124     1.175     -3.30               1.999                    
  5106.340 112.00124     0.512     -2.43               1.999                    
  5106.359 112.00124     0.512     -0.62               1.999                    
  5106.385 112.00124     0.586     -2.99               1.999                    
  5106.418 112.00124     0.586     -2.97               1.999                    
  5106.458      26.0     4.603     -2.56                                        
  5106.481      25.1     5.988     -3.08                                        
  5106.502      24.0     4.189     -4.15                                        
  5106.519 112.00124     1.017     -2.26               1.999                    
  5106.530 112.00124     1.460     -2.37               1.999                    
  5106.573 112.00124     1.252     -2.05               1.999                    
  5106.573 112.00124     1.252     -2.08               1.999                    
  5106.576 112.00124     0.586      0.68               1.999                    
  5106.624      26.0     4.281     -3.95                                        
  5106.669      23.0     1.847     -7.05                                        
  5106.732 112.00124     0.408     -3.46               1.999                    
  5106.732 112.00124     0.408     -3.48               1.999                    
  5106.764 112.00124     1.109     -2.32               1.999                    
  5106.779 606.01212     2.280     -2.48               6.250                    
  5106.862 112.00124     0.190      0.15               1.999                    
  5106.887 112.00124     1.396      0.56               1.999                    
  5106.903 606.01212     1.607     -2.17               6.250                    
  5106.965 112.00124     0.190     -2.03               1.999                    
  5106.980 112.00124     0.510     -2.41               1.999                    
  5106.991 112.00124     0.510     -0.84               1.999                    
  5107.014 112.00124     1.134      0.14               1.999                    
  5107.066      44.0     1.588     -1.54                                        
  5107.092      25.1     7.376     -1.48                                        
  5107.104 112.00124     1.039     -2.27               1.999                    
  5107.110 112.00124     1.396     -2.16               1.999                    
  5107.162 606.01212     1.791     -2.15               6.250                    
  5107.235      22.0     1.748     -5.01                                        
  5107.245      26.1     6.204     -3.96                                        
  5107.249 112.00124     1.085     -2.30               1.999                    
  5107.321 112.00124     1.062     -2.29               1.999                    
  5107.334 112.00124     0.190      0.17               1.999                    
  5107.335 112.00124     1.396      0.57               1.999                    
  5107.342 112.00124     0.715     -2.56               1.999                    
  5107.342 112.00124     0.715     -2.60               1.999                    
  5107.358      21.0     1.994     -0.96                                        
  5107.400      64.1     1.287     -1.52                                 LAWLER 
  5107.447      26.0     0.989     -3.09                                        
  5107.451 112.00124     0.375     -0.44               1.999                    
  5107.463      26.1     7.689     -3.16                                        
