Ba II    5853.7           line list
  5851.624      42.0     2.834    -2.092
  5851.630      64.0     0.124    -1.077
  5852.003      92.0     0.552    -1.891
  5852.083      24.0     0.982    -4.837
  5852.151      23.0     4.228    -3.393
  5852.219      26.0     4.545    -1.330
  5852.245      22.0     3.212    -2.174
  5852.260      57.0     0.951    -1.120
  5852.314      26.0     5.096    -4.035
  5852.326      22.0     1.052    -2.441
  5852.627      59.1     1.253    -0.617
  5852.681      90.0     1.290    -1.751
  5852.996      24.0     5.645    -1.101
  5853.060      58.0     0.646    -0.496
  5853.078      22.0     3.177    -1.524
  5853.150      26.0     1.484    -5.280
  5853.345      58.0     0.396    -0.925
  5853.361      22.0     3.168    -3.798
  5853.463      24.0     4.446    -3.059
  5853.471      26.0     5.066    -3.595
  5853.494      23.0     1.944    -9.302
  5853.603      25.0     5.083    -3.456
  5853.686   56.1137     0.604    -2.066
  5853.687   56.1135     0.604    -2.066
  5853.687   56.1137     0.604    -2.009
  5853.688   56.1135     0.604    -2.009
  5853.689   56.1135     0.604    -2.215
  5853.689   56.1137     0.604    -2.215
  5853.690   56.1134     0.604    -1.010
  5853.690   56.1135     0.604    -2.620
  5853.690   56.1135     0.604    -1.914
  5853.690   56.1135     0.604    -1.466
  5853.690   56.1136     0.604    -1.010
  5853.690   56.1137     0.604    -2.620
  5853.690   56.1137     0.604    -1.914
  5853.690   56.1137     0.604    -1.466
  5853.690   56.1138     0.604    -1.010
  5853.691   56.1135     0.604    -2.215
  5853.692   56.1137     0.604    -2.215
  5853.693   56.1135     0.604    -2.009
  5853.693   56.1137     0.604    -2.009
  5853.694   56.1135     0.604    -2.066
  5853.694   56.1137     0.604    -2.066
  5853.670      58.0     0.295    -0.843
  5853.683      26.0     4.188    -2.346
  5853.725      26.1     2.674    -8.213
  5853.734      23.0     1.892    -1.899
  5853.903      92.1     0.217    -2.707
  5854.148      23.0     3.096    -1.381
  5854.294      42.0     3.393    -1.727
  5854.299      21.1     1.356    -5.787
  5854.349      24.0     3.119    -7.572
  5854.516      70.0     3.204    -0.580
  5854.560      24.0     5.651    -3.601
  5855.065      22.0     3.556    -3.928
  5855.076      26.0     4.604    -1.760
  5855.178      22.0     3.164    -2.862
  5855.215      64.1     1.597    -1.025
  5855.280      23.0     2.606    -4.213
  5855.304      68.0     0.000    -1.610
  5855.469      23.0     1.941    -1.674
  5855.575      57.0     0.373    -1.320
  5855.592      23.0     2.113    -5.540
  5855.846      23.1     2.513    -6.364
  5855.870      24.0     5.457    -4.201
  5855.873      22.0     3.291    -0.330
  5856.088      26.0     4.291    -1.640
  5856.124      27.0     3.407    -3.014
  5856.218      64.0     0.124    -0.973
  5856.437      24.0     2.706    -3.837
  5856.453      24.1     3.736    -7.250
  5856.597      74.0     2.600    -1.600
  5856.881      20.0     5.485    -3.407
  5856.948      64.1     1.133    -1.571
  5857.110      58.0     0.520    -0.512
  5857.451      20.0     2.930     0.230
  5857.746      28.0     4.164    -0.636
  5857.747      76.0     1.907    -1.600
