Pr II    5220.1       line list
  5217.381      23.1     2.508     -4.34                                        
  5217.389      26.0     3.209     -1.16                                        
  5217.403      23.0     3.795     -3.90                               KURNOHFS 
  5217.475      64.0     0.124     -1.39                                        
  5217.553      26.0     3.015     -6.36                                        
  5217.650      23.0     3.812     -1.73                               KURNOHFS 
  5217.672      25.0     4.751     -4.33                                        
  5217.692      26.0     3.981     -3.26                                        
  5217.711      58.1     0.808     -1.76                                 LAWLER 
  5217.808      25.1     7.752     -2.52                                        
  5217.919      26.0     3.637     -1.72                                        
  5217.932      26.0     4.984     -2.56                                        
  5217.932      28.0     4.102     -1.87                                        
  5218.040      22.1     7.755     -3.95                                        
  5218.084      22.0     2.394     -1.41                                        
  5218.115      20.0     5.045     -2.55                                        
  5218.189   23.0051     1.892     -5.23                                 KURHFS 
  5218.189   23.0051     1.892     -5.41                                 KURHFS 
  5218.190   29.0065     3.814     -0.73                                 KURHFS 
  5218.191   29.0063     3.814     -0.73                                 KURHFS 
  5218.192   29.0065     3.814     -0.41                                 KURHFS 
  5218.192   29.0065     3.814     -0.77                                 KURHFS 
  5218.193   29.0063     3.814     -0.41                                 KURHFS 
  5218.193   29.0063     3.814     -0.77                                 KURHFS 
  5218.196   29.0063     3.814     -0.16                                 KURHFS 
  5218.196   29.0063     3.814     -0.66                                 KURHFS 
  5218.196   29.0063     3.814     -1.73                                 KURHFS 
  5218.196   29.0065     3.814     -0.16                                 KURHFS 
  5218.196   29.0065     3.814     -0.66                                 KURHFS 
  5218.196   29.0065     3.814     -1.73                                 KURHFS 
  5218.202   29.0063     3.814      0.05                                 KURHFS 
  5218.202   29.0063     3.814     -0.76                                 KURHFS 
  5218.202   29.0063     3.814     -1.90                                 KURHFS 
  5218.202   29.0065     3.814      0.05                                 KURHFS 
  5218.202   29.0065     3.814     -0.76                                 KURHFS 
  5218.202   29.0065     3.814     -1.90                                 KURHFS 
  5218.211   23.0051     1.892     -5.11                                 KURHFS 
  5218.211   23.0051     1.892     -5.23                                 KURHFS 
  5218.241   23.0051     1.892     -5.11                                 KURHFS 
  5218.241   23.0051     1.892     -5.22                                 KURHFS 
  5218.241   23.0051     1.892     -5.43                                 KURHFS 
  5218.250      28.0     3.793     -2.29                                        
  5218.277   23.0051     1.892     -4.81                                 KURHFS 
  5218.277   23.0051     1.892     -5.22                                 KURHFS 
  5218.288      20.0     5.295     -4.85                                        
  5218.334      25.0     5.401     -2.73                                        
  5218.335      26.1     5.566     -2.83                                        
  5218.367      21.0     3.055     -4.25                               KURNOHFS 
  5218.432      73.0     0.249     -2.11                                        
  5218.446      22.0     3.291     -3.74                                        
  5218.505      26.0     4.577     -2.60                                        
  5218.527      90.1     0.908     -2.04                                        
  5218.755      20.0     5.296     -4.04                                        
  5218.863      21.0     2.507     -1.13                               KURNOHFS 
  5218.907   23.0051     1.847     -7.05                                 KURHFS 
  5218.907   23.0051     1.847     -7.31                                 KURHFS 
  5218.907   23.0051     1.847     -7.34                                 KURHFS 
  5218.908   23.0051     1.847     -6.87                                 KURHFS 
  5218.908   23.0051     1.847     -7.31                                 KURHFS 
  5218.908   23.0051     1.847     -7.36                                 KURHFS 
  5218.909   23.0051     1.847     -6.77                                 KURHFS 
  5218.909   23.0051     1.847     -6.92                                 KURHFS 
  5218.909   23.0051     1.847     -7.48                                 KURHFS 
  5218.909      24.0     3.844     -2.63                                        
  5218.910   23.0051     1.847     -6.67                                 KURHFS 
  5218.910   23.0051     1.847     -6.75                                 KURHFS 
  5218.910   23.0051     1.847     -7.71                                 KURHFS 
  5218.911   23.0051     1.847     -6.47                                 KURHFS 
  5218.911   23.0051     1.847     -6.81                                 KURHFS 
  5218.911   23.0051     1.847     -8.12                                 KURHFS 
  5218.913   23.0051     1.847     -6.30                                 KURHFS 
  5218.913   23.0051     1.847     -7.00                                 KURHFS 
  5218.915   23.0051     1.847     -6.16                                 KURHFS 
  5218.989      42.0     3.393     -1.70                                        
  5218.994   59.1141     0.795     -1.73                                 LI/LAW 
  5218.994   59.1141     0.795     -2.19                                 IV/LAW 
  5219.007      27.0     3.663     -1.04                               KURNOHFS 
  5219.010   59.1141     0.795     -1.53                                 LI/LAW 
  5219.010   59.1141     0.795     -1.99                                 IV/LAW 
  5219.025   59.1141     0.795     -1.49                                 LI/LAW 
  5219.025   59.1141     0.795     -1.94                                 IV/LAW 
  5219.038   59.1141     0.795     -1.54                                 LI/LAW 
  5219.038   59.1141     0.795     -1.99                                 IV/LAW 
  5219.042   59.1141     0.795     -0.26                                 LI/LAW 
  5219.042   59.1141     0.795     -0.72                                 IV/LAW 
  5219.051   59.1141     0.795     -1.74                                 LI/LAW 
  5219.051   59.1141     0.795     -2.19                                 IV/LAW 
  5219.053   59.1141     0.795     -0.34                                 LI/LAW 
  5219.053   59.1141     0.795     -0.79                                 IV/LAW 
  5219.063   59.1141     0.795     -0.41                                 LI/LAW 
  5219.063   59.1141     0.795     -0.87                                 IV/LAW 
  5219.072   59.1141     0.795     -0.48                                 LI/LAW 
  5219.072   59.1141     0.795     -0.93                                 IV/LAW 
  5219.078      41.0     1.177     -1.65                                        
  5219.079   59.1141     0.795     -0.54                                 LI/LAW 
  5219.079   59.1141     0.795     -0.99                                 IV/LAW 
  5219.085   59.1141     0.795     -0.58                                 LI/LAW 
  5219.085   59.1141     0.795     -1.03                                 IV/LAW 
  5219.102   59.1141     0.795     -1.73                                 LI/LAW 
  5219.102   59.1141     0.795     -2.19                                 IV/LAW 
  5219.105      25.1     6.181     -3.48                                        
  5219.106   59.1141     0.795     -1.53                                 LI/LAW 
  5219.106   59.1141     0.795     -1.99                                 IV/LAW 
  5219.110   59.1141     0.795     -1.49                                 LI/LAW 
  5219.110   59.1141     0.795     -1.94                                 IV/LAW 
  5219.110      90.0     1.005     -1.23                                        
  5219.112   59.1141     0.795     -1.54                                 LI/LAW 
  5219.112   59.1141     0.795     -1.99                                 IV/LAW 
  5219.113   59.1141     0.795     -1.74                                 LI/LAW 
  5219.113   59.1141     0.795     -2.19                                 IV/LAW 
  5219.398      42.0     2.756     -1.08                                        
  5219.405      64.0     0.841     -0.16                                        
  5219.489      22.0     2.394     -3.75                                        
  5219.502      22.0     3.106     -2.77                                        
  5219.527      23.0     3.795     -4.40                               KURNOHFS 
  5219.576      23.0     2.893     -4.20                               KURNOHFS 
  5219.626      21.0     2.507      0.32                               KURNOHFS 
  5219.634      22.0     2.394     -2.16                                        
  5219.691      24.0     3.110     -5.54                                        
  5219.702      22.0     0.021     -2.29                                        
  5219.844      25.0     4.191     -4.50                                        
  5219.853      24.0     4.183     -3.52                                        
  5220.000   59.1141     0.795     -3.77                                 IV/LAW 
  5220.018   59.1141     0.795     -3.46                                 IV/LAW 
  5220.034   59.1141     0.795     -3.41                                 IV/LAW 
  5220.047   59.1141     0.795     -1.89                                 IV/LAW 
  5220.049   59.1141     0.795     -3.60                                 IV/LAW 
  5220.059   29.0063     3.814     -1.65                                 KURHFS 
  5220.059   29.0065     3.814     -1.65                                 KURHFS 
  5220.060   59.1141     0.795     -1.69                                 IV/LAW 
  5220.061   29.0063     3.814     -1.45                                 KURHFS 
  5220.061   29.0063     3.814     -1.65                                 KURHFS 
  5220.061   29.0063     3.814     -2.05                                 KURHFS 
  5220.061   29.0065     3.814     -1.45                                 KURHFS 
  5220.061   29.0065     3.814     -1.65                                 KURHFS 
  5220.061   29.0065     3.814     -2.05                                 KURHFS 
  5220.065   29.0063     3.814     -1.35                                 KURHFS 
  5220.065   29.0063     3.814     -1.45                                 KURHFS 
  5220.065   29.0063     3.814     -1.51                                 KURHFS 
  5220.065   29.0065     3.814     -1.35                                 KURHFS 
  5220.065   29.0065     3.814     -1.45                                 KURHFS 
  5220.065   29.0065     3.814     -1.51                                 KURHFS 
  5220.070   29.0063     3.814     -0.90                                 KURHFS 
  5220.070   29.0063     3.814     -1.51                                 KURHFS 
  5220.070   29.0065     3.814     -0.90                                 KURHFS 
  5220.070   29.0065     3.814     -1.51                                 KURHFS 
  5220.071   59.1141     0.795     -1.65                                 IV/LAW 
  5220.081   59.1141     0.795     -1.70                                 IV/LAW 
  5220.089   59.1141     0.795     -1.90                                 IV/LAW 
  5220.093      22.0     3.407     -4.12                                        
  5220.100   59.1141     0.795     -0.37                                 IV/LAW 
  5220.107   59.1141     0.795     -0.42                                 IV/LAW 
  5220.113   59.1141     0.795     -0.48                                 IV/LAW 
  5220.118   59.1141     0.795     -0.54                                 IV/LAW 
  5220.122   59.1141     0.795     -0.60                                 IV/LAW 
  5220.124   59.1141     0.795     -0.66                                 IV/LAW 
  5220.210      26.0     4.183     -1.22                                        
  5220.258      22.0     2.332     -1.19                                        
  5220.285      28.0     3.737     -1.31                                        
  5220.290      64.1     1.250     -1.10                                 LAWLER 
  5220.320      66.1     2.390      0.00                                 LAWLER 
  5220.359      24.1     6.636     -4.58                                        
  5220.509      22.1     7.826     -3.12                                        
  5220.582      23.1     4.732     -4.50                                        
  5220.715      24.0     3.548     -4.57                                        
  5220.729      23.0     2.579     -4.37                               KURNOHFS 
  5220.744   21.0045     1.432     -5.93                                 KURHFS 
  5220.746   21.0045     1.432     -5.93                                 KURHFS 
  5220.746   21.0045     1.432     -6.11                                 KURHFS 
  5220.751   21.0045     1.432     -5.77                                 KURHFS 
  5220.751   21.0045     1.432     -6.23                                 KURHFS 
  5220.751   21.0045     1.432     -6.36                                 KURHFS 
  5220.756   21.0045     1.432     -5.76                                 KURHFS 
  5220.756   21.0045     1.432     -5.79                                 KURHFS 
  5220.756   21.0045     1.432     -6.79                                 KURHFS 
  5220.763   21.0045     1.432     -5.51                                 KURHFS 
  5220.763   21.0045     1.432     -5.92                                 KURHFS 
  5220.772   21.0045     1.432     -5.29                                 KURHFS 
  5220.772      24.0     4.436     -2.10                                        
  5220.784      24.0     5.270     -3.66                                        
  5220.910      24.0     3.382     -0.89                                 SOBECK 
  5220.937      25.1     7.751     -3.07                                        
  5221.036      26.0     4.291     -2.76                                        
  5221.080      22.0     1.979     -4.87                                        
  5221.117      62.0     1.808      0.22                                        
  5221.280      27.0     4.237     -1.39                                        
  5221.432      26.0     0.052     -6.48                                        
  5221.472      22.0     3.688     -2.09                                        
  5221.548      23.0     2.576     -5.56                               KURNOHFS 
  5221.572      60.1     0.380     -1.38                                        
  5221.590      24.0     5.645     -1.15                                        
  5221.752      24.0     3.373     -0.87                                        
  5221.760      26.0     3.271     -3.81                                        
  5221.783      20.0     5.295     -4.46                                        
  5221.896      15.0     6.980     -1.85                                        
  5221.904      58.0     0.302     -0.62                                        
  5222.196      38.0     2.250     -0.16                                        
  5222.216      24.1     4.380     -6.03                                        
  5222.250      20.0     5.296     -4.57                                        
  5222.323      22.0     2.479     -4.02                                        
  5222.346      22.0     0.812     -3.73                                        
  5222.380      20.0     5.736     -5.25                                        
  5222.395      24.0     3.432     -2.63                                        
  5222.395      26.0     2.277     -3.61                                        
  5222.473      26.1     7.562     -4.27                                        
  5222.486      27.0     3.968     -1.15                               KURNOHFS 
  5222.545      22.0     3.455     -4.16                                        
  5222.548      20.0     5.045     -4.33                                        
  5222.655      45.0     3.999      0.34                                        
  5222.666      24.0     2.706     -1.54                                        
  5222.674      22.0     2.083     -0.62                                        
  5222.751      27.0     3.527     -8.44                               KURNOHFS 
  5222.838      20.0     5.737     -5.13                                        
  5222.919      22.0     3.675     -2.78                                        
  5222.925      12.0     4.343     -3.51                                        
  5222.945      58.0     0.493     -0.43                                        
