Ba II   6496.9     line list
  6494.794      22.0     2.266    -3.735
  6494.888      59.0     1.082    -0.335
  6494.941      58.0     0.910    -1.071
  6494.980      26.0     2.402    -1.273
  6495.005      42.0     3.273    -2.293
  6495.167      23.0     1.711    -6.849
  6495.228      92.1     0.568    -3.179
  6495.349      22.0     3.567    -2.157
  6495.361      21.0     3.081    -0.977
  6495.576      60.1     1.348    -1.560
  6495.741      26.0     4.831    -0.940
  6495.959      24.0     4.774    -3.088
  6496.032      21.0     2.144    -3.965
  6496.201      27.0     4.568    -2.016
  6496.402      24.0     4.398    -4.071
  6496.437      44.0     3.408    -0.940
  6496.466      26.0     4.792    -0.570
  6496.480      22.1     3.121    -3.208
  6496.898   56.1137     0.604    -1.886
  6496.899   56.1135     0.604    -1.886
  6496.901   56.1137     0.604    -1.186
  6496.902   56.1135     0.604    -1.186
  6496.906   56.1135     0.604    -0.739
  6496.906   56.1137     0.604    -0.739
  6496.910   56.1134     0.604    -0.380
  6496.910   56.1136     0.604    -0.380
  6496.910   56.1138     0.604    -0.380
  6496.916   56.1135     0.604    -1.583
  6496.916   56.1137     0.604    -1.583
  6496.917   56.1135     0.604    -1.186
  6496.918   56.1137     0.604    -1.186
  6496.920   56.1135     0.604    -1.186
  6496.922   56.1137     0.604    -1.186
  6497.020      22.0     3.184    -3.238
  6497.603      23.0     2.706    -5.776
  6497.684      22.0     1.442    -2.085
  6497.852      41.0     0.619    -2.050
  6498.076      23.0     3.526    -4.633
  6498.165      57.1     2.528    -0.770
  6498.165      23.0     2.372    -3.479
  6498.655      62.1     1.063    -1.990
  6498.757      56.0     1.189     0.580
  6498.933      59.1     1.253    -1.087
  6498.938      26.0     0.957    -4.699
