Li I     6708.8        line list
  6700.355      20.0     5.485    -2.837
  6700.527      20.0     5.685    -4.927
  6700.639      66.1     1.839    -1.738
  6700.664      58.0     1.606     0.236
  6700.702      39.0     2.294    -0.430
  6700.810      24.0     4.851    -3.077
  6700.885      26.0     5.064    -3.651
  6700.890      28.0     4.263    -2.316
  6701.039      63.0     2.409    -0.610
  6701.048      27.0     1.881    -7.376
  6701.219      41.0     1.674    -1.480
  6701.248      26.1     6.133    -4.260
  6701.418      14.0     5.959    -4.510
  6701.496      26.0     5.269    -3.434
  6701.637      24.0     3.847    -1.773
  6701.749      68.0     2.110    -0.646
  6702.041      25.0     3.380    -5.159
  6702.093      64.1     2.309    -1.195
  6702.096      26.1     7.798    -4.671
  6702.140      40.0     1.442    -1.930
  6702.242      14.0     6.094    -4.410
  6702.373      23.0     2.860    -3.303
  6703.052      20.0     5.877    -3.616
  6703.059      42.0     4.200    -1.442
  6703.304      24.0     4.096    -3.805
  6703.420      26.0     3.639    -5.236
  6703.566      26.0     2.756    -3.160
  6703.609      62.0     2.187     0.089
  6703.704      25.0     5.871    -3.359
  6703.753      23.1     2.513    -5.202
  6703.897      27.0     4.912    -1.106
  6704.081       3.0     3.371    -3.561
  6704.081       3.0     3.371    -3.261
  6704.092      20.0     5.802    -3.471
  6704.133      26.1     7.839    -3.599
  6704.147      64.1     1.620    -1.831
  6704.149      24.0     5.258    -2.141
  6704.272      58.0     0.274    -0.953
  6704.288      25.1     6.490    -5.055
  6704.445      23.0     1.948    -5.349
  6704.480      26.0     4.214    -2.530
  6704.524      58.1     2.472    -0.511
  6704.612      22.0     3.321    -2.073
  6704.771      22.0     3.567    -3.005
  6704.949      20.0     5.817    -4.536
  6705.101      26.0     4.603    -1.470
  6705.134      26.0     4.952    -2.483
 6706.0200     14.00      5.95   -3.3710
 6706.2900     22.00      1.50   -3.0270
 6706.3880     25.00      5.88   -2.0840
 6706.7490    607.00      0.87   -1.7620                7.65
 6706.8690     20.00      5.88   -3.6910
 6707.0500     14.00      5.95   -3.6990
 6707.4410     26.00      4.61   -2.2500
 6707.4640    607.00      0.79   -3.1120                7.65
 6707.4730     62.10      0.93   -2.3790
 6707.5180     23.00      2.74   -1.9950
 6707.5210    607.00      2.17   -1.4280                7.65
 6707.5290    607.00      0.96   -1.6090                7.65
 6707.5290    607.00      2.01   -1.7850                7.65
 6707.5290    607.00      2.02   -1.7850                7.65
 6707.5360     44.00      2.90   -1.2400
 6707.5630     23.00      2.74   -1.5300
 6707.5660     55.00      1.80   -3.2650
 6707.6440     24.00      4.21   -2.1400
 6707.7520     21.00      4.05   -2.6720
 6707.7561     3.007      0.00   -0.4271
 6707.7682     3.007      0.00   -0.2062
 6707.7710     20.00      5.80   -4.0150
 6707.8160    607.00      1.21   -2.0487                7.65
 6707.9066     3.007      0.00   -0.9318
 6707.9080     3.007      0.00   -1.1612
 6707.9187     3.007      0.00   -0.7122
 6707.9196     3.006      0.00   -0.4789
 6707.9200     3.007      0.00   -0.9318
 6707.9230     3.006      0.00   -0.1778
 6708.0728     3.006      0.00   -0.3036
 6708.0990     58.10      0.71   -2.12
 6708.1000     23.00      1.22   -2.3340
 6708.3750    607.00      2.10   -1.9750                7.65
 6708.6090     26.00      5.45   -3.4050
 6708.8150     22.00      3.92   -0.0930
 6708.9670    607.00      0.89   -1.7400                7.65
 6709.0340    607.00      0.82   -2.1660                7.65
 6709.6100     40.00      0.51   -3.3970
 6709.7030    607.00      0.98   -1.9170                7.65
 6709.8700     20.00      2.93   -3.2550
 6709.8870    607.00      0.84   -2.1570                7.65
  6710.318      26.0     1.484    -4.880
  6710.395      78.0     4.679     0.310
  6710.435      63.0     2.696    -0.080
  6710.769      24.1     4.070    -5.615
  6710.794      14.0     6.094    -3.150
  6710.861      24.0     5.921    -3.683
  6711.024      22.0     0.848    -5.521
  6711.431      23.0     2.876    -3.225
  6711.553      25.0     3.376    -4.955
  6711.575      28.0     1.984    -3.807
  6711.594      20.0     5.879    -6.804
  6711.820      26.0     4.952    -1.745
  6712.270      60.0     1.820     0.140
  6712.440      26.0     4.984    -2.160
  6712.454      20.0     5.877    -4.300
  6712.487      20.0     5.667    -3.991
  6712.506      26.0     5.474    -1.551
  6712.598      62.1     1.492    -1.981
  6712.603      27.0     5.058    -1.024
  6712.674      26.0     2.586    -2.740
  6713.044      66.0     1.929    -0.967
  6713.046      26.0     4.603    -1.510
  6713.098      23.0     2.682    -2.570
  6713.147      39.0     2.667    -0.360
  6713.195      26.0     4.140    -2.501
  6713.371      22.0     3.348    -4.107
  6713.473      58.0     0.552    -1.377
  6713.482      72.0     2.002    -1.410
  6713.521      26.0     5.583    -4.067
  6713.743      26.0     4.792    -1.600
  6713.793      81.0     3.280    -1.390
  6713.970      90.0     0.788    -2.279
  6714.041      23.0     2.503    -6.845
