Ba II    6141.7      line list
  6139.713      26.0     4.590    -3.851
  6139.728      21.0     3.804    -3.684
  6139.861      26.0     4.253    -3.583
  6139.947      23.0     3.236    -1.353
  6139.992      23.0     3.645    -4.321
  6140.064      73.0     3.248    -0.530
  6140.486      24.0     3.885    -3.118
  6140.535      40.0     0.519    -1.410
  6140.599      62.0     1.910     0.064
  6140.618      25.0     4.357    -3.953
  6140.659      23.0     2.636    -6.166
  6140.739      71.0     2.659    -0.860
  6141.033      26.1     3.228    -5.104
  6141.154      24.0     3.884    -3.223
  6141.154      23.0     2.721    -5.180
  6141.384      23.1     2.599    -4.871
  6141.538      59.1     1.162    -0.852
  6141.597      26.0     4.183    -3.122
  6141.631      42.0     2.756    -2.549
  6141.640      22.0     2.486    -4.606
  6141.725   56.1135     0.704    -2.456
  6141.725   56.1137     0.704    -2.456
  6141.727   56.1135     0.704    -1.311
  6141.727   56.1137     0.704    -1.311
  6141.728   56.1135     0.704    -2.284
  6141.728   56.1137     0.704    -2.284
  6141.729   56.1135     0.704    -1.214
  6141.729   56.1135     0.704    -0.503
  6141.729   56.1137     0.704    -1.214
  6141.729   56.1137     0.704    -0.503
  6141.730   56.1134     0.704    -0.077
  6141.730   56.1136     0.704    -0.077
  6141.730   56.1138     0.704    -0.077
  6141.731      26.0     3.600    -1.610
  6141.731   56.1135     0.704    -1.327
  6141.731   56.1135     0.704    -0.709
  6141.731   56.1137     0.704    -1.327
  6141.731   56.1137     0.704    -0.709
  6141.732   56.1135     0.704    -1.281
  6141.732   56.1135     0.704    -0.959
  6141.732   56.1137     0.704    -0.959
  6141.733   56.1137     0.704    -1.281
  6141.734      22.0     3.321    -3.513
  6141.769      24.0     4.201    -2.491
  6141.836      24.0     3.884    -2.739
  6141.893      23.0     1.080    -3.784
  6142.027      28.0     4.150    -1.944
  6142.150      24.1     4.009    -7.635
  6142.237      24.0     3.885    -2.551
  6142.410      24.0     4.204    -4.273
  6142.486      24.1     4.771    -6.030
  6142.503      22.0     3.152    -3.064
  6142.536      24.0     3.886    -3.632
  6142.546      41.0     1.846    -1.430
  6142.825      23.0     4.228    -4.369
  6142.919      24.0     3.885    -2.907
  6142.928      58.0     0.552    -0.992
  6143.252      40.0     0.071    -1.100
  6143.320      24.0     4.774    -2.634
  6143.350      22.0     3.087    -2.326
  6143.376      58.1     1.694    -0.797
  6143.622      62.0     1.667    -0.439
  6143.648      27.0     1.048    -7.324
  6143.667      22.0     3.567    -3.726
  6143.686      26.0     4.981    -3.733
