O I     7773.0       line list
  7770.278      26.0     2.557     -4.42                                        
  7770.320      26.0     5.665     -3.13                                        
  7770.418      20.0     5.927     -3.79                                        
  7770.629      21.0     4.107     -3.70                                        
  7770.704      22.0     4.222     -3.35                                        
  7770.844      26.0     5.665     -3.74                                        
  7770.846      26.0     2.996     -9.17                                        
  7770.901      20.0     6.031     -3.94                                        
  7771.016      21.0     3.605     -0.18                                        
  7771.144      20.0     6.017     -5.03                                        
  7771.191      22.0     1.738     -4.89                                        
  7771.230      26.0     5.533     -3.60                                        
  7771.239      20.0     4.447     -1.30                                        
  7771.646      24.0     4.774     -0.70                                        
  7771.944       8.0     9.139     0.324
  7772.168      22.0     3.705     -1.91                                        
  7772.194      21.0     4.107     -4.01                                        
  7772.382      20.0     5.877     -1.74                                        
  7772.424      20.0     6.041     -2.24                                        
  7772.563      21.0     3.788     -4.05                                        
  7772.871      20.0     6.041     -6.95                                        
  7772.913      45.0     3.646      0.17                                        
  7772.943      25.1     6.663     -4.92                                        
  7772.995      26.0     3.412     -5.82                                        
  7773.031      26.0     5.825     -1.65                                        
  7773.040      20.0     6.007     -4.88                                        
  7773.052      60.1     0.000     -3.38                                        
  7773.064      20.0     6.041     -4.79                                        
  7773.300      25.0     4.791     -3.13                                        
  7773.755      20.0     4.438     -3.83                                        
  7773.885      22.0     2.332     -2.41                                        
  7774.062      26.0     5.008     -3.56                                        
  7774.166       8.0     9.139     0.174
  7774.249      20.0     6.017     -7.49                                        
  7774.424      20.0     6.017     -4.40                                        
  7774.715      23.0     3.313     -2.00                                        
  7774.867      24.0     6.171     -2.21                                        
  7774.979      24.0     4.614     -4.17                                        
  7775.189      22.0     3.706     -1.32                                        
  7775.235      26.0     5.845     -3.32                                        
  7775.337      21.0     3.862     -3.37                                        
  7775.388       8.0     9.139    -0.046
  7775.496      20.0     4.438     -2.23                                        
  7775.700      22.0     4.417     -2.88                                        
  7775.763      20.0     4.438     -1.35                                        
  7775.981      26.0     5.857     -2.58                                        
  7776.021      21.0     3.788     -3.19                                        
  7776.375      26.0     5.583     -2.54                                        
  7776.632      26.0     5.498     -3.06                                        
  7776.764      24.0     6.147     -1.91                                        
  7776.765      20.0     5.546     -7.76                                        
  7776.971      22.1     6.499     -2.79                                        
  7776.983      20.0     6.003     -6.16                                        
