Rb I   7800.2  line list
  7798.294      20.0     5.923    -2.518
  7798.346      60.1     1.224    -1.910
  7798.358      90.0     0.689    -2.640
  7798.520      26.1     6.212    -3.474
  7798.702      21.0     2.507    -1.950
  7798.818      26.0     6.140    -3.585
  7798.837      14.0     6.176    -2.070
  7798.897      26.0     3.015    -6.584
  7799.027      24.0     4.528    -1.808
  7799.152      20.0     6.000    -6.462
  7799.170      24.0     6.117    -3.849
  7799.170      20.0     6.022    -5.349
  7799.180      14.0     6.176     -1.70                                    ADJ
  7799.188      21.0     5.214    -1.452
  7799.363      30.0     6.912    -1.190
  7799.407      23.0     3.630    -2.757
  7799.426      20.0     6.000    -5.002
  7800.000      14.0     6.176     -0.79                                    ADJ
  7800.170      22.0     3.705    -0.962
  7800.259      37.0     0.000     0.137
  7800.405      21.0     2.507    -0.380
  7800.728      40.0     2.701    -0.960
  7801.041      12.0     5.927    -2.400
  7801.044      22.1     6.499    -2.014
  7801.139      42.0     3.185    -2.182
  7801.191      22.0     3.102    -2.301
  7801.235      26.1     5.900    -2.936
  7801.398      25.0     5.130    -3.745
  7801.544      62.0     1.542    -0.755
  7801.690      22.0     2.343    -2.705
  7802.137      26.0     5.857    -2.761
